#step,#updates,reviewer id,reviewer type,bid req,bidder selected,paper id,private_cost,previous demand,new demand,price,seen price,total seen price,previous bid,bid,positive bid,allocation,step 1 allocation,step 2 allocation,step 3 allocation,realized cost,total bid,total price,total realized cost,matching input json file
23,0,0,<bidder.IntegralGreedyBidder object at 0x00000280FFA40470>,5,True,0,0.40474492755964775,0.0,5.0,0.6,1,5.0,0.0,1.0,1,0.6,0.6,0.6,0.6,0.24284695653578864,5.0,4.1,10.962800694860722,sim_input.json
23,0,0,<bidder.IntegralGreedyBidder object at 0x00000280FFA40470>,5,True,1,3.1129788522040034,0.0,1.0,1,1,5.0,0.0,0.0,0,0.0872727272727273,0.0,0.0,0.0872727272727273,0.27167815437416765,5.0,4.1,10.962800694860722,sim_input.json
23,0,0,<bidder.IntegralGreedyBidder object at 0x00000280FFA40470>,5,True,2,7.152018098724376,0.0,4.0,0.75,1,5.0,0.0,0.0,0,0.0,0.0,0.0,0.0,0.0,5.0,4.1,10.962800694860722,sim_input.json
23,0,0,<bidder.IntegralGreedyBidder object at 0x00000280FFA40470>,5,True,3,0.0,0.0,3.0,1,1,5.0,0.0,0.0,0,0.0,0.0,0.0,0.0,0.0,5.0,4.1,10.962800694860722,sim_input.json
23,0,0,<bidder.IntegralGreedyBidder object at 0x00000280FFA40470>,5,True,4,6.49370827357277,0.0,5.0,0.6,1,5.0,0.0,0.0,0,0.0,0.0,0.0,0.0,0.0,5.0,4.1,10.962800694860722,sim_input.json
23,0,0,<bidder.IntegralGreedyBidder object at 0x00000280FFA40470>,5,True,5,2.7104103122595786,0.0,3.0,1,1,5.0,0.0,0.0,0,0.0,0.0,0.0,0.0,0.0,5.0,4.1,10.962800694860722,sim_input.json
23,0,0,<bidder.IntegralGreedyBidder object at 0x00000280FFA40470>,5,True,6,0.0,0.0,0.0,1,1,5.0,0.0,0.0,0,0.0,0.0,0.0,0.0,0.0,5.0,4.1,10.962800694860722,sim_input.json
23,0,0,<bidder.IntegralGreedyBidder object at 0x00000280FFA40470>,5,True,7,4.960833865930199,0.0,2.0,1,1,5.0,0.0,0.0,0,0.04363636363636365,0.0,0.0,0.04363636363636365,0.21647275051331782,5.0,4.1,10.962800694860722,sim_input.json
23,0,0,<bidder.IntegralGreedyBidder object at 0x00000280FFA40470>,5,True,8,2.3005669076477755,0.0,1.0,1,1,5.0,0.0,0.0,0,0.0872727272727273,0.0,0.0,0.0872727272727273,0.2007767483038059,5.0,4.1,10.962800694860722,sim_input.json
23,0,0,<bidder.IntegralGreedyBidder object at 0x00000280FFA40470>,5,True,9,2.5157467121518,0.0,4.0,0.75,1,5.0,0.0,0.0,0,0.0,0.0,0.0,0.0,0.0,5.0,4.1,10.962800694860722,sim_input.json
23,0,0,<bidder.IntegralGreedyBidder object at 0x00000280FFA40470>,5,True,10,3.7333861479385755,0.0,1.0,1,1,5.0,0.0,0.0,0,0.0872727272727273,0.0,0.0,0.0872727272727273,0.3258227910928212,5.0,4.1,10.962800694860722,sim_input.json
23,0,0,<bidder.IntegralGreedyBidder object at 0x00000280FFA40470>,5,True,11,0.0,0.0,1.0,1,1,5.0,0.0,0.0,0,0.0,0.0,0.0,0.0,0.0,5.0,4.1,10.962800694860722,sim_input.json
23,0,0,<bidder.IntegralGreedyBidder object at 0x00000280FFA40470>,5,True,12,4.341664884145883,0.0,3.0,1,1,5.0,0.0,0.0,0,0.0,0.0,0.0,0.0,0.0,5.0,4.1,10.962800694860722,sim_input.json
23,0,0,<bidder.IntegralGreedyBidder object at 0x00000280FFA40470>,5,True,13,2.354394332059072,0.0,6.0,0.5,1,5.0,0.0,0.0,0,0.0,0.0,0.0,0.0,0.0,5.0,4.1,10.962800694860722,sim_input.json
23,0,0,<bidder.IntegralGreedyBidder object at 0x00000280FFA40470>,5,True,14,1.1551207671020922,0.0,3.0,1,1,5.0,0.0,0.0,0,0.0,0.0,0.0,0.0,0.0,5.0,4.1,10.962800694860722,sim_input.json
23,0,0,<bidder.IntegralGreedyBidder object at 0x00000280FFA40470>,5,True,15,7.859242434556574,0.0,3.0,1,1,5.0,0.0,0.0,0,0.0,0.0,0.0,0.0,0.0,5.0,4.1,10.962800694860722,sim_input.json
23,0,0,<bidder.IntegralGreedyBidder object at 0x00000280FFA40470>,5,True,16,5.959086751932838,0.0,2.0,1,1,5.0,0.0,0.0,0,0.04363636363636365,0.0,0.0,0.04363636363636365,0.26003287644797846,5.0,4.1,10.962800694860722,sim_input.json
23,0,0,<bidder.IntegralGreedyBidder object at 0x00000280FFA40470>,5,True,17,0.0,0.0,1.0,1,1,5.0,0.0,0.0,0,0.0,0.0,0.0,0.0,0.0,5.0,4.1,10.962800694860722,sim_input.json
23,0,0,<bidder.IntegralGreedyBidder object at 0x00000280FFA40470>,5,True,18,1.1240683238667308,0.0,6.0,0.5,1,5.0,0.0,0.0,0,0.0,0.0,0.0,0.0,0.0,5.0,4.1,10.962800694860722,sim_input.json
23,0,0,<bidder.IntegralGreedyBidder object at 0x00000280FFA40470>,5,True,19,7.53314764909758,0.0,2.0,1,1,5.0,0.0,0.0,0,0.04363636363636365,0.0,0.0,0.04363636363636365,0.3287191701424399,5.0,4.1,10.962800694860722,sim_input.json
23,0,0,<bidder.IntegralGreedyBidder object at 0x00000280FFA40470>,5,True,20,5.682050372792104,0.0,0.0,1,1,5.0,0.0,0.0,0,0.13090909090909095,0.0,0.0,0.13090909090909095,0.7438320488018757,5.0,4.1,10.962800694860722,sim_input.json
23,0,0,<bidder.IntegralGreedyBidder object at 0x00000280FFA40470>,5,True,21,3.9064689749940946,0.0,1.0,1,1,5.0,0.0,0.0,0,0.0872727272727273,0.0,0.0,0.0872727272727273,0.34092820145403013,5.0,4.1,10.962800694860722,sim_input.json
23,0,0,<bidder.IntegralGreedyBidder object at 0x00000280FFA40470>,5,True,22,4.566546377988473,0.0,3.0,1,1,5.0,0.0,0.0,0,0.0,0.0,0.0,0.0,0.0,5.0,4.1,10.962800694860722,sim_input.json
23,0,0,<bidder.IntegralGreedyBidder object at 0x00000280FFA40470>,5,True,23,0.9258072951513721,0.0,1.0,1,1,5.0,0.0,0.0,0,0.0872727272727273,0.0,0.0,0.0872727272727273,0.08079772757684703,5.0,4.1,10.962800694860722,sim_input.json
23,0,0,<bidder.IntegralGreedyBidder object at 0x00000280FFA40470>,5,True,24,0.9364705880071014,0.0,2.0,1,1,5.0,0.0,0.0,0,0.04363636363636365,0.0,0.0,0.04363636363636365,0.04086417111303716,5.0,4.1,10.962800694860722,sim_input.json
23,0,0,<bidder.IntegralGreedyBidder object at 0x00000280FFA40470>,5,True,25,6.175383469304375,0.0,0.0,1,1,5.0,0.0,0.0,0,0.13090909090909095,0.0,0.0,0.13090909090909095,0.8084138359816638,5.0,4.1,10.962800694860722,sim_input.json
23,0,0,<bidder.IntegralGreedyBidder object at 0x00000280FFA40470>,5,True,26,1.4765410374372685,0.0,0.0,1,1,5.0,0.0,0.0,0,0.13090909090909095,0.0,0.0,0.13090909090909095,0.19329264490087883,5.0,4.1,10.962800694860722,sim_input.json
23,0,0,<bidder.IntegralGreedyBidder object at 0x00000280FFA40470>,5,True,27,5.6512373002824035,0.0,0.0,1,1,5.0,0.0,0.0,0,0.13090909090909095,0.0,0.0,0.13090909090909095,0.7397983374915148,5.0,4.1,10.962800694860722,sim_input.json
23,0,0,<bidder.IntegralGreedyBidder object at 0x00000280FFA40470>,5,True,28,0.6072289426266817,0.0,3.0,1,1,5.0,0.0,1.0,1,1.0,1.0,1.0,1.0,0.6072289426266817,5.0,4.1,10.962800694860722,sim_input.json
23,0,0,<bidder.IntegralGreedyBidder object at 0x00000280FFA40470>,5,True,29,0.20756510208076884,0.0,1.0,1,1,5.0,0.0,1.0,1,1.0,1.0,1.0,1.0,0.20756510208076884,5.0,4.1,10.962800694860722,sim_input.json
23,0,0,<bidder.IntegralGreedyBidder object at 0x00000280FFA40470>,5,True,30,0.5807758003235093,0.0,3.0,1,1,5.0,0.0,1.0,1,1.0,1.0,1.0,1.0,0.5807758003235093,5.0,4.1,10.962800694860722,sim_input.json
23,0,0,<bidder.IntegralGreedyBidder object at 0x00000280FFA40470>,5,True,31,3.7539921814128077,0.0,3.0,1,1,5.0,0.0,0.0,0,0.0,0.0,0.0,0.0,0.0,5.0,4.1,10.962800694860722,sim_input.json
23,0,0,<bidder.IntegralGreedyBidder object at 0x00000280FFA40470>,5,True,32,0.6699161157667464,0.0,4.0,0.75,1,5.0,0.0,0.0,0,0.0,0.0,0.0,0.0,0.0,5.0,4.1,10.962800694860722,sim_input.json
23,0,0,<bidder.IntegralGreedyBidder object at 0x00000280FFA40470>,5,True,33,0.0,0.0,2.0,1,1,5.0,0.0,0.0,0,0.0,0.0,0.0,0.0,0.0,5.0,4.1,10.962800694860722,sim_input.json
23,0,0,<bidder.IntegralGreedyBidder object at 0x00000280FFA40470>,5,True,34,4.647040145707326,0.0,4.0,0.75,1,5.0,0.0,0.0,0,0.0,0.0,0.0,0.0,0.0,5.0,4.1,10.962800694860722,sim_input.json
23,0,0,<bidder.IntegralGreedyBidder object at 0x00000280FFA40470>,5,True,35,7.950926914239851,0.0,2.0,1,1,5.0,0.0,0.0,0,0.04363636363636365,0.0,0.0,0.04363636363636365,0.3469495380759208,5.0,4.1,10.962800694860722,sim_input.json
23,0,0,<bidder.IntegralGreedyBidder object at 0x00000280FFA40470>,5,True,36,7.459477340143826,0.0,1.0,1,1,5.0,0.0,0.0,0,0.0872727272727273,0.0,0.0,0.0872727272727273,0.6510089315034613,5.0,4.1,10.962800694860722,sim_input.json
23,0,0,<bidder.IntegralGreedyBidder object at 0x00000280FFA40470>,5,True,37,0.07174413530750723,0.0,6.0,0.5,1,5.0,0.0,1.0,1,0.5,0.5,0.5,0.5,0.035872067653753614,5.0,4.1,10.962800694860722,sim_input.json
23,0,0,<bidder.IntegralGreedyBidder object at 0x00000280FFA40470>,5,True,38,7.84138769731078,0.0,3.0,1,1,5.0,0.0,0.0,0,0.0,0.0,0.0,0.0,0.0,5.0,4.1,10.962800694860722,sim_input.json
23,0,0,<bidder.IntegralGreedyBidder object at 0x00000280FFA40470>,5,True,39,6.5278345893843115,0.0,2.0,1,1,5.0,0.0,0.0,0,0.04363636363636365,0.0,0.0,0.04363636363636365,0.2848509639004064,5.0,4.1,10.962800694860722,sim_input.json
23,0,0,<bidder.IntegralGreedyBidder object at 0x00000280FFA40470>,5,True,40,1.868903540700209,0.0,2.0,1,1,5.0,0.0,0.0,0,0.04363636363636365,0.0,0.0,0.04363636363636365,0.08155215450328186,5.0,4.1,10.962800694860722,sim_input.json
23,0,0,<bidder.IntegralGreedyBidder object at 0x00000280FFA40470>,5,True,41,5.802148773557635,0.0,1.0,1,1,5.0,0.0,0.0,0,0.0872727272727273,0.0,0.0,0.0872727272727273,0.5063693475104846,5.0,4.1,10.962800694860722,sim_input.json
23,0,0,<bidder.IntegralGreedyBidder object at 0x00000280FFA40470>,5,True,42,4.165462913760967,0.0,3.0,1,1,5.0,0.0,0.0,0,0.0,0.0,0.0,0.0,0.0,5.0,4.1,10.962800694860722,sim_input.json
23,0,0,<bidder.IntegralGreedyBidder object at 0x00000280FFA40470>,5,True,43,7.836203455899966,0.0,4.0,0.75,1,5.0,0.0,0.0,0,0.0,0.0,0.0,0.0,0.0,5.0,4.1,10.962800694860722,sim_input.json
23,0,0,<bidder.IntegralGreedyBidder object at 0x00000280FFA40470>,5,True,44,0.8140080107956215,0.0,1.0,1,1,5.0,0.0,0.0,0,0.0872727272727273,0.0,0.0,0.0872727272727273,0.07104069912398153,5.0,4.1,10.962800694860722,sim_input.json
23,0,0,<bidder.IntegralGreedyBidder object at 0x00000280FFA40470>,5,True,45,5.976926182553732,0.0,1.0,1,1,5.0,0.0,0.0,0,0.0872727272727273,0.0,0.0,0.0872727272727273,0.5216226486592349,5.0,4.1,10.962800694860722,sim_input.json
23,0,0,<bidder.IntegralGreedyBidder object at 0x00000280FFA40470>,5,True,46,6.708591144122919,0.0,0.0,1,1,5.0,0.0,0.0,0,0.13090909090909095,0.0,0.0,0.13090909090909095,0.8782155679579097,5.0,4.1,10.962800694860722,sim_input.json
23,0,0,<bidder.IntegralGreedyBidder object at 0x00000280FFA40470>,5,True,47,6.862732664536702,0.0,3.0,1,1,5.0,0.0,0.0,0,0.0,0.0,0.0,0.0,0.0,5.0,4.1,10.962800694860722,sim_input.json
23,0,0,<bidder.IntegralGreedyBidder object at 0x00000280FFA40470>,5,True,48,6.474166071590236,0.0,2.0,1,1,5.0,0.0,0.0,0,0.04363636363636365,0.0,0.0,0.04363636363636365,0.28250906494211947,5.0,4.1,10.962800694860722,sim_input.json
23,0,0,<bidder.IntegralGreedyBidder object at 0x00000280FFA40470>,5,True,49,2.9185189517340486,0.0,2.0,1,1,5.0,0.0,0.0,0,0.04363636363636365,0.0,0.0,0.04363636363636365,0.1273535542574858,5.0,4.1,10.962800694860722,sim_input.json
23,0,0,<bidder.IntegralGreedyBidder object at 0x00000280FFA40470>,5,True,50,7.528964491060475,0.0,0.0,1,1,5.0,0.0,0.0,0,0.13090909090909095,0.0,0.0,0.13090909090909095,0.9856098970115534,5.0,4.1,10.962800694860722,sim_input.json
23,0,0,<bidder.IntegralGreedyBidder object at 0x00000280FFA40470>,5,True,51,2.9249939971740844,0.0,4.0,0.75,1,5.0,0.0,0.0,0,0.0,0.0,0.0,0.0,0.0,5.0,4.1,10.962800694860722,sim_input.json
23,0,1,<bidder.IntegralGreedyBidder object at 0x0000028086D3F9B0>,5,True,0,0.6575057478488306,0.0,5.0,0.6,1,5.0,0.0,1.0,1,0.6,0.6,0.6,0.6,0.3945034487092984,5.0,3.85,12.972472330225287,sim_input.json
23,0,1,<bidder.IntegralGreedyBidder object at 0x0000028086D3F9B0>,5,True,1,5.2000224004375335,0.0,1.0,1,1,5.0,0.0,0.0,0,0.09636363636363637,0.0,0.0,0.09636363636363637,0.501093067678526,5.0,3.85,12.972472330225287,sim_input.json
23,0,1,<bidder.IntegralGreedyBidder object at 0x0000028086D3F9B0>,5,True,2,1.17871012897366,0.0,4.0,0.75,1,5.0,0.0,0.0,0,0.0,0.0,0.0,0.0,0.0,5.0,3.85,12.972472330225287,sim_input.json
23,0,1,<bidder.IntegralGreedyBidder object at 0x0000028086D3F9B0>,5,True,3,0.9777662818456491,0.0,3.0,1,1,5.0,0.0,0.0,0,0.0,0.0,0.0,0.0,0.0,5.0,3.85,12.972472330225287,sim_input.json
23,0,1,<bidder.IntegralGreedyBidder object at 0x0000028086D3F9B0>,5,True,4,3.989235697366923,0.0,5.0,0.6,1,5.0,0.0,0.0,0,0.0,0.0,0.0,0.0,0.0,5.0,3.85,12.972472330225287,sim_input.json
23,0,1,<bidder.IntegralGreedyBidder object at 0x0000028086D3F9B0>,5,True,5,5.102565209129395,0.0,3.0,1,1,5.0,0.0,0.0,0,0.0,0.0,0.0,0.0,0.0,5.0,3.85,12.972472330225287,sim_input.json
23,0,1,<bidder.IntegralGreedyBidder object at 0x0000028086D3F9B0>,5,True,6,6.40959758082949,0.0,0.0,1,1,5.0,0.0,0.0,0,0.14454545454545456,0.0,0.0,0.14454545454545456,0.9264781957744446,5.0,3.85,12.972472330225287,sim_input.json
23,0,1,<bidder.IntegralGreedyBidder object at 0x0000028086D3F9B0>,5,True,7,4.839341439659255,0.0,2.0,1,1,5.0,0.0,0.0,0,0.04818181818181819,0.0,0.0,0.04818181818181819,0.2331682693654005,5.0,3.85,12.972472330225287,sim_input.json
23,0,1,<bidder.IntegralGreedyBidder object at 0x0000028086D3F9B0>,5,True,8,7.601683711145476,0.0,1.0,1,1,5.0,0.0,0.0,0,0.09636363636363637,0.0,0.0,0.09636363636363637,0.7325258848922005,5.0,3.85,12.972472330225287,sim_input.json
23,0,1,<bidder.IntegralGreedyBidder object at 0x0000028086D3F9B0>,5,True,9,0.268510241556113,0.0,4.0,0.75,1,5.0,0.0,1.0,1,0.75,0.75,0.75,0.75,0.20138268116708477,5.0,3.85,12.972472330225287,sim_input.json
23,0,1,<bidder.IntegralGreedyBidder object at 0x0000028086D3F9B0>,5,True,10,1.4092108184134209,0.0,1.0,1,1,5.0,0.0,0.0,0,0.09636363636363637,0.0,0.0,0.09636363636363637,0.13579667886529329,5.0,3.85,12.972472330225287,sim_input.json
23,0,1,<bidder.IntegralGreedyBidder object at 0x0000028086D3F9B0>,5,True,11,0.9488580586641294,0.0,1.0,1,1,5.0,0.0,0.0,0,0.09636363636363637,0.0,0.0,0.09636363636363637,0.09143541292581611,5.0,3.85,12.972472330225287,sim_input.json
23,0,1,<bidder.IntegralGreedyBidder object at 0x0000028086D3F9B0>,5,True,12,5.278105336859403,0.0,3.0,1,1,5.0,0.0,0.0,0,0.0,0.0,0.0,0.0,0.0,5.0,3.85,12.972472330225287,sim_input.json
23,0,1,<bidder.IntegralGreedyBidder object at 0x0000028086D3F9B0>,5,True,13,6.649402695398994,0.0,6.0,0.5,1,5.0,0.0,0.0,0,0.0,0.0,0.0,0.0,0.0,5.0,3.85,12.972472330225287,sim_input.json
23,0,1,<bidder.IntegralGreedyBidder object at 0x0000028086D3F9B0>,5,True,14,4.369106829452829,0.0,3.0,1,1,5.0,0.0,0.0,0,0.0,0.0,0.0,0.0,0.0,5.0,3.85,12.972472330225287,sim_input.json
23,0,1,<bidder.IntegralGreedyBidder object at 0x0000028086D3F9B0>,5,True,15,7.156052518555271,0.0,3.0,1,1,5.0,0.0,0.0,0,0.0,0.0,0.0,0.0,0.0,5.0,3.85,12.972472330225287,sim_input.json
23,0,1,<bidder.IntegralGreedyBidder object at 0x0000028086D3F9B0>,5,True,16,3.3554711181286097,0.0,2.0,1,1,5.0,0.0,0.0,0,0.04818181818181819,0.0,0.0,0.04818181818181819,0.16167269932801484,5.0,3.85,12.972472330225287,sim_input.json
23,0,1,<bidder.IntegralGreedyBidder object at 0x0000028086D3F9B0>,5,True,17,1.2233566067373052,0.0,1.0,1,1,5.0,0.0,0.0,0,0.09636363636363637,0.0,0.0,0.09636363636363637,0.11788709119468578,5.0,3.85,12.972472330225287,sim_input.json
23,0,1,<bidder.IntegralGreedyBidder object at 0x0000028086D3F9B0>,5,True,18,0.2798323299377907,0.0,6.0,0.5,1,5.0,0.0,1.0,1,0.5,0.5,0.5,0.5,0.13991616496889536,5.0,3.85,12.972472330225287,sim_input.json
23,0,1,<bidder.IntegralGreedyBidder object at 0x0000028086D3F9B0>,5,True,19,4.833507476488093,0.0,2.0,1,1,5.0,0.0,0.0,0,0.04818181818181819,0.0,0.0,0.04818181818181819,0.23288717841260817,5.0,3.85,12.972472330225287,sim_input.json
23,0,1,<bidder.IntegralGreedyBidder object at 0x0000028086D3F9B0>,5,True,20,5.249551678033292,0.0,0.0,1,1,5.0,0.0,0.0,0,0.14454545454545456,0.0,0.0,0.14454545454545456,0.7587988334611759,5.0,3.85,12.972472330225287,sim_input.json
23,0,1,<bidder.IntegralGreedyBidder object at 0x0000028086D3F9B0>,5,True,21,7.089943252234851,0.0,1.0,1,1,5.0,0.0,0.0,0,0.09636363636363637,0.0,0.0,0.09636363636363637,0.6832127133971766,5.0,3.85,12.972472330225287,sim_input.json
23,0,1,<bidder.IntegralGreedyBidder object at 0x0000028086D3F9B0>,5,True,22,0.5995949761430923,0.0,3.0,1,1,5.0,0.0,1.0,1,1.0,1.0,1.0,1.0,0.5995949761430923,5.0,3.85,12.972472330225287,sim_input.json
23,0,1,<bidder.IntegralGreedyBidder object at 0x0000028086D3F9B0>,5,True,23,5.300902595137463,0.0,1.0,1,1,5.0,0.0,0.0,0,0.09636363636363637,0.0,0.0,0.09636363636363637,0.5108142500768829,5.0,3.85,12.972472330225287,sim_input.json
23,0,1,<bidder.IntegralGreedyBidder object at 0x0000028086D3F9B0>,5,True,24,5.040931535589814,0.0,2.0,1,1,5.0,0.0,0.0,0,0.04818181818181819,0.0,0.0,0.04818181818181819,0.24288124671478198,5.0,3.85,12.972472330225287,sim_input.json
23,0,1,<bidder.IntegralGreedyBidder object at 0x0000028086D3F9B0>,5,True,25,4.830813096039857,0.0,0.0,1,1,5.0,0.0,0.0,0,0.14454545454545456,0.0,0.0,0.14454545454545456,0.6982720747912158,5.0,3.85,12.972472330225287,sim_input.json
23,0,1,<bidder.IntegralGreedyBidder object at 0x0000028086D3F9B0>,5,True,26,4.682908887360497,0.0,0.0,1,1,5.0,0.0,0.0,0,0.14454545454545456,0.0,0.0,0.14454545454545456,0.676893193718472,5.0,3.85,12.972472330225287,sim_input.json
23,0,1,<bidder.IntegralGreedyBidder object at 0x0000028086D3F9B0>,5,True,27,2.4322850068261985,0.0,0.0,1,1,5.0,0.0,0.0,0,0.14454545454545456,0.0,0.0,0.14454545454545456,0.3515757418957869,5.0,3.85,12.972472330225287,sim_input.json
23,0,1,<bidder.IntegralGreedyBidder object at 0x0000028086D3F9B0>,5,True,28,0.11795869413191562,0.0,3.0,1,1,5.0,0.0,1.0,1,1.0,1.0,1.0,1.0,0.11795869413191562,5.0,3.85,12.972472330225287,sim_input.json
23,0,1,<bidder.IntegralGreedyBidder object at 0x0000028086D3F9B0>,5,True,29,1.6634714905431562,0.0,1.0,1,1,5.0,0.0,0.0,0,0.09636363636363637,0.0,0.0,0.09636363636363637,0.1602981618159769,5.0,3.85,12.972472330225287,sim_input.json
23,0,1,<bidder.IntegralGreedyBidder object at 0x0000028086D3F9B0>,5,True,30,5.017933348306916,0.0,3.0,1,1,5.0,0.0,0.0,0,0.0,0.0,0.0,0.0,0.0,5.0,3.85,12.972472330225287,sim_input.json
23,0,1,<bidder.IntegralGreedyBidder object at 0x0000028086D3F9B0>,5,True,31,2.441631260418172,0.0,3.0,1,1,5.0,0.0,0.0,0,0.0,0.0,0.0,0.0,0.0,5.0,3.85,12.972472330225287,sim_input.json
23,0,1,<bidder.IntegralGreedyBidder object at 0x0000028086D3F9B0>,5,True,32,6.0412207485307095,0.0,4.0,0.75,1,5.0,0.0,0.0,0,0.0,0.0,0.0,0.0,0.0,5.0,3.85,12.972472330225287,sim_input.json
23,0,1,<bidder.IntegralGreedyBidder object at 0x0000028086D3F9B0>,5,True,33,3.2992885128576237,0.0,2.0,1,1,5.0,0.0,0.0,0,0.04818181818181819,0.0,0.0,0.04818181818181819,0.15896571925586733,5.0,3.85,12.972472330225287,sim_input.json
23,0,1,<bidder.IntegralGreedyBidder object at 0x0000028086D3F9B0>,5,True,34,0.0,0.0,4.0,0.75,1,5.0,0.0,0.0,0,0.0,0.0,0.0,0.0,0.0,5.0,3.85,12.972472330225287,sim_input.json
23,0,1,<bidder.IntegralGreedyBidder object at 0x0000028086D3F9B0>,5,True,35,3.903307294819018,0.0,2.0,1,1,5.0,0.0,0.0,0,0.04818181818181819,0.0,0.0,0.04818181818181819,0.1880684423867345,5.0,3.85,12.972472330225287,sim_input.json
23,0,1,<bidder.IntegralGreedyBidder object at 0x0000028086D3F9B0>,5,True,36,1.5609661350212996,0.0,1.0,1,1,5.0,0.0,0.0,0,0.09636363636363637,0.0,0.0,0.09636363636363637,0.15042037301114342,5.0,3.85,12.972472330225287,sim_input.json
23,0,1,<bidder.IntegralGreedyBidder object at 0x0000028086D3F9B0>,5,True,37,7.857223288372322,0.0,6.0,0.5,1,5.0,0.0,0.0,0,0.0,0.0,0.0,0.0,0.0,5.0,3.85,12.972472330225287,sim_input.json
23,0,1,<bidder.IntegralGreedyBidder object at 0x0000028086D3F9B0>,5,True,38,4.216588338667611,0.0,3.0,1,1,5.0,0.0,0.0,0,0.0,0.0,0.0,0.0,0.0,5.0,3.85,12.972472330225287,sim_input.json
23,0,1,<bidder.IntegralGreedyBidder object at 0x0000028086D3F9B0>,5,True,39,7.872234257446798,0.0,2.0,1,1,5.0,0.0,0.0,0,0.04818181818181819,0.0,0.0,0.04818181818181819,0.3792985596769821,5.0,3.85,12.972472330225287,sim_input.json
23,0,1,<bidder.IntegralGreedyBidder object at 0x0000028086D3F9B0>,5,True,40,0.9774441952486184,0.0,2.0,1,1,5.0,0.0,0.0,0,0.04818181818181819,0.0,0.0,0.04818181818181819,0.047095038498342526,5.0,3.85,12.972472330225287,sim_input.json
23,0,1,<bidder.IntegralGreedyBidder object at 0x0000028086D3F9B0>,5,True,41,6.58458421617252,0.0,1.0,1,1,5.0,0.0,0.0,0,0.09636363636363637,0.0,0.0,0.09636363636363637,0.6345144790129884,5.0,3.85,12.972472330225287,sim_input.json
23,0,1,<bidder.IntegralGreedyBidder object at 0x0000028086D3F9B0>,5,True,42,4.826936213892162,0.0,3.0,1,1,5.0,0.0,0.0,0,0.0,0.0,0.0,0.0,0.0,5.0,3.85,12.972472330225287,sim_input.json
23,0,1,<bidder.IntegralGreedyBidder object at 0x0000028086D3F9B0>,5,True,43,2.754073533004644,0.0,4.0,0.75,1,5.0,0.0,0.0,0,0.0,0.0,0.0,0.0,0.0,5.0,3.85,12.972472330225287,sim_input.json
23,0,1,<bidder.IntegralGreedyBidder object at 0x0000028086D3F9B0>,5,True,44,6.036024093542144,0.0,1.0,1,1,5.0,0.0,0.0,0,0.09636363636363637,0.0,0.0,0.09636363636363637,0.5816532308322431,5.0,3.85,12.972472330225287,sim_input.json
23,0,1,<bidder.IntegralGreedyBidder object at 0x0000028086D3F9B0>,5,True,45,2.420916884235319,0.0,1.0,1,1,5.0,0.0,0.0,0,0.09636363636363637,0.0,0.0,0.09636363636363637,0.23328835429903982,5.0,3.85,12.972472330225287,sim_input.json
23,0,1,<bidder.IntegralGreedyBidder object at 0x0000028086D3F9B0>,5,True,46,4.613448907515634,0.0,0.0,1,1,5.0,0.0,0.0,0,0.14454545454545456,0.0,0.0,0.14454545454545456,0.6668530693590781,5.0,3.85,12.972472330225287,sim_input.json
23,0,1,<bidder.IntegralGreedyBidder object at 0x0000028086D3F9B0>,5,True,47,2.6721318116013535,0.0,3.0,1,1,5.0,0.0,0.0,0,0.0,0.0,0.0,0.0,0.0,5.0,3.85,12.972472330225287,sim_input.json
23,0,1,<bidder.IntegralGreedyBidder object at 0x0000028086D3F9B0>,5,True,48,7.850237254865233,0.0,2.0,1,1,5.0,0.0,0.0,0,0.04818181818181819,0.0,0.0,0.04818181818181819,0.37823870409805216,5.0,3.85,12.972472330225287,sim_input.json
23,0,1,<bidder.IntegralGreedyBidder object at 0x0000028086D3F9B0>,5,True,49,4.079458528264674,0.0,2.0,1,1,5.0,0.0,0.0,0,0.04818181818181819,0.0,0.0,0.04818181818181819,0.19655572908911612,5.0,3.85,12.972472330225287,sim_input.json
23,0,1,<bidder.IntegralGreedyBidder object at 0x0000028086D3F9B0>,5,True,50,4.76302747424308,0.0,0.0,1,1,5.0,0.0,0.0,0,0.14454545454545456,0.0,0.0,0.14454545454545456,0.6884739712769543,5.0,3.85,12.972472330225287,sim_input.json
23,0,1,<bidder.IntegralGreedyBidder object at 0x0000028086D3F9B0>,5,True,51,7.8802531805707865,0.0,4.0,0.75,1,5.0,0.0,0.0,0,0.0,0.0,0.0,0.0,0.0,5.0,3.85,12.972472330225287,sim_input.json
23,0,2,<bidder.UniformBidder object at 0x0000028086D3F6D8>,5,True,0,3.4874982891958286,0.0,5.0,0.6,1,5.0,0.0,0.0,0,0.0,0.0,0.0,0.0,0.0,5.0,4.25,13.77616751759308,sim_input.json
23,0,2,<bidder.UniformBidder object at 0x0000028086D3F6D8>,5,True,1,6.200198268438893,0.0,1.0,1,1,5.0,0.0,0.0,0,0.08181818181818183,0.0,0.0,0.08181818181818183,0.5072889492359095,5.0,4.25,13.77616751759308,sim_input.json
23,0,2,<bidder.UniformBidder object at 0x0000028086D3F6D8>,5,True,2,0.9815633010536252,0.0,4.0,0.75,1,5.0,0.0,1.0,1,0.75,0.75,0.75,0.75,0.7361724757902189,5.0,4.25,13.77616751759308,sim_input.json
23,0,2,<bidder.UniformBidder object at 0x0000028086D3F6D8>,5,True,3,4.013055990741604,0.0,3.0,1,1,5.0,0.0,0.0,0,0.0,0.0,0.0,0.0,0.0,5.0,4.25,13.77616751759308,sim_input.json
23,0,2,<bidder.UniformBidder object at 0x0000028086D3F6D8>,5,True,4,6.46153401755921,0.0,5.0,0.6,1,5.0,0.0,0.0,0,0.0,0.0,0.0,0.0,0.0,5.0,4.25,13.77616751759308,sim_input.json
23,0,2,<bidder.UniformBidder object at 0x0000028086D3F6D8>,5,True,5,6.75520722480911,0.0,3.0,1,1,5.0,0.0,0.0,0,0.0,0.0,0.0,0.0,0.0,5.0,4.25,13.77616751759308,sim_input.json
23,0,2,<bidder.UniformBidder object at 0x0000028086D3F6D8>,5,True,6,6.340124428520772,0.0,0.0,1,1,5.0,0.0,0.0,0,0.12272727272727274,0.0,0.0,0.12272727272727274,0.7781061798639131,5.0,4.25,13.77616751759308,sim_input.json
23,0,2,<bidder.UniformBidder object at 0x0000028086D3F6D8>,5,True,7,1.5312366807868287,0.0,2.0,1,1,5.0,0.0,0.0,0,0.040909090909090916,0.0,0.0,0.040909090909090916,0.062641500577643,5.0,4.25,13.77616751759308,sim_input.json
23,0,2,<bidder.UniformBidder object at 0x0000028086D3F6D8>,5,True,8,4.331717761866408,0.0,1.0,1,1,5.0,0.0,0.0,0,0.08181818181818183,0.0,0.0,0.08181818181818183,0.3544132714254334,5.0,4.25,13.77616751759308,sim_input.json
23,0,2,<bidder.UniformBidder object at 0x0000028086D3F6D8>,5,True,9,2.755797751770463,0.0,4.0,0.75,1,5.0,0.0,0.0,0,0.0,0.0,0.0,0.0,0.0,5.0,4.25,13.77616751759308,sim_input.json
23,0,2,<bidder.UniformBidder object at 0x0000028086D3F6D8>,5,True,10,3.7449188230411927,0.0,1.0,1,1,5.0,0.0,0.0,0,0.08181818181818183,0.0,0.0,0.08181818181818183,0.3064024491579158,5.0,4.25,13.77616751759308,sim_input.json
23,0,2,<bidder.UniformBidder object at 0x0000028086D3F6D8>,5,True,11,5.922362804052556,0.0,1.0,1,1,5.0,0.0,0.0,0,0.08181818181818183,0.0,0.0,0.08181818181818183,0.4845569566952092,5.0,4.25,13.77616751759308,sim_input.json
23,0,2,<bidder.UniformBidder object at 0x0000028086D3F6D8>,5,True,12,0.9179070526887595,0.0,3.0,1,1,5.0,0.0,1.0,1,1.0,1.0,1.0,1.0,0.9179070526887595,5.0,4.25,13.77616751759308,sim_input.json
23,0,2,<bidder.UniformBidder object at 0x0000028086D3F6D8>,5,True,13,0.0,0.0,6.0,0.5,1,5.0,0.0,0.0,0,0.0,0.0,0.0,0.0,0.0,5.0,4.25,13.77616751759308,sim_input.json
23,0,2,<bidder.UniformBidder object at 0x0000028086D3F6D8>,5,True,14,1.3599052607005282,0.0,3.0,1,1,5.0,0.0,1.0,1,1.0,1.0,1.0,1.0,1.3599052607005282,5.0,4.25,13.77616751759308,sim_input.json
23,0,2,<bidder.UniformBidder object at 0x0000028086D3F6D8>,5,True,15,0.4130229953056712,0.0,3.0,1,1,5.0,0.0,1.0,1,1.0,1.0,1.0,1.0,0.4130229953056712,5.0,4.25,13.77616751759308,sim_input.json
23,0,2,<bidder.UniformBidder object at 0x0000028086D3F6D8>,5,True,16,0.0,0.0,2.0,1,1,5.0,0.0,0.0,0,0.0,0.0,0.0,0.0,0.0,5.0,4.25,13.77616751759308,sim_input.json
23,0,2,<bidder.UniformBidder object at 0x0000028086D3F6D8>,5,True,17,0.0,0.0,1.0,1,1,5.0,0.0,0.0,0,0.0,0.0,0.0,0.0,0.0,5.0,4.25,13.77616751759308,sim_input.json
23,0,2,<bidder.UniformBidder object at 0x0000028086D3F6D8>,5,True,18,4.870140196816825,0.0,6.0,0.5,1,5.0,0.0,0.0,0,0.0,0.0,0.0,0.0,0.0,5.0,4.25,13.77616751759308,sim_input.json
23,0,2,<bidder.UniformBidder object at 0x0000028086D3F6D8>,5,True,19,2.3262699573745804,0.0,2.0,1,1,5.0,0.0,0.0,0,0.040909090909090916,0.0,0.0,0.040909090909090916,0.09516558916532376,5.0,4.25,13.77616751759308,sim_input.json
23,0,2,<bidder.UniformBidder object at 0x0000028086D3F6D8>,5,True,20,7.078765081773668,0.0,0.0,1,1,5.0,0.0,0.0,0,0.12272727272727274,0.0,0.0,0.12272727272727274,0.8687575327631321,5.0,4.25,13.77616751759308,sim_input.json
23,0,2,<bidder.UniformBidder object at 0x0000028086D3F6D8>,5,True,21,0.0,0.0,1.0,1,1,5.0,0.0,0.0,0,0.0,0.0,0.0,0.0,0.0,5.0,4.25,13.77616751759308,sim_input.json
23,0,2,<bidder.UniformBidder object at 0x0000028086D3F6D8>,5,True,22,3.1077588974646453,0.0,3.0,1,1,5.0,0.0,0.0,0,0.0,0.0,0.0,0.0,0.0,5.0,4.25,13.77616751759308,sim_input.json
23,0,2,<bidder.UniformBidder object at 0x0000028086D3F6D8>,5,True,23,4.688056072305459,0.0,1.0,1,1,5.0,0.0,0.0,0,0.08181818181818183,0.0,0.0,0.08181818181818183,0.38356822409771946,5.0,4.25,13.77616751759308,sim_input.json
23,0,2,<bidder.UniformBidder object at 0x0000028086D3F6D8>,5,True,24,2.587217450304631,0.0,2.0,1,1,5.0,0.0,0.0,0,0.040909090909090916,0.0,0.0,0.040909090909090916,0.10584071387609854,5.0,4.25,13.77616751759308,sim_input.json
23,0,2,<bidder.UniformBidder object at 0x0000028086D3F6D8>,5,True,25,3.577294882586507,0.0,0.0,1,1,5.0,0.0,0.0,0,0.12272727272727274,0.0,0.0,0.12272727272727274,0.43903164468107136,5.0,4.25,13.77616751759308,sim_input.json
23,0,2,<bidder.UniformBidder object at 0x0000028086D3F6D8>,5,True,26,4.803994172886424,0.0,0.0,1,1,5.0,0.0,0.0,0,0.12272727272727274,0.0,0.0,0.12272727272727274,0.5895811030360611,5.0,4.25,13.77616751759308,sim_input.json
23,0,2,<bidder.UniformBidder object at 0x0000028086D3F6D8>,5,True,27,4.897451455416844,0.0,0.0,1,1,5.0,0.0,0.0,0,0.12272727272727274,0.0,0.0,0.12272727272727274,0.6010508604375219,5.0,4.25,13.77616751759308,sim_input.json
23,0,2,<bidder.UniformBidder object at 0x0000028086D3F6D8>,5,True,28,5.596859274167985,0.0,3.0,1,1,5.0,0.0,0.0,0,0.0,0.0,0.0,0.0,0.0,5.0,4.25,13.77616751759308,sim_input.json
23,0,2,<bidder.UniformBidder object at 0x0000028086D3F6D8>,5,True,29,3.7692676022440406,0.0,1.0,1,1,5.0,0.0,0.0,0,0.08181818181818183,0.0,0.0,0.08181818181818183,0.3083946220017852,5.0,4.25,13.77616751759308,sim_input.json
23,0,2,<bidder.UniformBidder object at 0x0000028086D3F6D8>,5,True,30,2.6501441684518126,0.0,3.0,1,1,5.0,0.0,0.0,0,0.0,0.0,0.0,0.0,0.0,5.0,4.25,13.77616751759308,sim_input.json
23,0,2,<bidder.UniformBidder object at 0x0000028086D3F6D8>,5,True,31,7.668105912575628,0.0,3.0,1,1,5.0,0.0,0.0,0,0.0,0.0,0.0,0.0,0.0,5.0,4.25,13.77616751759308,sim_input.json
23,0,2,<bidder.UniformBidder object at 0x0000028086D3F6D8>,5,True,32,0.0,0.0,4.0,0.75,1,5.0,0.0,0.0,0,0.0,0.0,0.0,0.0,0.0,5.0,4.25,13.77616751759308,sim_input.json
23,0,2,<bidder.UniformBidder object at 0x0000028086D3F6D8>,5,True,33,4.565751132868371,0.0,2.0,1,1,5.0,0.0,0.0,0,0.040909090909090916,0.0,0.0,0.040909090909090916,0.18678072816279703,5.0,4.25,13.77616751759308,sim_input.json
23,0,2,<bidder.UniformBidder object at 0x0000028086D3F6D8>,5,True,34,2.1147999733090757,0.0,4.0,0.75,1,5.0,0.0,0.0,0,0.0,0.0,0.0,0.0,0.0,5.0,4.25,13.77616751759308,sim_input.json
23,0,2,<bidder.UniformBidder object at 0x0000028086D3F6D8>,5,True,35,3.2948360114408697,0.0,2.0,1,1,5.0,0.0,0.0,0,0.040909090909090916,0.0,0.0,0.040909090909090916,0.13478874592258105,5.0,4.25,13.77616751759308,sim_input.json
23,0,2,<bidder.UniformBidder object at 0x0000028086D3F6D8>,5,True,36,3.0280799436529966,0.0,1.0,1,1,5.0,0.0,0.0,0,0.08181818181818183,0.0,0.0,0.08181818181818183,0.24775199538979067,5.0,4.25,13.77616751759308,sim_input.json
23,0,2,<bidder.UniformBidder object at 0x0000028086D3F6D8>,5,True,37,1.233474395553126,0.0,6.0,0.5,1,5.0,0.0,1.0,1,0.5,0.5,0.5,0.5,0.616737197776563,5.0,4.25,13.77616751759308,sim_input.json
23,0,2,<bidder.UniformBidder object at 0x0000028086D3F6D8>,5,True,38,7.247012743739594,0.0,3.0,1,1,5.0,0.0,0.0,0,0.0,0.0,0.0,0.0,0.0,5.0,4.25,13.77616751759308,sim_input.json
23,0,2,<bidder.UniformBidder object at 0x0000028086D3F6D8>,5,True,39,3.2189910966877715,0.0,2.0,1,1,5.0,0.0,0.0,0,0.040909090909090916,0.0,0.0,0.040909090909090916,0.13168599940995432,5.0,4.25,13.77616751759308,sim_input.json
23,0,2,<bidder.UniformBidder object at 0x0000028086D3F6D8>,5,True,40,7.753218136342371,0.0,2.0,1,1,5.0,0.0,0.0,0,0.040909090909090916,0.0,0.0,0.040909090909090916,0.3171771055776425,5.0,4.25,13.77616751759308,sim_input.json
23,0,2,<bidder.UniformBidder object at 0x0000028086D3F6D8>,5,True,41,4.7997916176644075,0.0,1.0,1,1,5.0,0.0,0.0,0,0.08181818181818183,0.0,0.0,0.08181818181818183,0.39271022326345156,5.0,4.25,13.77616751759308,sim_input.json
23,0,2,<bidder.UniformBidder object at 0x0000028086D3F6D8>,5,True,42,7.434272576113679,0.0,3.0,1,1,5.0,0.0,0.0,0,0.0,0.0,0.0,0.0,0.0,5.0,4.25,13.77616751759308,sim_input.json
23,0,2,<bidder.UniformBidder object at 0x0000028086D3F6D8>,5,True,43,5.141859802136029,0.0,4.0,0.75,1,5.0,0.0,0.0,0,0.0,0.0,0.0,0.0,0.0,5.0,4.25,13.77616751759308,sim_input.json
23,0,2,<bidder.UniformBidder object at 0x0000028086D3F6D8>,5,True,44,6.713578911349173,0.0,1.0,1,1,5.0,0.0,0.0,0,0.08181818181818183,0.0,0.0,0.08181818181818183,0.5492928200194779,5.0,4.25,13.77616751759308,sim_input.json
23,0,2,<bidder.UniformBidder object at 0x0000028086D3F6D8>,5,True,45,7.9565744021401414,0.0,1.0,1,1,5.0,0.0,0.0,0,0.08181818181818183,0.0,0.0,0.08181818181818183,0.6509924510841935,5.0,4.25,13.77616751759308,sim_input.json
23,0,2,<bidder.UniformBidder object at 0x0000028086D3F6D8>,5,True,46,1.994479138355957,0.0,0.0,1,1,5.0,0.0,0.0,0,0.12272727272727274,0.0,0.0,0.12272727272727274,0.24477698516186747,5.0,4.25,13.77616751759308,sim_input.json
23,0,2,<bidder.UniformBidder object at 0x0000028086D3F6D8>,5,True,47,7.14282567874152,0.0,3.0,1,1,5.0,0.0,0.0,0,0.0,0.0,0.0,0.0,0.0,5.0,4.25,13.77616751759308,sim_input.json
23,0,2,<bidder.UniformBidder object at 0x0000028086D3F6D8>,5,True,48,5.74540850294712,0.0,2.0,1,1,5.0,0.0,0.0,0,0.040909090909090916,0.0,0.0,0.040909090909090916,0.23503943875692768,5.0,4.25,13.77616751759308,sim_input.json
23,0,2,<bidder.UniformBidder object at 0x0000028086D3F6D8>,5,True,49,1.4684277214453978,0.0,2.0,1,1,5.0,0.0,0.0,0,0.040909090909090916,0.0,0.0,0.040909090909090916,0.06007204315003901,5.0,4.25,13.77616751759308,sim_input.json
23,0,2,<bidder.UniformBidder object at 0x0000028086D3F6D8>,5,True,50,5.675628464145661,0.0,0.0,1,1,5.0,0.0,0.0,0,0.12272727272727274,0.0,0.0,0.12272727272727274,0.6965544024178767,5.0,4.25,13.77616751759308,sim_input.json
23,0,2,<bidder.UniformBidder object at 0x0000028086D3F6D8>,5,True,51,1.6087138493134163,0.0,4.0,0.75,1,5.0,0.0,0.0,0,0.0,0.0,0.0,0.0,0.0,5.0,4.25,13.77616751759308,sim_input.json
23,0,3,<bidder.IntegralGreedyBidder object at 0x0000028086D3FC88>,5,True,0,6.741544306571647,0.0,5.0,0.6,1,5.0,0.0,0.0,0,0.0,0.0,0.0,0.0,0.0,5.0,4.5,4.1947017037798915,sim_input.json
23,0,3,<bidder.IntegralGreedyBidder object at 0x0000028086D3FC88>,5,True,1,0.0,0.0,1.0,1,1,5.0,0.0,0.0,0,0.0,0.0,0.0,0.0,0.0,5.0,4.5,4.1947017037798915,sim_input.json
23,0,3,<bidder.IntegralGreedyBidder object at 0x0000028086D3FC88>,5,True,2,0.032981919666189574,0.0,4.0,0.75,1,5.0,0.0,1.0,1,0.75,0.75,0.75,0.75,0.02473643974964218,5.0,4.5,4.1947017037798915,sim_input.json
23,0,3,<bidder.IntegralGreedyBidder object at 0x0000028086D3FC88>,5,True,3,0.3876883648082703,0.0,3.0,1,1,5.0,0.0,0.0,0,0.0,0.0,0.0,0.0,0.0,5.0,4.5,4.1947017037798915,sim_input.json
23,0,3,<bidder.IntegralGreedyBidder object at 0x0000028086D3FC88>,5,True,4,3.7673283637432733,0.0,5.0,0.6,1,5.0,0.0,0.0,0,0.0,0.0,0.0,0.0,0.0,5.0,4.5,4.1947017037798915,sim_input.json
23,0,3,<bidder.IntegralGreedyBidder object at 0x0000028086D3FC88>,5,True,5,7.236949648384954,0.0,3.0,1,1,5.0,0.0,0.0,0,0.0,0.0,0.0,0.0,0.0,5.0,4.5,4.1947017037798915,sim_input.json
23,0,3,<bidder.IntegralGreedyBidder object at 0x0000028086D3FC88>,5,True,6,0.7835421863396062,0.0,0.0,1,1,5.0,0.0,0.0,0,0.1090909090909091,0.0,0.0,0.1090909090909091,0.08547732941886613,5.0,4.5,4.1947017037798915,sim_input.json
23,0,3,<bidder.IntegralGreedyBidder object at 0x0000028086D3FC88>,5,True,7,2.757388239325172,0.0,2.0,1,1,5.0,0.0,0.0,0,0.03636363636363637,0.0,0.0,0.03636363636363637,0.10026866324818808,5.0,4.5,4.1947017037798915,sim_input.json
23,0,3,<bidder.IntegralGreedyBidder object at 0x0000028086D3FC88>,5,True,8,1.3595409024040297,0.0,1.0,1,1,5.0,0.0,0.0,0,0.07272727272727274,0.0,0.0,0.07272727272727274,0.09887570199302036,5.0,4.5,4.1947017037798915,sim_input.json
23,0,3,<bidder.IntegralGreedyBidder object at 0x0000028086D3FC88>,5,True,9,0.0,0.0,4.0,0.75,1,5.0,0.0,0.0,0,0.0,0.0,0.0,0.0,0.0,5.0,4.5,4.1947017037798915,sim_input.json
23,0,3,<bidder.IntegralGreedyBidder object at 0x0000028086D3FC88>,5,True,10,3.0550869345204603,0.0,1.0,1,1,5.0,0.0,0.0,0,0.07272727272727274,0.0,0.0,0.07272727272727274,0.22218814069239715,5.0,4.5,4.1947017037798915,sim_input.json
23,0,3,<bidder.IntegralGreedyBidder object at 0x0000028086D3FC88>,5,True,11,1.267588713003254,0.0,1.0,1,1,5.0,0.0,0.0,0,0.07272727272727274,0.0,0.0,0.07272727272727274,0.0921882700366003,5.0,4.5,4.1947017037798915,sim_input.json
23,0,3,<bidder.IntegralGreedyBidder object at 0x0000028086D3FC88>,5,True,12,5.921359754191728,0.0,3.0,1,1,5.0,0.0,0.0,0,0.0,0.0,0.0,0.0,0.0,5.0,4.5,4.1947017037798915,sim_input.json
23,0,3,<bidder.IntegralGreedyBidder object at 0x0000028086D3FC88>,5,True,13,0.0,0.0,6.0,0.5,1,5.0,0.0,0.0,0,0.0,0.0,0.0,0.0,0.0,5.0,4.5,4.1947017037798915,sim_input.json
23,0,3,<bidder.IntegralGreedyBidder object at 0x0000028086D3FC88>,5,True,14,0.0,0.0,3.0,1,1,5.0,0.0,0.0,0,0.0,0.0,0.0,0.0,0.0,5.0,4.5,4.1947017037798915,sim_input.json
23,0,3,<bidder.IntegralGreedyBidder object at 0x0000028086D3FC88>,5,True,15,2.4664964029247605,0.0,3.0,1,1,5.0,0.0,0.0,0,0.0,0.0,0.0,0.0,0.0,5.0,4.5,4.1947017037798915,sim_input.json
23,0,3,<bidder.IntegralGreedyBidder object at 0x0000028086D3FC88>,5,True,16,0.0,0.0,2.0,1,1,5.0,0.0,0.0,0,0.0,0.0,0.0,0.0,0.0,5.0,4.5,4.1947017037798915,sim_input.json
23,0,3,<bidder.IntegralGreedyBidder object at 0x0000028086D3FC88>,5,True,17,1.932963352706536,0.0,1.0,1,1,5.0,0.0,0.0,0,0.07272727272727274,0.0,0.0,0.07272727272727274,0.14057915292411172,5.0,4.5,4.1947017037798915,sim_input.json
23,0,3,<bidder.IntegralGreedyBidder object at 0x0000028086D3FC88>,5,True,18,1.66755228940045,0.0,6.0,0.5,1,5.0,0.0,0.0,0,0.0,0.0,0.0,0.0,0.0,5.0,4.5,4.1947017037798915,sim_input.json
23,0,3,<bidder.IntegralGreedyBidder object at 0x0000028086D3FC88>,5,True,19,5.242637312218198,0.0,2.0,1,1,5.0,0.0,0.0,0,0.03636363636363637,0.0,0.0,0.03636363636363637,0.1906413568079345,5.0,4.5,4.1947017037798915,sim_input.json
23,0,3,<bidder.IntegralGreedyBidder object at 0x0000028086D3FC88>,5,True,20,2.1094139100803098,0.0,0.0,1,1,5.0,0.0,0.0,0,0.1090909090909091,0.0,0.0,0.1090909090909091,0.23011788109967019,5.0,4.5,4.1947017037798915,sim_input.json
23,0,3,<bidder.IntegralGreedyBidder object at 0x0000028086D3FC88>,5,True,21,2.971048807038738,0.0,1.0,1,1,5.0,0.0,0.0,0,0.07272727272727274,0.0,0.0,0.07272727272727274,0.21607627687554462,5.0,4.5,4.1947017037798915,sim_input.json
23,0,3,<bidder.IntegralGreedyBidder object at 0x0000028086D3FC88>,5,True,22,4.4743523189334145,0.0,3.0,1,1,5.0,0.0,0.0,0,0.0,0.0,0.0,0.0,0.0,5.0,4.5,4.1947017037798915,sim_input.json
23,0,3,<bidder.IntegralGreedyBidder object at 0x0000028086D3FC88>,5,True,23,7.508557250965324,0.0,1.0,1,1,5.0,0.0,0.0,0,0.07272727272727274,0.0,0.0,0.07272727272727274,0.5460768909792963,5.0,4.5,4.1947017037798915,sim_input.json
23,0,3,<bidder.IntegralGreedyBidder object at 0x0000028086D3FC88>,5,True,24,0.0,0.0,2.0,1,1,5.0,0.0,0.0,0,0.0,0.0,0.0,0.0,0.0,5.0,4.5,4.1947017037798915,sim_input.json
23,0,3,<bidder.IntegralGreedyBidder object at 0x0000028086D3FC88>,5,True,25,0.5017013674776616,0.0,0.0,1,1,5.0,0.0,0.0,0,0.1090909090909091,0.0,0.0,0.1090909090909091,0.05473105827029036,5.0,4.5,4.1947017037798915,sim_input.json
23,0,3,<bidder.IntegralGreedyBidder object at 0x0000028086D3FC88>,5,True,26,0.0,0.0,0.0,1,1,5.0,0.0,0.0,0,0.0,0.0,0.0,0.0,0.0,5.0,4.5,4.1947017037798915,sim_input.json
23,0,3,<bidder.IntegralGreedyBidder object at 0x0000028086D3FC88>,5,True,27,0.0,0.0,0.0,1,1,5.0,0.0,0.0,0,0.0,0.0,0.0,0.0,0.0,5.0,4.5,4.1947017037798915,sim_input.json
23,0,3,<bidder.IntegralGreedyBidder object at 0x0000028086D3FC88>,5,True,28,0.0,0.0,3.0,1,1,5.0,0.0,0.0,0,0.0,0.0,0.0,0.0,0.0,5.0,4.5,4.1947017037798915,sim_input.json
23,0,3,<bidder.IntegralGreedyBidder object at 0x0000028086D3FC88>,5,True,29,0.0,0.0,1.0,1,1,5.0,0.0,0.0,0,0.0,0.0,0.0,0.0,0.0,5.0,4.5,4.1947017037798915,sim_input.json
23,0,3,<bidder.IntegralGreedyBidder object at 0x0000028086D3FC88>,5,True,30,0.0,0.0,3.0,1,1,5.0,0.0,0.0,0,0.0,0.0,0.0,0.0,0.0,5.0,4.5,4.1947017037798915,sim_input.json
23,0,3,<bidder.IntegralGreedyBidder object at 0x0000028086D3FC88>,5,True,31,1.189447714047669,0.0,3.0,1,1,5.0,0.0,0.0,0,0.0,0.0,0.0,0.0,0.0,5.0,4.5,4.1947017037798915,sim_input.json
23,0,3,<bidder.IntegralGreedyBidder object at 0x0000028086D3FC88>,5,True,32,0.11731771725792361,0.0,4.0,0.75,1,5.0,0.0,1.0,1,0.75,0.75,0.75,0.75,0.08798828794344271,5.0,4.5,4.1947017037798915,sim_input.json
23,0,3,<bidder.IntegralGreedyBidder object at 0x0000028086D3FC88>,5,True,33,7.672344500198829,0.0,2.0,1,1,5.0,0.0,0.0,0,0.03636363636363637,0.0,0.0,0.03636363636363637,0.27899434546177565,5.0,4.5,4.1947017037798915,sim_input.json
23,0,3,<bidder.IntegralGreedyBidder object at 0x0000028086D3FC88>,5,True,34,3.1879966558546418,0.0,4.0,0.75,1,5.0,0.0,0.0,0,0.0,0.0,0.0,0.0,0.0,5.0,4.5,4.1947017037798915,sim_input.json
23,0,3,<bidder.IntegralGreedyBidder object at 0x0000028086D3FC88>,5,True,35,0.32878322821187234,0.0,2.0,1,1,5.0,0.0,0.0,0,0.03636363636363637,0.0,0.0,0.03636363636363637,0.011955753753158996,5.0,4.5,4.1947017037798915,sim_input.json
23,0,3,<bidder.IntegralGreedyBidder object at 0x0000028086D3FC88>,5,True,36,0.4998254028064625,0.0,1.0,1,1,5.0,0.0,0.0,0,0.07272727272727274,0.0,0.0,0.07272727272727274,0.03635093838592455,5.0,4.5,4.1947017037798915,sim_input.json
23,0,3,<bidder.IntegralGreedyBidder object at 0x0000028086D3FC88>,5,True,37,0.8681535692194006,0.0,6.0,0.5,1,5.0,0.0,0.0,0,0.0,0.0,0.0,0.0,0.0,5.0,4.5,4.1947017037798915,sim_input.json
23,0,3,<bidder.IntegralGreedyBidder object at 0x0000028086D3FC88>,5,True,38,0.07976082140304619,0.0,3.0,1,1,5.0,0.0,1.0,1,1.0,1.0,1.0,1.0,0.07976082140304619,5.0,4.5,4.1947017037798915,sim_input.json
23,0,3,<bidder.IntegralGreedyBidder object at 0x0000028086D3FC88>,5,True,39,6.18171099785614,0.0,2.0,1,1,5.0,0.0,0.0,0,0.03636363636363637,0.0,0.0,0.03636363636363637,0.2247894908311324,5.0,4.5,4.1947017037798915,sim_input.json
23,0,3,<bidder.IntegralGreedyBidder object at 0x0000028086D3FC88>,5,True,40,0.05923762623039952,0.0,2.0,1,1,5.0,0.0,1.0,1,1.0,1.0,1.0,1.0,0.05923762623039952,5.0,4.5,4.1947017037798915,sim_input.json
23,0,3,<bidder.IntegralGreedyBidder object at 0x0000028086D3FC88>,5,True,41,1.7843369206448703,0.0,1.0,1,1,5.0,0.0,0.0,0,0.07272727272727274,0.0,0.0,0.07272727272727274,0.1297699578650815,5.0,4.5,4.1947017037798915,sim_input.json
23,0,3,<bidder.IntegralGreedyBidder object at 0x0000028086D3FC88>,5,True,42,0.7300464727525946,0.0,3.0,1,1,5.0,0.0,0.0,0,0.0,0.0,0.0,0.0,0.0,5.0,4.5,4.1947017037798915,sim_input.json
23,0,3,<bidder.IntegralGreedyBidder object at 0x0000028086D3FC88>,5,True,43,1.5990269179440897,0.0,4.0,0.75,1,5.0,0.0,0.0,0,0.0,0.0,0.0,0.0,0.0,5.0,4.5,4.1947017037798915,sim_input.json
23,0,3,<bidder.IntegralGreedyBidder object at 0x0000028086D3FC88>,5,True,44,4.076616432543953,0.0,1.0,1,1,5.0,0.0,0.0,0,0.07272727272727274,0.0,0.0,0.07272727272727274,0.2964811950941057,5.0,4.5,4.1947017037798915,sim_input.json
23,0,3,<bidder.IntegralGreedyBidder object at 0x0000028086D3FC88>,5,True,45,7.014439044162069,0.0,1.0,1,1,5.0,0.0,0.0,0,0.07272727272727274,0.0,0.0,0.07272727272727274,0.5101410213936051,5.0,4.5,4.1947017037798915,sim_input.json
23,0,3,<bidder.IntegralGreedyBidder object at 0x0000028086D3FC88>,5,True,46,1.4990991577913115,0.0,0.0,1,1,5.0,0.0,0.0,0,0.1090909090909091,0.0,0.0,0.1090909090909091,0.16353808994087035,5.0,4.5,4.1947017037798915,sim_input.json
23,0,3,<bidder.IntegralGreedyBidder object at 0x0000028086D3FC88>,5,True,47,0.0813707857926178,0.0,3.0,1,1,5.0,0.0,1.0,1,1.0,1.0,1.0,1.0,0.0813707857926178,5.0,4.5,4.1947017037798915,sim_input.json
23,0,3,<bidder.IntegralGreedyBidder object at 0x0000028086D3FC88>,5,True,48,3.329135984266615,0.0,2.0,1,1,5.0,0.0,0.0,0,0.03636363636363637,0.0,0.0,0.03636363636363637,0.12105949033696783,5.0,4.5,4.1947017037798915,sim_input.json
23,0,3,<bidder.IntegralGreedyBidder object at 0x0000028086D3FC88>,5,True,49,1.135540128143338,0.0,2.0,1,1,5.0,0.0,0.0,0,0.03636363636363637,0.0,0.0,0.03636363636363637,0.04129236829612139,5.0,4.5,4.1947017037798915,sim_input.json
23,0,3,<bidder.IntegralGreedyBidder object at 0x0000028086D3FC88>,5,True,50,0.6417983820974061,0.0,0.0,1,1,5.0,0.0,0.0,0,0.1090909090909091,0.0,0.0,0.1090909090909091,0.07001436895608068,5.0,4.5,4.1947017037798915,sim_input.json
23,0,3,<bidder.IntegralGreedyBidder object at 0x0000028086D3FC88>,5,True,51,1.7518865437856985,0.0,4.0,0.75,1,5.0,0.0,0.0,0,0.0,0.0,0.0,0.0,0.0,5.0,4.5,4.1947017037798915,sim_input.json
23,0,4,<bidder.IntegralGreedyBidder object at 0x0000028086D3FC18>,5,True,0,1.0135057376175625,0.0,5.0,0.6,1,5.0,0.0,0.0,0,0.0,0.0,0.0,0.0,0.0,5.0,3.85,14.248138543945561,sim_input.json
23,0,4,<bidder.IntegralGreedyBidder object at 0x0000028086D3FC18>,5,True,1,5.850381682740632,0.0,1.0,1,1,5.0,0.0,0.0,0,0.09636363636363637,0.0,0.0,0.09636363636363637,0.5637640530640973,5.0,3.85,14.248138543945561,sim_input.json
23,0,4,<bidder.IntegralGreedyBidder object at 0x0000028086D3FC18>,5,True,2,1.548459233296428,0.0,4.0,0.75,1,5.0,0.0,0.0,0,0.0,0.0,0.0,0.0,0.0,5.0,3.85,14.248138543945561,sim_input.json
23,0,4,<bidder.IntegralGreedyBidder object at 0x0000028086D3FC18>,5,True,3,7.814663968939427,0.0,3.0,1,1,5.0,0.0,0.0,0,0.0,0.0,0.0,0.0,0.0,5.0,3.85,14.248138543945561,sim_input.json
23,0,4,<bidder.IntegralGreedyBidder object at 0x0000028086D3FC18>,5,True,4,0.13977371206374045,0.0,5.0,0.6,1,5.0,0.0,1.0,1,0.6,0.6,0.6,0.6,0.08386422723824427,5.0,3.85,14.248138543945561,sim_input.json
23,0,4,<bidder.IntegralGreedyBidder object at 0x0000028086D3FC18>,5,True,5,0.6281092382274119,0.0,3.0,1,1,5.0,0.0,1.0,1,1.0,1.0,1.0,1.0,0.6281092382274119,5.0,3.85,14.248138543945561,sim_input.json
23,0,4,<bidder.IntegralGreedyBidder object at 0x0000028086D3FC18>,5,True,6,4.636728561910443,0.0,0.0,1,1,5.0,0.0,0.0,0,0.14454545454545456,0.0,0.0,0.14454545454545456,0.6702180375852369,5.0,3.85,14.248138543945561,sim_input.json
23,0,4,<bidder.IntegralGreedyBidder object at 0x0000028086D3FC18>,5,True,7,4.865264114947292,0.0,2.0,1,1,5.0,0.0,0.0,0,0.04818181818181819,0.0,0.0,0.04818181818181819,0.234417270992915,5.0,3.85,14.248138543945561,sim_input.json
23,0,4,<bidder.IntegralGreedyBidder object at 0x0000028086D3FC18>,5,True,8,2.656699629470654,0.0,1.0,1,1,5.0,0.0,0.0,0,0.09636363636363637,0.0,0.0,0.09636363636363637,0.2560092370217176,5.0,3.85,14.248138543945561,sim_input.json
23,0,4,<bidder.IntegralGreedyBidder object at 0x0000028086D3FC18>,5,True,9,7.4749301932613585,0.0,4.0,0.75,1,5.0,0.0,0.0,0,0.0,0.0,0.0,0.0,0.0,5.0,3.85,14.248138543945561,sim_input.json
23,0,4,<bidder.IntegralGreedyBidder object at 0x0000028086D3FC18>,5,True,10,0.7943379889738635,0.0,1.0,1,1,5.0,0.0,1.0,1,1.0,1.0,1.0,1.0,0.7943379889738635,5.0,3.85,14.248138543945561,sim_input.json
23,0,4,<bidder.IntegralGreedyBidder object at 0x0000028086D3FC18>,5,True,11,2.754086332821963,0.0,1.0,1,1,5.0,0.0,0.0,0,0.09636363636363637,0.0,0.0,0.09636363636363637,0.2653937738901165,5.0,3.85,14.248138543945561,sim_input.json
23,0,4,<bidder.IntegralGreedyBidder object at 0x0000028086D3FC18>,5,True,12,2.1746852372898733,0.0,3.0,1,1,5.0,0.0,0.0,0,0.0,0.0,0.0,0.0,0.0,5.0,3.85,14.248138543945561,sim_input.json
23,0,4,<bidder.IntegralGreedyBidder object at 0x0000028086D3FC18>,5,True,13,6.561020108527495,0.0,6.0,0.5,1,5.0,0.0,0.0,0,0.0,0.0,0.0,0.0,0.0,5.0,3.85,14.248138543945561,sim_input.json
23,0,4,<bidder.IntegralGreedyBidder object at 0x0000028086D3FC18>,5,True,14,2.643292972546533,0.0,3.0,1,1,5.0,0.0,0.0,0,0.0,0.0,0.0,0.0,0.0,5.0,3.85,14.248138543945561,sim_input.json
23,0,4,<bidder.IntegralGreedyBidder object at 0x0000028086D3FC18>,5,True,15,6.418369464729285,0.0,3.0,1,1,5.0,0.0,0.0,0,0.0,0.0,0.0,0.0,0.0,5.0,3.85,14.248138543945561,sim_input.json
23,0,4,<bidder.IntegralGreedyBidder object at 0x0000028086D3FC18>,5,True,16,1.1419718812212252,0.0,2.0,1,1,5.0,0.0,0.0,0,0.04818181818181819,0.0,0.0,0.04818181818181819,0.055022281549749946,5.0,3.85,14.248138543945561,sim_input.json
23,0,4,<bidder.IntegralGreedyBidder object at 0x0000028086D3FC18>,5,True,17,3.167515695247708,0.0,1.0,1,1,5.0,0.0,0.0,0,0.09636363636363637,0.0,0.0,0.09636363636363637,0.305233330632961,5.0,3.85,14.248138543945561,sim_input.json
23,0,4,<bidder.IntegralGreedyBidder object at 0x0000028086D3FC18>,5,True,18,0.18690109386217035,0.0,6.0,0.5,1,5.0,0.0,1.0,1,0.5,0.5,0.5,0.5,0.09345054693108518,5.0,3.85,14.248138543945561,sim_input.json
23,0,4,<bidder.IntegralGreedyBidder object at 0x0000028086D3FC18>,5,True,19,6.393240997340507,0.0,2.0,1,1,5.0,0.0,0.0,0,0.04818181818181819,0.0,0.0,0.04818181818181819,0.30803797532640625,5.0,3.85,14.248138543945561,sim_input.json
23,0,4,<bidder.IntegralGreedyBidder object at 0x0000028086D3FC18>,5,True,20,6.954076575259914,0.0,0.0,1,1,5.0,0.0,0.0,0,0.14454545454545456,0.0,0.0,0.14454545454545456,1.0051801595148422,5.0,3.85,14.248138543945561,sim_input.json
23,0,4,<bidder.IntegralGreedyBidder object at 0x0000028086D3FC18>,5,True,21,2.2358821598848087,0.0,1.0,1,1,5.0,0.0,0.0,0,0.09636363636363637,0.0,0.0,0.09636363636363637,0.21545773540708157,5.0,3.85,14.248138543945561,sim_input.json
23,0,4,<bidder.IntegralGreedyBidder object at 0x0000028086D3FC18>,5,True,22,1.6558041015218743,0.0,3.0,1,1,5.0,0.0,0.0,0,0.0,0.0,0.0,0.0,0.0,5.0,3.85,14.248138543945561,sim_input.json
23,0,4,<bidder.IntegralGreedyBidder object at 0x0000028086D3FC18>,5,True,23,5.858794660851899,0.0,1.0,1,1,5.0,0.0,0.0,0,0.09636363636363637,0.0,0.0,0.09636363636363637,0.5645747582275467,5.0,3.85,14.248138543945561,sim_input.json
23,0,4,<bidder.IntegralGreedyBidder object at 0x0000028086D3FC18>,5,True,24,2.8153860855088597,0.0,2.0,1,1,5.0,0.0,0.0,0,0.04818181818181819,0.0,0.0,0.04818181818181819,0.1356504204836087,5.0,3.85,14.248138543945561,sim_input.json
23,0,4,<bidder.IntegralGreedyBidder object at 0x0000028086D3FC18>,5,True,25,4.8512376611201296,0.0,0.0,1,1,5.0,0.0,0.0,0,0.14454545454545456,0.0,0.0,0.14454545454545456,0.701224352834637,5.0,3.85,14.248138543945561,sim_input.json
23,0,4,<bidder.IntegralGreedyBidder object at 0x0000028086D3FC18>,5,True,26,5.243695618972653,0.0,0.0,1,1,5.0,0.0,0.0,0,0.14454545454545456,0.0,0.0,0.14454545454545456,0.7579523667424108,5.0,3.85,14.248138543945561,sim_input.json
23,0,4,<bidder.IntegralGreedyBidder object at 0x0000028086D3FC18>,5,True,27,2.9320149071084463,0.0,0.0,1,1,5.0,0.0,0.0,0,0.14454545454545456,0.0,0.0,0.14454545454545456,0.4238094274820391,5.0,3.85,14.248138543945561,sim_input.json
23,0,4,<bidder.IntegralGreedyBidder object at 0x0000028086D3FC18>,5,True,28,2.7548681425444075,0.0,3.0,1,1,5.0,0.0,0.0,0,0.0,0.0,0.0,0.0,0.0,5.0,3.85,14.248138543945561,sim_input.json
23,0,4,<bidder.IntegralGreedyBidder object at 0x0000028086D3FC18>,5,True,29,7.081413686691462,0.0,1.0,1,1,5.0,0.0,0.0,0,0.09636363636363637,0.0,0.0,0.09636363636363637,0.6823907734448137,5.0,3.85,14.248138543945561,sim_input.json
23,0,4,<bidder.IntegralGreedyBidder object at 0x0000028086D3FC18>,5,True,30,2.5607042941407734,0.0,3.0,1,1,5.0,0.0,0.0,0,0.0,0.0,0.0,0.0,0.0,5.0,3.85,14.248138543945561,sim_input.json
23,0,4,<bidder.IntegralGreedyBidder object at 0x0000028086D3FC18>,5,True,31,2.4314870508931516,0.0,3.0,1,1,5.0,0.0,0.0,0,0.0,0.0,0.0,0.0,0.0,5.0,3.85,14.248138543945561,sim_input.json
23,0,4,<bidder.IntegralGreedyBidder object at 0x0000028086D3FC18>,5,True,32,1.904593736409363,0.0,4.0,0.75,1,5.0,0.0,0.0,0,0.0,0.0,0.0,0.0,0.0,5.0,3.85,14.248138543945561,sim_input.json
23,0,4,<bidder.IntegralGreedyBidder object at 0x0000028086D3FC18>,5,True,33,5.37007259264627,0.0,2.0,1,1,5.0,0.0,0.0,0,0.04818181818181819,0.0,0.0,0.04818181818181819,0.25873986128204757,5.0,3.85,14.248138543945561,sim_input.json
23,0,4,<bidder.IntegralGreedyBidder object at 0x0000028086D3FC18>,5,True,34,3.218045110988003,0.0,4.0,0.75,1,5.0,0.0,0.0,0,0.0,0.0,0.0,0.0,0.0,5.0,3.85,14.248138543945561,sim_input.json
23,0,4,<bidder.IntegralGreedyBidder object at 0x0000028086D3FC18>,5,True,35,2.9336809804496182,0.0,2.0,1,1,5.0,0.0,0.0,0,0.04818181818181819,0.0,0.0,0.04818181818181819,0.1413500836034816,5.0,3.85,14.248138543945561,sim_input.json
23,0,4,<bidder.IntegralGreedyBidder object at 0x0000028086D3FC18>,5,True,36,2.2510355140447142,0.0,1.0,1,1,5.0,0.0,0.0,0,0.09636363636363637,0.0,0.0,0.09636363636363637,0.21691796771703611,5.0,3.85,14.248138543945561,sim_input.json
23,0,4,<bidder.IntegralGreedyBidder object at 0x0000028086D3FC18>,5,True,37,5.838284291507506,0.0,6.0,0.5,1,5.0,0.0,0.0,0,0.0,0.0,0.0,0.0,0.0,5.0,3.85,14.248138543945561,sim_input.json
23,0,4,<bidder.IntegralGreedyBidder object at 0x0000028086D3FC18>,5,True,38,6.48898320614098,0.0,3.0,1,1,5.0,0.0,0.0,0,0.0,0.0,0.0,0.0,0.0,5.0,3.85,14.248138543945561,sim_input.json
23,0,4,<bidder.IntegralGreedyBidder object at 0x0000028086D3FC18>,5,True,39,3.7153282775882426,0.0,2.0,1,1,5.0,0.0,0.0,0,0.04818181818181819,0.0,0.0,0.04818181818181819,0.17901127155652444,5.0,3.85,14.248138543945561,sim_input.json
23,0,4,<bidder.IntegralGreedyBidder object at 0x0000028086D3FC18>,5,True,40,7.744860470938704,0.0,2.0,1,1,5.0,0.0,0.0,0,0.04818181818181819,0.0,0.0,0.04818181818181819,0.3731614590543194,5.0,3.85,14.248138543945561,sim_input.json
23,0,4,<bidder.IntegralGreedyBidder object at 0x0000028086D3FC18>,5,True,41,7.10387395394767,0.0,1.0,1,1,5.0,0.0,0.0,0,0.09636363636363637,0.0,0.0,0.09636363636363637,0.684555126471321,5.0,3.85,14.248138543945561,sim_input.json
23,0,4,<bidder.IntegralGreedyBidder object at 0x0000028086D3FC18>,5,True,42,7.231438964259559,0.0,3.0,1,1,5.0,0.0,0.0,0,0.0,0.0,0.0,0.0,0.0,5.0,3.85,14.248138543945561,sim_input.json
23,0,4,<bidder.IntegralGreedyBidder object at 0x0000028086D3FC18>,5,True,43,5.951084944240083,0.0,4.0,0.75,1,5.0,0.0,0.0,0,0.0,0.0,0.0,0.0,0.0,5.0,3.85,14.248138543945561,sim_input.json
23,0,4,<bidder.IntegralGreedyBidder object at 0x0000028086D3FC18>,5,True,44,5.399200740117754,0.0,1.0,1,1,5.0,0.0,0.0,0,0.09636363636363637,0.0,0.0,0.09636363636363637,0.5202866167749837,5.0,3.85,14.248138543945561,sim_input.json
23,0,4,<bidder.IntegralGreedyBidder object at 0x0000028086D3FC18>,5,True,45,4.8634449998191895,0.0,1.0,1,1,5.0,0.0,0.0,0,0.09636363636363637,0.0,0.0,0.09636363636363637,0.46865924543712195,5.0,3.85,14.248138543945561,sim_input.json
23,0,4,<bidder.IntegralGreedyBidder object at 0x0000028086D3FC18>,5,True,46,4.8511827475052085,0.0,0.0,1,1,5.0,0.0,0.0,0,0.14454545454545456,0.0,0.0,0.14454545454545456,0.7012164153212075,5.0,3.85,14.248138543945561,sim_input.json
23,0,4,<bidder.IntegralGreedyBidder object at 0x0000028086D3FC18>,5,True,47,1.6553284617285122,0.0,3.0,1,1,5.0,0.0,0.0,0,0.0,0.0,0.0,0.0,0.0,5.0,3.85,14.248138543945561,sim_input.json
23,0,4,<bidder.IntegralGreedyBidder object at 0x0000028086D3FC18>,5,True,48,6.592341936800601,0.0,2.0,1,1,5.0,0.0,0.0,0,0.04818181818181819,0.0,0.0,0.04818181818181819,0.3176310205913017,5.0,3.85,14.248138543945561,sim_input.json
23,0,4,<bidder.IntegralGreedyBidder object at 0x0000028086D3FC18>,5,True,49,3.638223897560707,0.0,2.0,1,1,5.0,0.0,0.0,0,0.04818181818181819,0.0,0.0,0.04818181818181819,0.1752962423370159,5.0,3.85,14.248138543945561,sim_input.json
23,0,4,<bidder.IntegralGreedyBidder object at 0x0000028086D3FC18>,5,True,50,7.294821838878862,0.0,0.0,1,1,5.0,0.0,0.0,0,0.14454545454545456,0.0,0.0,0.14454545454545456,1.0544333385288538,5.0,3.85,14.248138543945561,sim_input.json
23,0,4,<bidder.IntegralGreedyBidder object at 0x0000028086D3FC18>,5,True,51,0.5503759195994135,0.0,4.0,0.75,1,5.0,0.0,1.0,1,0.75,0.75,0.75,0.75,0.4127819396995601,5.0,3.85,14.248138543945561,sim_input.json
23,0,5,<bidder.UniformBidder object at 0x0000028086D3F4A8>,5,True,0,0.18368193926799636,0.0,5.0,0.6,1,5.0,0.0,1.0,1,0.6,0.6,0.6,0.6,0.11020916356079781,5.0,4.1,11.478692101289878,sim_input.json
23,0,5,<bidder.UniformBidder object at 0x0000028086D3F4A8>,5,True,1,5.265467012804321,0.0,1.0,1,1,5.0,0.0,0.0,0,0.0872727272727273,0.0,0.0,0.0872727272727273,0.4595316665720136,5.0,4.1,11.478692101289878,sim_input.json
23,0,5,<bidder.UniformBidder object at 0x0000028086D3F4A8>,5,True,2,1.6521816394467908,0.0,4.0,0.75,1,5.0,0.0,0.0,0,0.0,0.0,0.0,0.0,0.0,5.0,4.1,11.478692101289878,sim_input.json
23,0,5,<bidder.UniformBidder object at 0x0000028086D3F4A8>,5,True,3,1.8984128859514506,0.0,3.0,1,1,5.0,0.0,0.0,0,0.0,0.0,0.0,0.0,0.0,5.0,4.1,11.478692101289878,sim_input.json
23,0,5,<bidder.UniformBidder object at 0x0000028086D3F4A8>,5,True,4,1.5928006711185954,0.0,5.0,0.6,1,5.0,0.0,0.0,0,0.0,0.0,0.0,0.0,0.0,5.0,4.1,11.478692101289878,sim_input.json
23,0,5,<bidder.UniformBidder object at 0x0000028086D3F4A8>,5,True,5,4.910524642025561,0.0,3.0,1,1,5.0,0.0,0.0,0,0.0,0.0,0.0,0.0,0.0,5.0,4.1,11.478692101289878,sim_input.json
23,0,5,<bidder.UniformBidder object at 0x0000028086D3F4A8>,5,True,6,5.851221219861574,0.0,0.0,1,1,5.0,0.0,0.0,0,0.13090909090909095,0.0,0.0,0.13090909090909095,0.7659780506000609,5.0,4.1,11.478692101289878,sim_input.json
23,0,5,<bidder.UniformBidder object at 0x0000028086D3F4A8>,5,True,7,2.425461708816071,0.0,2.0,1,1,5.0,0.0,0.0,0,0.04363636363636365,0.0,0.0,0.04363636363636365,0.10583832911197404,5.0,4.1,11.478692101289878,sim_input.json
23,0,5,<bidder.UniformBidder object at 0x0000028086D3F4A8>,5,True,8,0.3917863648925538,0.0,1.0,1,1,5.0,0.0,1.0,1,1.0,1.0,1.0,1.0,0.3917863648925538,5.0,4.1,11.478692101289878,sim_input.json
23,0,5,<bidder.UniformBidder object at 0x0000028086D3F4A8>,5,True,9,0.9732976995381614,0.0,4.0,0.75,1,5.0,0.0,0.0,0,0.0,0.0,0.0,0.0,0.0,5.0,4.1,11.478692101289878,sim_input.json
23,0,5,<bidder.UniformBidder object at 0x0000028086D3F4A8>,5,True,10,4.502108511790775,0.0,1.0,1,1,5.0,0.0,0.0,0,0.0872727272727273,0.0,0.0,0.0872727272727273,0.39291128830174044,5.0,4.1,11.478692101289878,sim_input.json
23,0,5,<bidder.UniformBidder object at 0x0000028086D3F4A8>,5,True,11,6.501752943670571,0.0,1.0,1,1,5.0,0.0,0.0,0,0.0872727272727273,0.0,0.0,0.0872727272727273,0.5674257114476136,5.0,4.1,11.478692101289878,sim_input.json
23,0,5,<bidder.UniformBidder object at 0x0000028086D3F4A8>,5,True,12,5.693742696449023,0.0,3.0,1,1,5.0,0.0,0.0,0,0.0,0.0,0.0,0.0,0.0,5.0,4.1,11.478692101289878,sim_input.json
23,0,5,<bidder.UniformBidder object at 0x0000028086D3F4A8>,5,True,13,4.612054077377796,0.0,6.0,0.5,1,5.0,0.0,0.0,0,0.0,0.0,0.0,0.0,0.0,5.0,4.1,11.478692101289878,sim_input.json
23,0,5,<bidder.UniformBidder object at 0x0000028086D3F4A8>,5,True,14,6.885860304604163,0.0,3.0,1,1,5.0,0.0,0.0,0,0.0,0.0,0.0,0.0,0.0,5.0,4.1,11.478692101289878,sim_input.json
23,0,5,<bidder.UniformBidder object at 0x0000028086D3F4A8>,5,True,15,3.163271739340688,0.0,3.0,1,1,5.0,0.0,0.0,0,0.0,0.0,0.0,0.0,0.0,5.0,4.1,11.478692101289878,sim_input.json
23,0,5,<bidder.UniformBidder object at 0x0000028086D3F4A8>,5,True,16,6.073940278733316,0.0,2.0,1,1,5.0,0.0,0.0,0,0.04363636363636365,0.0,0.0,0.04363636363636365,0.26504466670836296,5.0,4.1,11.478692101289878,sim_input.json
23,0,5,<bidder.UniformBidder object at 0x0000028086D3F4A8>,5,True,17,0.8631078181268228,0.0,1.0,1,1,5.0,0.0,0.0,0,0.0872727272727273,0.0,0.0,0.0872727272727273,0.07532577321834091,5.0,4.1,11.478692101289878,sim_input.json
23,0,5,<bidder.UniformBidder object at 0x0000028086D3F4A8>,5,True,18,4.565711890652305,0.0,6.0,0.5,1,5.0,0.0,0.0,0,0.0,0.0,0.0,0.0,0.0,5.0,4.1,11.478692101289878,sim_input.json
23,0,5,<bidder.UniformBidder object at 0x0000028086D3F4A8>,5,True,19,1.770169100842498,0.0,2.0,1,1,5.0,0.0,0.0,0,0.04363636363636365,0.0,0.0,0.04363636363636365,0.07724374258221811,5.0,4.1,11.478692101289878,sim_input.json
23,0,5,<bidder.UniformBidder object at 0x0000028086D3F4A8>,5,True,20,2.9082035739053516,0.0,0.0,1,1,5.0,0.0,0.0,0,0.13090909090909095,0.0,0.0,0.13090909090909095,0.38071028603851886,5.0,4.1,11.478692101289878,sim_input.json
23,0,5,<bidder.UniformBidder object at 0x0000028086D3F4A8>,5,True,21,6.1801628805591955,0.0,1.0,1,1,5.0,0.0,0.0,0,0.0872727272727273,0.0,0.0,0.0872727272727273,0.5393596695760754,5.0,4.1,11.478692101289878,sim_input.json
23,0,5,<bidder.UniformBidder object at 0x0000028086D3F4A8>,5,True,22,1.9585843281420683,0.0,3.0,1,1,5.0,0.0,0.0,0,0.0,0.0,0.0,0.0,0.0,5.0,4.1,11.478692101289878,sim_input.json
23,0,5,<bidder.UniformBidder object at 0x0000028086D3F4A8>,5,True,23,2.186930655782076,0.0,1.0,1,1,5.0,0.0,0.0,0,0.0872727272727273,0.0,0.0,0.0872727272727273,0.19085940268643578,5.0,4.1,11.478692101289878,sim_input.json
23,0,5,<bidder.UniformBidder object at 0x0000028086D3F4A8>,5,True,24,0.6889675214134975,0.0,2.0,1,1,5.0,0.0,1.0,1,1.0,1.0,1.0,1.0,0.6889675214134975,5.0,4.1,11.478692101289878,sim_input.json
23,0,5,<bidder.UniformBidder object at 0x0000028086D3F4A8>,5,True,25,5.4120826711437955,0.0,0.0,1,1,5.0,0.0,0.0,0,0.13090909090909095,0.0,0.0,0.13090909090909095,0.7084908224042789,5.0,4.1,11.478692101289878,sim_input.json
23,0,5,<bidder.UniformBidder object at 0x0000028086D3F4A8>,5,True,26,2.3932979734301014,0.0,0.0,1,1,5.0,0.0,0.0,0,0.13090909090909095,0.0,0.0,0.13090909090909095,0.3133044619763043,5.0,4.1,11.478692101289878,sim_input.json
23,0,5,<bidder.UniformBidder object at 0x0000028086D3F4A8>,5,True,27,3.190986983065244,0.0,0.0,1,1,5.0,0.0,0.0,0,0.13090909090909095,0.0,0.0,0.13090909090909095,0.4177292050558139,5.0,4.1,11.478692101289878,sim_input.json
23,0,5,<bidder.UniformBidder object at 0x0000028086D3F4A8>,5,True,28,1.071064716752674,0.0,3.0,1,1,5.0,0.0,0.0,0,0.0,0.0,0.0,0.0,0.0,5.0,4.1,11.478692101289878,sim_input.json
23,0,5,<bidder.UniformBidder object at 0x0000028086D3F4A8>,5,True,29,2.8096323635982143,0.0,1.0,1,1,5.0,0.0,0.0,0,0.0872727272727273,0.0,0.0,0.0872727272727273,0.24520427900493513,5.0,4.1,11.478692101289878,sim_input.json
23,0,5,<bidder.UniformBidder object at 0x0000028086D3F4A8>,5,True,30,3.1358007272200465,0.0,3.0,1,1,5.0,0.0,0.0,0,0.0,0.0,0.0,0.0,0.0,5.0,4.1,11.478692101289878,sim_input.json
23,0,5,<bidder.UniformBidder object at 0x0000028086D3F4A8>,5,True,31,4.567337008594841,0.0,3.0,1,1,5.0,0.0,0.0,0,0.0,0.0,0.0,0.0,0.0,5.0,4.1,11.478692101289878,sim_input.json
23,0,5,<bidder.UniformBidder object at 0x0000028086D3F4A8>,5,True,32,4.016941760336675,0.0,4.0,0.75,1,5.0,0.0,0.0,0,0.0,0.0,0.0,0.0,0.0,5.0,4.1,11.478692101289878,sim_input.json
23,0,5,<bidder.UniformBidder object at 0x0000028086D3F4A8>,5,True,33,3.5932248959184614,0.0,2.0,1,1,5.0,0.0,0.0,0,0.04363636363636365,0.0,0.0,0.04363636363636365,0.1567952681855329,5.0,4.1,11.478692101289878,sim_input.json
23,0,5,<bidder.UniformBidder object at 0x0000028086D3F4A8>,5,True,34,1.2950435601295696,0.0,4.0,0.75,1,5.0,0.0,0.0,0,0.0,0.0,0.0,0.0,0.0,5.0,4.1,11.478692101289878,sim_input.json
23,0,5,<bidder.UniformBidder object at 0x0000028086D3F4A8>,5,True,35,7.575054604078642,0.0,2.0,1,1,5.0,0.0,0.0,0,0.04363636363636365,0.0,0.0,0.04363636363636365,0.33054783726888626,5.0,4.1,11.478692101289878,sim_input.json
23,0,5,<bidder.UniformBidder object at 0x0000028086D3F4A8>,5,True,36,4.087782218974354,0.0,1.0,1,1,5.0,0.0,0.0,0,0.0872727272727273,0.0,0.0,0.0872727272727273,0.3567519027468528,5.0,4.1,11.478692101289878,sim_input.json
23,0,5,<bidder.UniformBidder object at 0x0000028086D3F4A8>,5,True,37,0.6180527959613906,0.0,6.0,0.5,1,5.0,0.0,1.0,1,0.5,0.5,0.5,0.5,0.3090263979806953,5.0,4.1,11.478692101289878,sim_input.json
23,0,5,<bidder.UniformBidder object at 0x0000028086D3F4A8>,5,True,38,6.13689495791064,0.0,3.0,1,1,5.0,0.0,0.0,0,0.0,0.0,0.0,0.0,0.0,5.0,4.1,11.478692101289878,sim_input.json
23,0,5,<bidder.UniformBidder object at 0x0000028086D3F4A8>,5,True,39,1.3509383186214396,0.0,2.0,1,1,5.0,0.0,0.0,0,0.04363636363636365,0.0,0.0,0.04363636363636365,0.05895003572166284,5.0,4.1,11.478692101289878,sim_input.json
23,0,5,<bidder.UniformBidder object at 0x0000028086D3F4A8>,5,True,40,4.68706292024865,0.0,2.0,1,1,5.0,0.0,0.0,0,0.04363636363636365,0.0,0.0,0.04363636363636365,0.20452638197448658,5.0,4.1,11.478692101289878,sim_input.json
23,0,5,<bidder.UniformBidder object at 0x0000028086D3F4A8>,5,True,41,7.824217270358661,0.0,1.0,1,1,5.0,0.0,0.0,0,0.0872727272727273,0.0,0.0,0.0872727272727273,0.6828407799585742,5.0,4.1,11.478692101289878,sim_input.json
23,0,5,<bidder.UniformBidder object at 0x0000028086D3F4A8>,5,True,42,6.972410195114083,0.0,3.0,1,1,5.0,0.0,0.0,0,0.0,0.0,0.0,0.0,0.0,5.0,4.1,11.478692101289878,sim_input.json
23,0,5,<bidder.UniformBidder object at 0x0000028086D3F4A8>,5,True,43,3.5161361656704937,0.0,4.0,0.75,1,5.0,0.0,0.0,0,0.0,0.0,0.0,0.0,0.0,5.0,4.1,11.478692101289878,sim_input.json
23,0,5,<bidder.UniformBidder object at 0x0000028086D3F4A8>,5,True,44,5.399227862430765,0.0,1.0,1,1,5.0,0.0,0.0,0,0.0872727272727273,0.0,0.0,0.0872727272727273,0.4712053407212305,5.0,4.1,11.478692101289878,sim_input.json
23,0,5,<bidder.UniformBidder object at 0x0000028086D3F4A8>,5,True,45,6.469284010931048,0.0,1.0,1,1,5.0,0.0,0.0,0,0.0872727272727273,0.0,0.0,0.0872727272727273,0.5645920591358007,5.0,4.1,11.478692101289878,sim_input.json
23,0,5,<bidder.UniformBidder object at 0x0000028086D3F4A8>,5,True,46,3.5217855457309684,0.0,0.0,1,1,5.0,0.0,0.0,0,0.13090909090909095,0.0,0.0,0.13090909090909095,0.4610337441684178,5.0,4.1,11.478692101289878,sim_input.json
23,0,5,<bidder.UniformBidder object at 0x0000028086D3F4A8>,5,True,47,2.485296965769141,0.0,3.0,1,1,5.0,0.0,0.0,0,0.0,0.0,0.0,0.0,0.0,5.0,4.1,11.478692101289878,sim_input.json
23,0,5,<bidder.UniformBidder object at 0x0000028086D3F4A8>,5,True,48,0.18033560900011292,0.0,2.0,1,1,5.0,0.0,1.0,1,1.0,1.0,1.0,1.0,0.18033560900011292,5.0,4.1,11.478692101289878,sim_input.json
23,0,5,<bidder.UniformBidder object at 0x0000028086D3F4A8>,5,True,49,1.0123701436986718,0.0,2.0,1,1,5.0,0.0,0.0,0,0.04363636363636365,0.0,0.0,0.04363636363636365,0.04417615172503296,5.0,4.1,11.478692101289878,sim_input.json
23,0,5,<bidder.UniformBidder object at 0x0000028086D3F4A8>,5,True,50,7.348536154903912,0.0,0.0,1,1,5.0,0.0,0.0,0,0.13090909090909095,0.0,0.0,0.13090909090909095,0.9619901875510579,5.0,4.1,11.478692101289878,sim_input.json
23,0,5,<bidder.UniformBidder object at 0x0000028086D3F4A8>,5,True,51,4.318833813623868,0.0,4.0,0.75,1,5.0,0.0,0.0,0,0.0,0.0,0.0,0.0,0.0,5.0,4.1,11.478692101289878,sim_input.json
23,0,6,<bidder.UniformBidder object at 0x0000028086D3F5F8>,5,True,0,1.1664227615704832,0.0,5.0,0.6,1,5.0,0.0,0.0,0,0.0,0.0,0.0,0.0,0.0,5.0,4.5,9.544463762129974,sim_input.json
23,0,6,<bidder.UniformBidder object at 0x0000028086D3F5F8>,5,True,1,5.8006645273076485,0.0,1.0,1,1,5.0,0.0,0.0,0,0.07272727272727274,0.0,0.0,0.07272727272727274,0.42186651107691997,5.0,4.5,9.544463762129974,sim_input.json
23,0,6,<bidder.UniformBidder object at 0x0000028086D3F5F8>,5,True,2,1.5271983683736994,0.0,4.0,0.75,1,5.0,0.0,0.0,0,0.0,0.0,0.0,0.0,0.0,5.0,4.5,9.544463762129974,sim_input.json
23,0,6,<bidder.UniformBidder object at 0x0000028086D3F5F8>,5,True,3,1.1831811687608722,0.0,3.0,1,1,5.0,0.0,0.0,0,0.0,0.0,0.0,0.0,0.0,5.0,4.5,9.544463762129974,sim_input.json
23,0,6,<bidder.UniformBidder object at 0x0000028086D3F5F8>,5,True,4,1.3692115498337063,0.0,5.0,0.6,1,5.0,0.0,0.0,0,0.0,0.0,0.0,0.0,0.0,5.0,4.5,9.544463762129974,sim_input.json
23,0,6,<bidder.UniformBidder object at 0x0000028086D3F5F8>,5,True,5,7.606223916387531,0.0,3.0,1,1,5.0,0.0,0.0,0,0.0,0.0,0.0,0.0,0.0,5.0,4.5,9.544463762129974,sim_input.json
23,0,6,<bidder.UniformBidder object at 0x0000028086D3F5F8>,5,True,6,0.0,0.0,0.0,1,1,5.0,0.0,0.0,0,0.0,0.0,0.0,0.0,0.0,5.0,4.5,9.544463762129974,sim_input.json
23,0,6,<bidder.UniformBidder object at 0x0000028086D3F5F8>,5,True,7,3.664097501406115,0.0,2.0,1,1,5.0,0.0,0.0,0,0.03636363636363637,0.0,0.0,0.03636363636363637,0.13323990914204056,5.0,4.5,9.544463762129974,sim_input.json
23,0,6,<bidder.UniformBidder object at 0x0000028086D3F5F8>,5,True,8,3.2601226837151875,0.0,1.0,1,1,5.0,0.0,0.0,0,0.07272727272727274,0.0,0.0,0.07272727272727274,0.23709983154292277,5.0,4.5,9.544463762129974,sim_input.json
23,0,6,<bidder.UniformBidder object at 0x0000028086D3F5F8>,5,True,9,1.4954164935300662,0.0,4.0,0.75,1,5.0,0.0,0.0,0,0.0,0.0,0.0,0.0,0.0,5.0,4.5,9.544463762129974,sim_input.json
23,0,6,<bidder.UniformBidder object at 0x0000028086D3F5F8>,5,True,10,0.0,0.0,1.0,1,1,5.0,0.0,0.0,0,0.0,0.0,0.0,0.0,0.0,5.0,4.5,9.544463762129974,sim_input.json
23,0,6,<bidder.UniformBidder object at 0x0000028086D3F5F8>,5,True,11,6.110195880012527,0.0,1.0,1,1,5.0,0.0,0.0,0,0.07272727272727274,0.0,0.0,0.07272727272727274,0.4443778821827293,5.0,4.5,9.544463762129974,sim_input.json
23,0,6,<bidder.UniformBidder object at 0x0000028086D3F5F8>,5,True,12,5.131437756520082,0.0,3.0,1,1,5.0,0.0,0.0,0,0.0,0.0,0.0,0.0,0.0,5.0,4.5,9.544463762129974,sim_input.json
23,0,6,<bidder.UniformBidder object at 0x0000028086D3F5F8>,5,True,13,5.930423052991093,0.0,6.0,0.5,1,5.0,0.0,0.0,0,0.0,0.0,0.0,0.0,0.0,5.0,4.5,9.544463762129974,sim_input.json
23,0,6,<bidder.UniformBidder object at 0x0000028086D3F5F8>,5,True,14,6.981192417347684,0.0,3.0,1,1,5.0,0.0,0.0,0,0.0,0.0,0.0,0.0,0.0,5.0,4.5,9.544463762129974,sim_input.json
23,0,6,<bidder.UniformBidder object at 0x0000028086D3F5F8>,5,True,15,3.754127844921003,0.0,3.0,1,1,5.0,0.0,0.0,0,0.0,0.0,0.0,0.0,0.0,5.0,4.5,9.544463762129974,sim_input.json
23,0,6,<bidder.UniformBidder object at 0x0000028086D3F5F8>,5,True,16,7.5760105141499405,0.0,2.0,1,1,5.0,0.0,0.0,0,0.03636363636363637,0.0,0.0,0.03636363636363637,0.27549129142363427,5.0,4.5,9.544463762129974,sim_input.json
23,0,6,<bidder.UniformBidder object at 0x0000028086D3F5F8>,5,True,17,1.8781156929750424,0.0,1.0,1,1,5.0,0.0,0.0,0,0.07272727272727274,0.0,0.0,0.07272727272727274,0.13659023221636674,5.0,4.5,9.544463762129974,sim_input.json
23,0,6,<bidder.UniformBidder object at 0x0000028086D3F5F8>,5,True,18,0.551650813212094,0.0,6.0,0.5,1,5.0,0.0,1.0,1,0.5,0.5,0.5,0.5,0.275825406606047,5.0,4.5,9.544463762129974,sim_input.json
23,0,6,<bidder.UniformBidder object at 0x0000028086D3F5F8>,5,True,19,0.5265116096310908,0.0,2.0,1,1,5.0,0.0,1.0,1,1.0,1.0,1.0,1.0,0.5265116096310908,5.0,4.5,9.544463762129974,sim_input.json
23,0,6,<bidder.UniformBidder object at 0x0000028086D3F5F8>,5,True,20,3.788473771395787,0.0,0.0,1,1,5.0,0.0,0.0,0,0.1090909090909091,0.0,0.0,0.1090909090909091,0.4132880477886313,5.0,4.5,9.544463762129974,sim_input.json
23,0,6,<bidder.UniformBidder object at 0x0000028086D3F5F8>,5,True,21,1.518333423136788,0.0,1.0,1,1,5.0,0.0,0.0,0,0.07272727272727274,0.0,0.0,0.07272727272727274,0.11042424895540277,5.0,4.5,9.544463762129974,sim_input.json
23,0,6,<bidder.UniformBidder object at 0x0000028086D3F5F8>,5,True,22,7.331646151784916,0.0,3.0,1,1,5.0,0.0,0.0,0,0.0,0.0,0.0,0.0,0.0,5.0,4.5,9.544463762129974,sim_input.json
23,0,6,<bidder.UniformBidder object at 0x0000028086D3F5F8>,5,True,23,2.6674799890289194,0.0,1.0,1,1,5.0,0.0,0.0,0,0.07272727272727274,0.0,0.0,0.07272727272727274,0.1939985446566487,5.0,4.5,9.544463762129974,sim_input.json
23,0,6,<bidder.UniformBidder object at 0x0000028086D3F5F8>,5,True,24,1.7316067836249374,0.0,2.0,1,1,5.0,0.0,0.0,0,0.03636363636363637,0.0,0.0,0.03636363636363637,0.06296751940454319,5.0,4.5,9.544463762129974,sim_input.json
23,0,6,<bidder.UniformBidder object at 0x0000028086D3F5F8>,5,True,25,2.962639112727776,0.0,0.0,1,1,5.0,0.0,0.0,0,0.1090909090909091,0.0,0.0,0.1090909090909091,0.32319699411575736,5.0,4.5,9.544463762129974,sim_input.json
23,0,6,<bidder.UniformBidder object at 0x0000028086D3F5F8>,5,True,26,4.816360552470227,0.0,0.0,1,1,5.0,0.0,0.0,0,0.1090909090909091,0.0,0.0,0.1090909090909091,0.5254211511785702,5.0,4.5,9.544463762129974,sim_input.json
23,0,6,<bidder.UniformBidder object at 0x0000028086D3F5F8>,5,True,27,5.0444895880217535,0.0,0.0,1,1,5.0,0.0,0.0,0,0.1090909090909091,0.0,0.0,0.1090909090909091,0.5503079550569187,5.0,4.5,9.544463762129974,sim_input.json
23,0,6,<bidder.UniformBidder object at 0x0000028086D3F5F8>,5,True,28,0.6958506487953531,0.0,3.0,1,1,5.0,0.0,1.0,1,1.0,1.0,1.0,1.0,0.6958506487953531,5.0,4.5,9.544463762129974,sim_input.json
23,0,6,<bidder.UniformBidder object at 0x0000028086D3F5F8>,5,True,29,1.4497248644199283,0.0,1.0,1,1,5.0,0.0,0.0,0,0.07272727272727274,0.0,0.0,0.07272727272727274,0.10543453559417662,5.0,4.5,9.544463762129974,sim_input.json
23,0,6,<bidder.UniformBidder object at 0x0000028086D3F5F8>,5,True,30,0.8229530317878327,0.0,3.0,1,1,5.0,0.0,1.0,1,1.0,1.0,1.0,1.0,0.8229530317878327,5.0,4.5,9.544463762129974,sim_input.json
23,0,6,<bidder.UniformBidder object at 0x0000028086D3F5F8>,5,True,31,1.9951782740667534,0.0,3.0,1,1,5.0,0.0,0.0,0,0.0,0.0,0.0,0.0,0.0,5.0,4.5,9.544463762129974,sim_input.json
23,0,6,<bidder.UniformBidder object at 0x0000028086D3F5F8>,5,True,32,6.4494395761304215,0.0,4.0,0.75,1,5.0,0.0,0.0,0,0.0,0.0,0.0,0.0,0.0,5.0,4.5,9.544463762129974,sim_input.json
23,0,6,<bidder.UniformBidder object at 0x0000028086D3F5F8>,5,True,33,6.814580192873227,0.0,2.0,1,1,5.0,0.0,0.0,0,0.03636363636363637,0.0,0.0,0.03636363636363637,0.24780291610448102,5.0,4.5,9.544463762129974,sim_input.json
23,0,6,<bidder.UniformBidder object at 0x0000028086D3F5F8>,5,True,34,7.595490503309035,0.0,4.0,0.75,1,5.0,0.0,0.0,0,0.0,0.0,0.0,0.0,0.0,5.0,4.5,9.544463762129974,sim_input.json
23,0,6,<bidder.UniformBidder object at 0x0000028086D3F5F8>,5,True,35,0.0,0.0,2.0,1,1,5.0,0.0,0.0,0,0.0,0.0,0.0,0.0,0.0,5.0,4.5,9.544463762129974,sim_input.json
23,0,6,<bidder.UniformBidder object at 0x0000028086D3F5F8>,5,True,36,6.0382387885744215,0.0,1.0,1,1,5.0,0.0,0.0,0,0.07272727272727274,0.0,0.0,0.07272727272727274,0.4391446391690489,5.0,4.5,9.544463762129974,sim_input.json
23,0,6,<bidder.UniformBidder object at 0x0000028086D3F5F8>,5,True,37,0.0,0.0,6.0,0.5,1,5.0,0.0,0.0,0,0.0,0.0,0.0,0.0,0.0,5.0,4.5,9.544463762129974,sim_input.json
23,0,6,<bidder.UniformBidder object at 0x0000028086D3F5F8>,5,True,38,0.0,0.0,3.0,1,1,5.0,0.0,0.0,0,0.0,0.0,0.0,0.0,0.0,5.0,4.5,9.544463762129974,sim_input.json
23,0,6,<bidder.UniformBidder object at 0x0000028086D3F5F8>,5,True,39,6.139758567417981,0.0,2.0,1,1,5.0,0.0,0.0,0,0.03636363636363637,0.0,0.0,0.03636363636363637,0.22326394790610843,5.0,4.5,9.544463762129974,sim_input.json
23,0,6,<bidder.UniformBidder object at 0x0000028086D3F5F8>,5,True,40,2.6179792902974177,0.0,2.0,1,1,5.0,0.0,0.0,0,0.03636363636363637,0.0,0.0,0.03636363636363637,0.09519924691990611,5.0,4.5,9.544463762129974,sim_input.json
23,0,6,<bidder.UniformBidder object at 0x0000028086D3F5F8>,5,True,41,6.130875701691005,0.0,1.0,1,1,5.0,0.0,0.0,0,0.07272727272727274,0.0,0.0,0.07272727272727274,0.4458818692138914,5.0,4.5,9.544463762129974,sim_input.json
23,0,6,<bidder.UniformBidder object at 0x0000028086D3F5F8>,5,True,42,1.0112813846287065,0.0,3.0,1,1,5.0,0.0,0.0,0,0.0,0.0,0.0,0.0,0.0,5.0,4.5,9.544463762129974,sim_input.json
23,0,6,<bidder.UniformBidder object at 0x0000028086D3F5F8>,5,True,43,0.0,0.0,4.0,0.75,1,5.0,0.0,0.0,0,0.0,0.0,0.0,0.0,0.0,5.0,4.5,9.544463762129974,sim_input.json
23,0,6,<bidder.UniformBidder object at 0x0000028086D3F5F8>,5,True,44,5.134829538283309,0.0,1.0,1,1,5.0,0.0,0.0,0,0.07272727272727274,0.0,0.0,0.07272727272727274,0.3734421482387862,5.0,4.5,9.544463762129974,sim_input.json
23,0,6,<bidder.UniformBidder object at 0x0000028086D3F5F8>,5,True,45,3.5919360188169676,0.0,1.0,1,1,5.0,0.0,0.0,0,0.07272727272727274,0.0,0.0,0.07272727272727274,0.26123171045941584,5.0,4.5,9.544463762129974,sim_input.json
23,0,6,<bidder.UniformBidder object at 0x0000028086D3F5F8>,5,True,46,0.0,0.0,0.0,1,1,5.0,0.0,0.0,0,0.0,0.0,0.0,0.0,0.0,5.0,4.5,9.544463762129974,sim_input.json
23,0,6,<bidder.UniformBidder object at 0x0000028086D3F5F8>,5,True,47,0.9079573961458457,0.0,3.0,1,1,5.0,0.0,0.0,0,0.0,0.0,0.0,0.0,0.0,5.0,4.5,9.544463762129974,sim_input.json
23,0,6,<bidder.UniformBidder object at 0x0000028086D3F5F8>,5,True,48,6.882721108488586,0.0,2.0,1,1,5.0,0.0,0.0,0,0.03636363636363637,0.0,0.0,0.03636363636363637,0.25028076758140316,5.0,4.5,9.544463762129974,sim_input.json
23,0,6,<bidder.UniformBidder object at 0x0000028086D3F5F8>,5,True,49,0.48494346541663835,0.0,2.0,1,1,5.0,0.0,1.0,1,1.0,1.0,1.0,1.0,0.48494346541663835,5.0,4.5,9.544463762129974,sim_input.json
23,0,6,<bidder.UniformBidder object at 0x0000028086D3F5F8>,5,True,50,4.293920583009846,0.0,0.0,1,1,5.0,0.0,0.0,0,0.1090909090909091,0.0,0.0,0.1090909090909091,0.46842769996471045,5.0,4.5,9.544463762129974,sim_input.json
23,0,6,<bidder.UniformBidder object at 0x0000028086D3F5F8>,5,True,51,1.482002765525708,0.0,4.0,0.75,1,5.0,0.0,0.0,0,0.0,0.0,0.0,0.0,0.0,5.0,4.5,9.544463762129974,sim_input.json
23,0,7,<bidder.IntegralGreedyBidder object at 0x0000028086D3FF60>,5,True,0,0.8322245455653587,0.0,5.0,0.6,1,5.0,0.0,0.0,0,0.0,0.0,0.0,0.0,0.0,5.0,4.75,7.360154179845678,sim_input.json
23,0,7,<bidder.IntegralGreedyBidder object at 0x0000028086D3FF60>,5,True,1,6.116902025068984,0.0,1.0,1,1,5.0,0.0,0.0,0,0.06363636363636364,0.0,0.0,0.06363636363636364,0.38925740159529904,5.0,4.75,7.360154179845678,sim_input.json
23,0,7,<bidder.IntegralGreedyBidder object at 0x0000028086D3FF60>,5,True,2,4.258299090184524,0.0,4.0,0.75,1,5.0,0.0,0.0,0,0.0,0.0,0.0,0.0,0.0,5.0,4.75,7.360154179845678,sim_input.json
23,0,7,<bidder.IntegralGreedyBidder object at 0x0000028086D3FF60>,5,True,3,1.9937169530794092,0.0,3.0,1,1,5.0,0.0,0.0,0,0.0,0.0,0.0,0.0,0.0,5.0,4.75,7.360154179845678,sim_input.json
23,0,7,<bidder.IntegralGreedyBidder object at 0x0000028086D3FF60>,5,True,4,2.6499366701642475,0.0,5.0,0.6,1,5.0,0.0,0.0,0,0.0,0.0,0.0,0.0,0.0,5.0,4.75,7.360154179845678,sim_input.json
23,0,7,<bidder.IntegralGreedyBidder object at 0x0000028086D3FF60>,5,True,5,4.319182658756971,0.0,3.0,1,1,5.0,0.0,0.0,0,0.0,0.0,0.0,0.0,0.0,5.0,4.75,7.360154179845678,sim_input.json
23,0,7,<bidder.IntegralGreedyBidder object at 0x0000028086D3FF60>,5,True,6,7.267556858997768,0.0,0.0,1,1,5.0,0.0,0.0,0,0.09545454545454546,0.0,0.0,0.09545454545454546,0.693721336540696,5.0,4.75,7.360154179845678,sim_input.json
23,0,7,<bidder.IntegralGreedyBidder object at 0x0000028086D3FF60>,5,True,7,1.5028808714780482,0.0,2.0,1,1,5.0,0.0,0.0,0,0.03181818181818182,0.0,0.0,0.03181818181818182,0.04781893681975608,5.0,4.75,7.360154179845678,sim_input.json
23,0,7,<bidder.IntegralGreedyBidder object at 0x0000028086D3FF60>,5,True,8,0.0,0.0,1.0,1,1,5.0,0.0,0.0,0,0.0,0.0,0.0,0.0,0.0,5.0,4.75,7.360154179845678,sim_input.json
23,0,7,<bidder.IntegralGreedyBidder object at 0x0000028086D3FF60>,5,True,9,0.0,0.0,4.0,0.75,1,5.0,0.0,0.0,0,0.0,0.0,0.0,0.0,0.0,5.0,4.75,7.360154179845678,sim_input.json
23,0,7,<bidder.IntegralGreedyBidder object at 0x0000028086D3FF60>,5,True,10,2.823987730216692,0.0,1.0,1,1,5.0,0.0,0.0,0,0.06363636363636364,0.0,0.0,0.06363636363636364,0.1797083101046986,5.0,4.75,7.360154179845678,sim_input.json
23,0,7,<bidder.IntegralGreedyBidder object at 0x0000028086D3FF60>,5,True,11,0.0,0.0,1.0,1,1,5.0,0.0,0.0,0,0.0,0.0,0.0,0.0,0.0,5.0,4.75,7.360154179845678,sim_input.json
23,0,7,<bidder.IntegralGreedyBidder object at 0x0000028086D3FF60>,5,True,12,6.132288288111681,0.0,3.0,1,1,5.0,0.0,0.0,0,0.0,0.0,0.0,0.0,0.0,5.0,4.75,7.360154179845678,sim_input.json
23,0,7,<bidder.IntegralGreedyBidder object at 0x0000028086D3FF60>,5,True,13,0.9749204959063539,0.0,6.0,0.5,1,5.0,0.0,0.0,0,0.0,0.0,0.0,0.0,0.0,5.0,4.75,7.360154179845678,sim_input.json
23,0,7,<bidder.IntegralGreedyBidder object at 0x0000028086D3FF60>,5,True,14,6.763129442450643,0.0,3.0,1,1,5.0,0.0,0.0,0,0.0,0.0,0.0,0.0,0.0,5.0,4.75,7.360154179845678,sim_input.json
23,0,7,<bidder.IntegralGreedyBidder object at 0x0000028086D3FF60>,5,True,15,7.792261083208176,0.0,3.0,1,1,5.0,0.0,0.0,0,0.0,0.0,0.0,0.0,0.0,5.0,4.75,7.360154179845678,sim_input.json
23,0,7,<bidder.IntegralGreedyBidder object at 0x0000028086D3FF60>,5,True,16,6.782838844022485,0.0,2.0,1,1,5.0,0.0,0.0,0,0.03181818181818182,0.0,0.0,0.03181818181818182,0.21581759958253363,5.0,4.75,7.360154179845678,sim_input.json
23,0,7,<bidder.IntegralGreedyBidder object at 0x0000028086D3FF60>,5,True,17,1.5434405573955985,0.0,1.0,1,1,5.0,0.0,0.0,0,0.06363636363636364,0.0,0.0,0.06363636363636364,0.0982189445615381,5.0,4.75,7.360154179845678,sim_input.json
23,0,7,<bidder.IntegralGreedyBidder object at 0x0000028086D3FF60>,5,True,18,1.968510044627175,0.0,6.0,0.5,1,5.0,0.0,0.0,0,0.0,0.0,0.0,0.0,0.0,5.0,4.75,7.360154179845678,sim_input.json
23,0,7,<bidder.IntegralGreedyBidder object at 0x0000028086D3FF60>,5,True,19,7.770488285371339,0.0,2.0,1,1,5.0,0.0,0.0,0,0.03181818181818182,0.0,0.0,0.03181818181818182,0.24724280907999718,5.0,4.75,7.360154179845678,sim_input.json
23,0,7,<bidder.IntegralGreedyBidder object at 0x0000028086D3FF60>,5,True,20,4.93237701949538,0.0,0.0,1,1,5.0,0.0,0.0,0,0.09545454545454546,0.0,0.0,0.09545454545454546,0.4708178064063772,5.0,4.75,7.360154179845678,sim_input.json
23,0,7,<bidder.IntegralGreedyBidder object at 0x0000028086D3FF60>,5,True,21,0.0,0.0,1.0,1,1,5.0,0.0,0.0,0,0.0,0.0,0.0,0.0,0.0,5.0,4.75,7.360154179845678,sim_input.json
23,0,7,<bidder.IntegralGreedyBidder object at 0x0000028086D3FF60>,5,True,22,0.4400073669188742,0.0,3.0,1,1,5.0,0.0,1.0,1,1.0,1.0,1.0,1.0,0.4400073669188742,5.0,4.75,7.360154179845678,sim_input.json
23,0,7,<bidder.IntegralGreedyBidder object at 0x0000028086D3FF60>,5,True,23,0.6167372432945791,0.0,1.0,1,1,5.0,0.0,0.0,0,0.06363636363636364,0.0,0.0,0.06363636363636364,0.039246915482382315,5.0,4.75,7.360154179845678,sim_input.json
23,0,7,<bidder.IntegralGreedyBidder object at 0x0000028086D3FF60>,5,True,24,1.5916134871314829,0.0,2.0,1,1,5.0,0.0,0.0,0,0.03181818181818182,0.0,0.0,0.03181818181818182,0.05064224731781992,5.0,4.75,7.360154179845678,sim_input.json
23,0,7,<bidder.IntegralGreedyBidder object at 0x0000028086D3FF60>,5,True,25,2.704527821904406,0.0,0.0,1,1,5.0,0.0,0.0,0,0.09545454545454546,0.0,0.0,0.09545454545454546,0.25815947390905697,5.0,4.75,7.360154179845678,sim_input.json
23,0,7,<bidder.IntegralGreedyBidder object at 0x0000028086D3FF60>,5,True,26,0.5881556747653515,0.0,0.0,1,1,5.0,0.0,0.0,0,0.09545454545454546,0.0,0.0,0.09545454545454546,0.0561421325912381,5.0,4.75,7.360154179845678,sim_input.json
23,0,7,<bidder.IntegralGreedyBidder object at 0x0000028086D3FF60>,5,True,27,3.930190115516174,0.0,0.0,1,1,5.0,0.0,0.0,0,0.09545454545454546,0.0,0.0,0.09545454545454546,0.3751545110265439,5.0,4.75,7.360154179845678,sim_input.json
23,0,7,<bidder.IntegralGreedyBidder object at 0x0000028086D3FF60>,5,True,28,0.7656107147722929,0.0,3.0,1,1,5.0,0.0,0.0,0,0.0,0.0,0.0,0.0,0.0,5.0,4.75,7.360154179845678,sim_input.json
23,0,7,<bidder.IntegralGreedyBidder object at 0x0000028086D3FF60>,5,True,29,0.7268206560279129,0.0,1.0,1,1,5.0,0.0,0.0,0,0.06363636363636364,0.0,0.0,0.06363636363636364,0.04625222356541264,5.0,4.75,7.360154179845678,sim_input.json
23,0,7,<bidder.IntegralGreedyBidder object at 0x0000028086D3FF60>,5,True,30,6.892795458188118,0.0,3.0,1,1,5.0,0.0,0.0,0,0.0,0.0,0.0,0.0,0.0,5.0,4.75,7.360154179845678,sim_input.json
23,0,7,<bidder.IntegralGreedyBidder object at 0x0000028086D3FF60>,5,True,31,0.37940666161382597,0.0,3.0,1,1,5.0,0.0,1.0,1,1.0,1.0,1.0,1.0,0.37940666161382597,5.0,4.75,7.360154179845678,sim_input.json
23,0,7,<bidder.IntegralGreedyBidder object at 0x0000028086D3FF60>,5,True,32,4.9369648679482845,0.0,4.0,0.75,1,5.0,0.0,0.0,0,0.0,0.0,0.0,0.0,0.0,5.0,4.75,7.360154179845678,sim_input.json
23,0,7,<bidder.IntegralGreedyBidder object at 0x0000028086D3FF60>,5,True,33,3.926515362770542,0.0,2.0,1,1,5.0,0.0,0.0,0,0.03181818181818182,0.0,0.0,0.03181818181818182,0.12493457972451726,5.0,4.75,7.360154179845678,sim_input.json
23,0,7,<bidder.IntegralGreedyBidder object at 0x0000028086D3FF60>,5,True,34,4.374340535308233,0.0,4.0,0.75,1,5.0,0.0,0.0,0,0.0,0.0,0.0,0.0,0.0,5.0,4.75,7.360154179845678,sim_input.json
23,0,7,<bidder.IntegralGreedyBidder object at 0x0000028086D3FF60>,5,True,35,7.84418020397049,0.0,2.0,1,1,5.0,0.0,0.0,0,0.03181818181818182,0.0,0.0,0.03181818181818182,0.24958755194451562,5.0,4.75,7.360154179845678,sim_input.json
23,0,7,<bidder.IntegralGreedyBidder object at 0x0000028086D3FF60>,5,True,36,1.72691082431216,0.0,1.0,1,1,5.0,0.0,0.0,0,0.06363636363636364,0.0,0.0,0.06363636363636364,0.1098943251835011,5.0,4.75,7.360154179845678,sim_input.json
23,0,7,<bidder.IntegralGreedyBidder object at 0x0000028086D3FF60>,5,True,37,0.7366006492993412,0.0,6.0,0.5,1,5.0,0.0,0.0,0,0.0,0.0,0.0,0.0,0.0,5.0,4.75,7.360154179845678,sim_input.json
23,0,7,<bidder.IntegralGreedyBidder object at 0x0000028086D3FF60>,5,True,38,0.7786076332243672,0.0,3.0,1,1,5.0,0.0,0.0,0,0.0,0.0,0.0,0.0,0.0,5.0,4.75,7.360154179845678,sim_input.json
23,0,7,<bidder.IntegralGreedyBidder object at 0x0000028086D3FF60>,5,True,39,2.631485779300926,0.0,2.0,1,1,5.0,0.0,0.0,0,0.03181818181818182,0.0,0.0,0.03181818181818182,0.08372909297775676,5.0,4.75,7.360154179845678,sim_input.json
23,0,7,<bidder.IntegralGreedyBidder object at 0x0000028086D3FF60>,5,True,40,0.9617027687681754,0.0,2.0,1,1,5.0,0.0,0.0,0,0.03181818181818182,0.0,0.0,0.03181818181818182,0.030599633551714675,5.0,4.75,7.360154179845678,sim_input.json
23,0,7,<bidder.IntegralGreedyBidder object at 0x0000028086D3FF60>,5,True,41,6.061796571888557,0.0,1.0,1,1,5.0,0.0,0.0,0,0.06363636363636364,0.0,0.0,0.06363636363636364,0.3857506909383628,5.0,4.75,7.360154179845678,sim_input.json
23,0,7,<bidder.IntegralGreedyBidder object at 0x0000028086D3FF60>,5,True,42,0.2408608161109681,0.0,3.0,1,1,5.0,0.0,1.0,1,1.0,1.0,1.0,1.0,0.2408608161109681,5.0,4.75,7.360154179845678,sim_input.json
23,0,7,<bidder.IntegralGreedyBidder object at 0x0000028086D3FF60>,5,True,43,0.14454156733655688,0.0,4.0,0.75,1,5.0,0.0,1.0,1,0.75,0.75,0.75,0.75,0.10840617550241766,5.0,4.75,7.360154179845678,sim_input.json
23,0,7,<bidder.IntegralGreedyBidder object at 0x0000028086D3FF60>,5,True,44,1.3908061925022384,0.0,1.0,1,1,5.0,0.0,0.0,0,0.06363636363636364,0.0,0.0,0.06363636363636364,0.08850584861377882,5.0,4.75,7.360154179845678,sim_input.json
23,0,7,<bidder.IntegralGreedyBidder object at 0x0000028086D3FF60>,5,True,45,3.679357886724361,0.0,1.0,1,1,5.0,0.0,0.0,0,0.06363636363636364,0.0,0.0,0.06363636363636364,0.2341409564279139,5.0,4.75,7.360154179845678,sim_input.json
23,0,7,<bidder.IntegralGreedyBidder object at 0x0000028086D3FF60>,5,True,46,7.6493047377690715,0.0,0.0,1,1,5.0,0.0,0.0,0,0.09545454545454546,0.0,0.0,0.09545454545454546,0.7301609067870478,5.0,4.75,7.360154179845678,sim_input.json
23,0,7,<bidder.IntegralGreedyBidder object at 0x0000028086D3FF60>,5,True,47,0.6859058503988842,0.0,3.0,1,1,5.0,0.0,0.0,0,0.0,0.0,0.0,0.0,0.0,5.0,4.75,7.360154179845678,sim_input.json
23,0,7,<bidder.IntegralGreedyBidder object at 0x0000028086D3FF60>,5,True,48,0.0,0.0,2.0,1,1,5.0,0.0,0.0,0,0.0,0.0,0.0,0.0,0.0,5.0,4.75,7.360154179845678,sim_input.json
23,0,7,<bidder.IntegralGreedyBidder object at 0x0000028086D3FF60>,5,True,49,0.5153989845329688,0.0,2.0,1,1,5.0,0.0,1.0,1,1.0,1.0,1.0,1.0,0.5153989845329688,5.0,4.75,7.360154179845678,sim_input.json
23,0,7,<bidder.IntegralGreedyBidder object at 0x0000028086D3FF60>,5,True,50,4.929780328357921,0.0,0.0,1,1,5.0,0.0,0.0,0,0.09545454545454546,0.0,0.0,0.09545454545454546,0.4705699404341652,5.0,4.75,7.360154179845678,sim_input.json
23,0,7,<bidder.IntegralGreedyBidder object at 0x0000028086D3FF60>,5,True,51,4.408384706612567,0.0,4.0,0.75,1,5.0,0.0,0.0,0,0.0,0.0,0.0,0.0,0.0,5.0,4.75,7.360154179845678,sim_input.json
23,0,8,<bidder.UniformBidder object at 0x0000028086D3FEF0>,5,True,0,3.4638643938506384,0.0,5.0,0.6,1,5.0,0.0,0.0,0,0.0,0.0,0.0,0.0,0.0,5.0,4.5,10.48976786265633,sim_input.json
23,0,8,<bidder.UniformBidder object at 0x0000028086D3FEF0>,5,True,1,4.978681513221737,0.0,1.0,1,1,5.0,0.0,0.0,0,0.07272727272727274,0.0,0.0,0.07272727272727274,0.3620859282343082,5.0,4.5,10.48976786265633,sim_input.json
23,0,8,<bidder.UniformBidder object at 0x0000028086D3FEF0>,5,True,2,2.8666987416348744,0.0,4.0,0.75,1,5.0,0.0,0.0,0,0.0,0.0,0.0,0.0,0.0,5.0,4.5,10.48976786265633,sim_input.json
23,0,8,<bidder.UniformBidder object at 0x0000028086D3FEF0>,5,True,3,4.103733589506909,0.0,3.0,1,1,5.0,0.0,0.0,0,0.0,0.0,0.0,0.0,0.0,5.0,4.5,10.48976786265633,sim_input.json
23,0,8,<bidder.UniformBidder object at 0x0000028086D3FEF0>,5,True,4,2.5476807361597467,0.0,5.0,0.6,1,5.0,0.0,0.0,0,0.0,0.0,0.0,0.0,0.0,5.0,4.5,10.48976786265633,sim_input.json
23,0,8,<bidder.UniformBidder object at 0x0000028086D3FEF0>,5,True,5,2.442025526192703,0.0,3.0,1,1,5.0,0.0,0.0,0,0.0,0.0,0.0,0.0,0.0,5.0,4.5,10.48976786265633,sim_input.json
23,0,8,<bidder.UniformBidder object at 0x0000028086D3FEF0>,5,True,6,4.427718726554511,0.0,0.0,1,1,5.0,0.0,0.0,0,0.1090909090909091,0.0,0.0,0.1090909090909091,0.483023861078674,5.0,4.5,10.48976786265633,sim_input.json
23,0,8,<bidder.UniformBidder object at 0x0000028086D3FEF0>,5,True,7,6.145951194026336,0.0,2.0,1,1,5.0,0.0,0.0,0,0.03636363636363637,0.0,0.0,0.03636363636363637,0.22348913432823042,5.0,4.5,10.48976786265633,sim_input.json
23,0,8,<bidder.UniformBidder object at 0x0000028086D3FEF0>,5,True,8,7.913581829004537,0.0,1.0,1,1,5.0,0.0,0.0,0,0.07272727272727274,0.0,0.0,0.07272727272727274,0.5755332239276028,5.0,4.5,10.48976786265633,sim_input.json
23,0,8,<bidder.UniformBidder object at 0x0000028086D3FEF0>,5,True,9,0.9304634539869234,0.0,4.0,0.75,1,5.0,0.0,0.0,0,0.0,0.0,0.0,0.0,0.0,5.0,4.5,10.48976786265633,sim_input.json
23,0,8,<bidder.UniformBidder object at 0x0000028086D3FEF0>,5,True,10,7.6072106593402005,0.0,1.0,1,1,5.0,0.0,0.0,0,0.07272727272727274,0.0,0.0,0.07272727272727274,0.553251684315651,5.0,4.5,10.48976786265633,sim_input.json
23,0,8,<bidder.UniformBidder object at 0x0000028086D3FEF0>,5,True,11,6.243894166238787,0.0,1.0,1,1,5.0,0.0,0.0,0,0.07272727272727274,0.0,0.0,0.07272727272727274,0.4541013939082755,5.0,4.5,10.48976786265633,sim_input.json
23,0,8,<bidder.UniformBidder object at 0x0000028086D3FEF0>,5,True,12,7.1724308074083885,0.0,3.0,1,1,5.0,0.0,0.0,0,0.0,0.0,0.0,0.0,0.0,5.0,4.5,10.48976786265633,sim_input.json
23,0,8,<bidder.UniformBidder object at 0x0000028086D3FEF0>,5,True,13,0.0,0.0,6.0,0.5,1,5.0,0.0,0.0,0,0.0,0.0,0.0,0.0,0.0,5.0,4.5,10.48976786265633,sim_input.json
23,0,8,<bidder.UniformBidder object at 0x0000028086D3FEF0>,5,True,14,2.783944065437799,0.0,3.0,1,1,5.0,0.0,0.0,0,0.0,0.0,0.0,0.0,0.0,5.0,4.5,10.48976786265633,sim_input.json
23,0,8,<bidder.UniformBidder object at 0x0000028086D3FEF0>,5,True,15,4.659338932760552,0.0,3.0,1,1,5.0,0.0,0.0,0,0.0,0.0,0.0,0.0,0.0,5.0,4.5,10.48976786265633,sim_input.json
23,0,8,<bidder.UniformBidder object at 0x0000028086D3FEF0>,5,True,16,0.0,0.0,2.0,1,1,5.0,0.0,0.0,0,0.0,0.0,0.0,0.0,0.0,5.0,4.5,10.48976786265633,sim_input.json
23,0,8,<bidder.UniformBidder object at 0x0000028086D3FEF0>,5,True,17,0.0,0.0,1.0,1,1,5.0,0.0,0.0,0,0.0,0.0,0.0,0.0,0.0,5.0,4.5,10.48976786265633,sim_input.json
23,0,8,<bidder.UniformBidder object at 0x0000028086D3FEF0>,5,True,18,6.703961672066081,0.0,6.0,0.5,1,5.0,0.0,0.0,0,0.0,0.0,0.0,0.0,0.0,5.0,4.5,10.48976786265633,sim_input.json
23,0,8,<bidder.UniformBidder object at 0x0000028086D3FEF0>,5,True,19,4.2704579074113935,0.0,2.0,1,1,5.0,0.0,0.0,0,0.03636363636363637,0.0,0.0,0.03636363636363637,0.15528937845132343,5.0,4.5,10.48976786265633,sim_input.json
23,0,8,<bidder.UniformBidder object at 0x0000028086D3FEF0>,5,True,20,2.51106954387557,0.0,0.0,1,1,5.0,0.0,0.0,0,0.1090909090909091,0.0,0.0,0.1090909090909091,0.2739348593318804,5.0,4.5,10.48976786265633,sim_input.json
23,0,8,<bidder.UniformBidder object at 0x0000028086D3FEF0>,5,True,21,2.3210903829739364,0.0,1.0,1,1,5.0,0.0,0.0,0,0.07272727272727274,0.0,0.0,0.07272727272727274,0.1688065733071954,5.0,4.5,10.48976786265633,sim_input.json
23,0,8,<bidder.UniformBidder object at 0x0000028086D3FEF0>,5,True,22,1.601820842889686,0.0,3.0,1,1,5.0,0.0,0.0,0,0.0,0.0,0.0,0.0,0.0,5.0,4.5,10.48976786265633,sim_input.json
23,0,8,<bidder.UniformBidder object at 0x0000028086D3FEF0>,5,True,23,1.5223686136335957,0.0,1.0,1,1,5.0,0.0,0.0,0,0.07272727272727274,0.0,0.0,0.07272727272727274,0.11071771735517061,5.0,4.5,10.48976786265633,sim_input.json
23,0,8,<bidder.UniformBidder object at 0x0000028086D3FEF0>,5,True,24,1.1585439467677126,0.0,2.0,1,1,5.0,0.0,0.0,0,0.03636363636363637,0.0,0.0,0.03636363636363637,0.04212887079155319,5.0,4.5,10.48976786265633,sim_input.json
23,0,8,<bidder.UniformBidder object at 0x0000028086D3FEF0>,5,True,25,1.3889303989513055,0.0,0.0,1,1,5.0,0.0,0.0,0,0.1090909090909091,0.0,0.0,0.1090909090909091,0.15151967988559698,5.0,4.5,10.48976786265633,sim_input.json
23,0,8,<bidder.UniformBidder object at 0x0000028086D3FEF0>,5,True,26,6.144466803117574,0.0,0.0,1,1,5.0,0.0,0.0,0,0.1090909090909091,0.0,0.0,0.1090909090909091,0.6703054694310081,5.0,4.5,10.48976786265633,sim_input.json
23,0,8,<bidder.UniformBidder object at 0x0000028086D3FEF0>,5,True,27,4.508590087216147,0.0,0.0,1,1,5.0,0.0,0.0,0,0.1090909090909091,0.0,0.0,0.1090909090909091,0.4918461913326706,5.0,4.5,10.48976786265633,sim_input.json
23,0,8,<bidder.UniformBidder object at 0x0000028086D3FEF0>,5,True,28,5.13993464961999,0.0,3.0,1,1,5.0,0.0,0.0,0,0.0,0.0,0.0,0.0,0.0,5.0,4.5,10.48976786265633,sim_input.json
23,0,8,<bidder.UniformBidder object at 0x0000028086D3FEF0>,5,True,29,3.6732310910195345,0.0,1.0,1,1,5.0,0.0,0.0,0,0.07272727272727274,0.0,0.0,0.07272727272727274,0.2671440793468753,5.0,4.5,10.48976786265633,sim_input.json
23,0,8,<bidder.UniformBidder object at 0x0000028086D3FEF0>,5,True,30,6.815250001300434,0.0,3.0,1,1,5.0,0.0,0.0,0,0.0,0.0,0.0,0.0,0.0,5.0,4.5,10.48976786265633,sim_input.json
23,0,8,<bidder.UniformBidder object at 0x0000028086D3FEF0>,5,True,31,1.1636193305476206,0.0,3.0,1,1,5.0,0.0,0.0,0,0.0,0.0,0.0,0.0,0.0,5.0,4.5,10.48976786265633,sim_input.json
23,0,8,<bidder.UniformBidder object at 0x0000028086D3FEF0>,5,True,32,0.0,0.0,4.0,0.75,1,5.0,0.0,0.0,0,0.0,0.0,0.0,0.0,0.0,5.0,4.5,10.48976786265633,sim_input.json
23,0,8,<bidder.UniformBidder object at 0x0000028086D3FEF0>,5,True,33,0.42900638840413885,0.0,2.0,1,1,5.0,0.0,1.0,1,1.0,1.0,1.0,1.0,0.42900638840413885,5.0,4.5,10.48976786265633,sim_input.json
23,0,8,<bidder.UniformBidder object at 0x0000028086D3FEF0>,5,True,34,0.845522108817456,0.0,4.0,0.75,1,5.0,0.0,1.0,1,0.75,0.75,0.75,0.75,0.634141581613092,5.0,4.5,10.48976786265633,sim_input.json
23,0,8,<bidder.UniformBidder object at 0x0000028086D3FEF0>,5,True,35,1.30384917599592,0.0,2.0,1,1,5.0,0.0,0.0,0,0.03636363636363637,0.0,0.0,0.03636363636363637,0.047412697308942556,5.0,4.5,10.48976786265633,sim_input.json
23,0,8,<bidder.UniformBidder object at 0x0000028086D3FEF0>,5,True,36,7.776932898025709,0.0,1.0,1,1,5.0,0.0,0.0,0,0.07272727272727274,0.0,0.0,0.07272727272727274,0.5655951198564153,5.0,4.5,10.48976786265633,sim_input.json
23,0,8,<bidder.UniformBidder object at 0x0000028086D3FEF0>,5,True,37,0.9742959288669915,0.0,6.0,0.5,1,5.0,0.0,0.0,0,0.0,0.0,0.0,0.0,0.0,5.0,4.5,10.48976786265633,sim_input.json
23,0,8,<bidder.UniformBidder object at 0x0000028086D3FEF0>,5,True,38,0.9056749002782531,0.0,3.0,1,1,5.0,0.0,1.0,1,1.0,1.0,1.0,1.0,0.9056749002782531,5.0,4.5,10.48976786265633,sim_input.json
23,0,8,<bidder.UniformBidder object at 0x0000028086D3FEF0>,5,True,39,6.278597599675049,0.0,2.0,1,1,5.0,0.0,0.0,0,0.03636363636363637,0.0,0.0,0.03636363636363637,0.22831263998818363,5.0,4.5,10.48976786265633,sim_input.json
23,0,8,<bidder.UniformBidder object at 0x0000028086D3FEF0>,5,True,40,1.5139044695200274,0.0,2.0,1,1,5.0,0.0,0.0,0,0.03636363636363637,0.0,0.0,0.03636363636363637,0.0550510716189101,5.0,4.5,10.48976786265633,sim_input.json
23,0,8,<bidder.UniformBidder object at 0x0000028086D3FEF0>,5,True,41,3.630973724675969,0.0,1.0,1,1,5.0,0.0,0.0,0,0.07272727272727274,0.0,0.0,0.07272727272727274,0.2640708163400705,5.0,4.5,10.48976786265633,sim_input.json
23,0,8,<bidder.UniformBidder object at 0x0000028086D3FEF0>,5,True,42,1.240254553799766,0.0,3.0,1,1,5.0,0.0,0.0,0,0.0,0.0,0.0,0.0,0.0,5.0,4.5,10.48976786265633,sim_input.json
23,0,8,<bidder.UniformBidder object at 0x0000028086D3FEF0>,5,True,43,0.9084847353267997,0.0,4.0,0.75,1,5.0,0.0,1.0,1,0.75,0.75,0.75,0.75,0.6813635514950998,5.0,4.5,10.48976786265633,sim_input.json
23,0,8,<bidder.UniformBidder object at 0x0000028086D3FEF0>,5,True,44,3.2366626963765492,0.0,1.0,1,1,5.0,0.0,0.0,0,0.07272727272727274,0.0,0.0,0.07272727272727274,0.23539365064556725,5.0,4.5,10.48976786265633,sim_input.json
23,0,8,<bidder.UniformBidder object at 0x0000028086D3FEF0>,5,True,45,2.502729562948682,0.0,1.0,1,1,5.0,0.0,0.0,0,0.07272727272727274,0.0,0.0,0.07272727272727274,0.1820166954871769,5.0,4.5,10.48976786265633,sim_input.json
23,0,8,<bidder.UniformBidder object at 0x0000028086D3FEF0>,5,True,46,4.583669465644439,0.0,0.0,1,1,5.0,0.0,0.0,0,0.1090909090909091,0.0,0.0,0.1090909090909091,0.5000366689793934,5.0,4.5,10.48976786265633,sim_input.json
23,0,8,<bidder.UniformBidder object at 0x0000028086D3FEF0>,5,True,47,0.28864254584460136,0.0,3.0,1,1,5.0,0.0,1.0,1,1.0,1.0,1.0,1.0,0.28864254584460136,5.0,4.5,10.48976786265633,sim_input.json
23,0,8,<bidder.UniformBidder object at 0x0000028086D3FEF0>,5,True,48,7.829453320717219,0.0,2.0,1,1,5.0,0.0,0.0,0,0.03636363636363637,0.0,0.0,0.03636363636363637,0.2847073934806262,5.0,4.5,10.48976786265633,sim_input.json
23,0,8,<bidder.UniformBidder object at 0x0000028086D3FEF0>,5,True,49,1.2931689567964035,0.0,2.0,1,1,5.0,0.0,0.0,0,0.03636363636363637,0.0,0.0,0.03636363636363637,0.04702432570168741,5.0,4.5,10.48976786265633,sim_input.json
23,0,8,<bidder.UniformBidder object at 0x0000028086D3FEF0>,5,True,50,1.4496145637247504,0.0,0.0,1,1,5.0,0.0,0.0,0,0.1090909090909091,0.0,0.0,0.1090909090909091,0.1581397705881546,5.0,4.5,10.48976786265633,sim_input.json
23,0,8,<bidder.UniformBidder object at 0x0000028086D3FEF0>,5,True,51,1.5241009007994788,0.0,4.0,0.75,1,5.0,0.0,0.0,0,0.0,0.0,0.0,0.0,0.0,5.0,4.5,10.48976786265633,sim_input.json
23,0,9,<bidder.IntegralGreedyBidder object at 0x0000028086D3FEB8>,5,True,0,0.911210477782575,0.0,5.0,0.6,1,5.0,0.0,0.0,0,0.0,0.0,0.0,0.0,0.0,5.0,4.5,7.871342077051734,sim_input.json
23,0,9,<bidder.IntegralGreedyBidder object at 0x0000028086D3FEB8>,5,True,1,7.586192320334285,0.0,1.0,1,1,5.0,0.0,0.0,0,0.07272727272727274,0.0,0.0,0.07272727272727274,0.5517230778424935,5.0,4.5,7.871342077051734,sim_input.json
23,0,9,<bidder.IntegralGreedyBidder object at 0x0000028086D3FEB8>,5,True,2,7.591884420903634,0.0,4.0,0.75,1,5.0,0.0,0.0,0,0.0,0.0,0.0,0.0,0.0,5.0,4.5,7.871342077051734,sim_input.json
23,0,9,<bidder.IntegralGreedyBidder object at 0x0000028086D3FEB8>,5,True,3,6.667389806648604,0.0,3.0,1,1,5.0,0.0,0.0,0,0.0,0.0,0.0,0.0,0.0,5.0,4.5,7.871342077051734,sim_input.json
23,0,9,<bidder.IntegralGreedyBidder object at 0x0000028086D3FEB8>,5,True,4,7.394317047948495,0.0,5.0,0.6,1,5.0,0.0,0.0,0,0.0,0.0,0.0,0.0,0.0,5.0,4.5,7.871342077051734,sim_input.json
23,0,9,<bidder.IntegralGreedyBidder object at 0x0000028086D3FEB8>,5,True,5,3.8428170141207634,0.0,3.0,1,1,5.0,0.0,0.0,0,0.0,0.0,0.0,0.0,0.0,5.0,4.5,7.871342077051734,sim_input.json
23,0,9,<bidder.IntegralGreedyBidder object at 0x0000028086D3FEB8>,5,True,6,3.0270185660358573,0.0,0.0,1,1,5.0,0.0,0.0,0,0.1090909090909091,0.0,0.0,0.1090909090909091,0.3302202072039117,5.0,4.5,7.871342077051734,sim_input.json
23,0,9,<bidder.IntegralGreedyBidder object at 0x0000028086D3FEB8>,5,True,7,7.698378118710867,0.0,2.0,1,1,5.0,0.0,0.0,0,0.03636363636363637,0.0,0.0,0.03636363636363637,0.279941022498577,5.0,4.5,7.871342077051734,sim_input.json
23,0,9,<bidder.IntegralGreedyBidder object at 0x0000028086D3FEB8>,5,True,8,7.377769333644418,0.0,1.0,1,1,5.0,0.0,0.0,0,0.07272727272727274,0.0,0.0,0.07272727272727274,0.5365650424468669,5.0,4.5,7.871342077051734,sim_input.json
23,0,9,<bidder.IntegralGreedyBidder object at 0x0000028086D3FEB8>,5,True,9,2.880796720187288,0.0,4.0,0.75,1,5.0,0.0,0.0,0,0.0,0.0,0.0,0.0,0.0,5.0,4.5,7.871342077051734,sim_input.json
23,0,9,<bidder.IntegralGreedyBidder object at 0x0000028086D3FEB8>,5,True,10,6.159588142663214,0.0,1.0,1,1,5.0,0.0,0.0,0,0.07272727272727274,0.0,0.0,0.07272727272727274,0.4479700467391429,5.0,4.5,7.871342077051734,sim_input.json
23,0,9,<bidder.IntegralGreedyBidder object at 0x0000028086D3FEB8>,5,True,11,3.4346387810857424,0.0,1.0,1,1,5.0,0.0,0.0,0,0.07272727272727274,0.0,0.0,0.07272727272727274,0.2497919113516904,5.0,4.5,7.871342077051734,sim_input.json
23,0,9,<bidder.IntegralGreedyBidder object at 0x0000028086D3FEB8>,5,True,12,2.1978402060703193,0.0,3.0,1,1,5.0,0.0,0.0,0,0.0,0.0,0.0,0.0,0.0,5.0,4.5,7.871342077051734,sim_input.json
23,0,9,<bidder.IntegralGreedyBidder object at 0x0000028086D3FEB8>,5,True,13,0.13707127006618114,0.0,6.0,0.5,1,5.0,0.0,1.0,1,0.5,0.5,0.5,0.5,0.06853563503309057,5.0,4.5,7.871342077051734,sim_input.json
23,0,9,<bidder.IntegralGreedyBidder object at 0x0000028086D3FEB8>,5,True,14,0.10161240436003671,0.0,3.0,1,1,5.0,0.0,1.0,1,1.0,1.0,1.0,1.0,0.10161240436003671,5.0,4.5,7.871342077051734,sim_input.json
23,0,9,<bidder.IntegralGreedyBidder object at 0x0000028086D3FEB8>,5,True,15,4.44309221659889,0.0,3.0,1,1,5.0,0.0,0.0,0,0.0,0.0,0.0,0.0,0.0,5.0,4.5,7.871342077051734,sim_input.json
23,0,9,<bidder.IntegralGreedyBidder object at 0x0000028086D3FEB8>,5,True,16,5.765641574443897,0.0,2.0,1,1,5.0,0.0,0.0,0,0.03636363636363637,0.0,0.0,0.03636363636363637,0.20965969361614176,5.0,4.5,7.871342077051734,sim_input.json
23,0,9,<bidder.IntegralGreedyBidder object at 0x0000028086D3FEB8>,5,True,17,0.27032052984916144,0.0,1.0,1,1,5.0,0.0,0.0,0,0.07272727272727274,0.0,0.0,0.07272727272727274,0.019659674898120833,5.0,4.5,7.871342077051734,sim_input.json
23,0,9,<bidder.IntegralGreedyBidder object at 0x0000028086D3FEB8>,5,True,18,4.553444589176929,0.0,6.0,0.5,1,5.0,0.0,0.0,0,0.0,0.0,0.0,0.0,0.0,5.0,4.5,7.871342077051734,sim_input.json
23,0,9,<bidder.IntegralGreedyBidder object at 0x0000028086D3FEB8>,5,True,19,3.9056712475906665,0.0,2.0,1,1,5.0,0.0,0.0,0,0.03636363636363637,0.0,0.0,0.03636363636363637,0.142024409003297,5.0,4.5,7.871342077051734,sim_input.json
23,0,9,<bidder.IntegralGreedyBidder object at 0x0000028086D3FEB8>,5,True,20,6.327270076237591,0.0,0.0,1,1,5.0,0.0,0.0,0,0.1090909090909091,0.0,0.0,0.1090909090909091,0.6902476446804645,5.0,4.5,7.871342077051734,sim_input.json
23,0,9,<bidder.IntegralGreedyBidder object at 0x0000028086D3FEB8>,5,True,21,2.1942793740348643,0.0,1.0,1,1,5.0,0.0,0.0,0,0.07272727272727274,0.0,0.0,0.07272727272727274,0.15958395447526288,5.0,4.5,7.871342077051734,sim_input.json
23,0,9,<bidder.IntegralGreedyBidder object at 0x0000028086D3FEB8>,5,True,22,2.172543796336675,0.0,3.0,1,1,5.0,0.0,0.0,0,0.0,0.0,0.0,0.0,0.0,5.0,4.5,7.871342077051734,sim_input.json
23,0,9,<bidder.IntegralGreedyBidder object at 0x0000028086D3FEB8>,5,True,23,3.1396422775750814,0.0,1.0,1,1,5.0,0.0,0.0,0,0.07272727272727274,0.0,0.0,0.07272727272727274,0.22833762018727868,5.0,4.5,7.871342077051734,sim_input.json
23,0,9,<bidder.IntegralGreedyBidder object at 0x0000028086D3FEB8>,5,True,24,0.5300837873825989,0.0,2.0,1,1,5.0,0.0,0.0,0,0.03636363636363637,0.0,0.0,0.03636363636363637,0.01927577408663996,5.0,4.5,7.871342077051734,sim_input.json
23,0,9,<bidder.IntegralGreedyBidder object at 0x0000028086D3FEB8>,5,True,25,7.781077937931317,0.0,0.0,1,1,5.0,0.0,0.0,0,0.1090909090909091,0.0,0.0,0.1090909090909091,0.8488448659561437,5.0,4.5,7.871342077051734,sim_input.json
23,0,9,<bidder.IntegralGreedyBidder object at 0x0000028086D3FEB8>,5,True,26,1.4538311600171405,0.0,0.0,1,1,5.0,0.0,0.0,0,0.1090909090909091,0.0,0.0,0.1090909090909091,0.15859976291096078,5.0,4.5,7.871342077051734,sim_input.json
23,0,9,<bidder.IntegralGreedyBidder object at 0x0000028086D3FEB8>,5,True,27,3.5110415149967116,0.0,0.0,1,1,5.0,0.0,0.0,0,0.1090909090909091,0.0,0.0,0.1090909090909091,0.383022710726914,5.0,4.5,7.871342077051734,sim_input.json
23,0,9,<bidder.IntegralGreedyBidder object at 0x0000028086D3FEB8>,5,True,28,0.236613262565323,0.0,3.0,1,1,5.0,0.0,0.0,0,0.0,0.0,0.0,0.0,0.0,5.0,4.5,7.871342077051734,sim_input.json
23,0,9,<bidder.IntegralGreedyBidder object at 0x0000028086D3FEB8>,5,True,29,0.684873717427007,0.0,1.0,1,1,5.0,0.0,0.0,0,0.07272727272727274,0.0,0.0,0.07272727272727274,0.04980899763105506,5.0,4.5,7.871342077051734,sim_input.json
23,0,9,<bidder.IntegralGreedyBidder object at 0x0000028086D3FEB8>,5,True,30,7.958927208936179,0.0,3.0,1,1,5.0,0.0,0.0,0,0.0,0.0,0.0,0.0,0.0,5.0,4.5,7.871342077051734,sim_input.json
23,0,9,<bidder.IntegralGreedyBidder object at 0x0000028086D3FEB8>,5,True,31,2.4428990218153506,0.0,3.0,1,1,5.0,0.0,0.0,0,0.0,0.0,0.0,0.0,0.0,5.0,4.5,7.871342077051734,sim_input.json
23,0,9,<bidder.IntegralGreedyBidder object at 0x0000028086D3FEB8>,5,True,32,0.9039046848540208,0.0,4.0,0.75,1,5.0,0.0,0.0,0,0.0,0.0,0.0,0.0,0.0,5.0,4.5,7.871342077051734,sim_input.json
23,0,9,<bidder.IntegralGreedyBidder object at 0x0000028086D3FEB8>,5,True,33,1.4069109001200417,0.0,2.0,1,1,5.0,0.0,0.0,0,0.03636363636363637,0.0,0.0,0.03636363636363637,0.05116039636800152,5.0,4.5,7.871342077051734,sim_input.json
23,0,9,<bidder.IntegralGreedyBidder object at 0x0000028086D3FEB8>,5,True,34,2.1020159124629267,0.0,4.0,0.75,1,5.0,0.0,0.0,0,0.0,0.0,0.0,0.0,0.0,5.0,4.5,7.871342077051734,sim_input.json
23,0,9,<bidder.IntegralGreedyBidder object at 0x0000028086D3FEB8>,5,True,35,3.1976556661468516,0.0,2.0,1,1,5.0,0.0,0.0,0,0.03636363636363637,0.0,0.0,0.03636363636363637,0.11627838785988553,5.0,4.5,7.871342077051734,sim_input.json
23,0,9,<bidder.IntegralGreedyBidder object at 0x0000028086D3FEB8>,5,True,36,0.161339059402566,0.0,1.0,1,1,5.0,0.0,1.0,1,1.0,1.0,1.0,1.0,0.161339059402566,5.0,4.5,7.871342077051734,sim_input.json
23,0,9,<bidder.IntegralGreedyBidder object at 0x0000028086D3FEB8>,5,True,37,0.9174909520629521,0.0,6.0,0.5,1,5.0,0.0,0.0,0,0.0,0.0,0.0,0.0,0.0,5.0,4.5,7.871342077051734,sim_input.json
23,0,9,<bidder.IntegralGreedyBidder object at 0x0000028086D3FEB8>,5,True,38,4.424242772440986,0.0,3.0,1,1,5.0,0.0,0.0,0,0.0,0.0,0.0,0.0,0.0,5.0,4.5,7.871342077051734,sim_input.json
23,0,9,<bidder.IntegralGreedyBidder object at 0x0000028086D3FEB8>,5,True,39,4.60173051697469,0.0,2.0,1,1,5.0,0.0,0.0,0,0.03636363636363637,0.0,0.0,0.03636363636363637,0.167335655162716,5.0,4.5,7.871342077051734,sim_input.json
23,0,9,<bidder.IntegralGreedyBidder object at 0x0000028086D3FEB8>,5,True,40,0.1344214439873439,0.0,2.0,1,1,5.0,0.0,1.0,1,1.0,1.0,1.0,1.0,0.1344214439873439,5.0,4.5,7.871342077051734,sim_input.json
23,0,9,<bidder.IntegralGreedyBidder object at 0x0000028086D3FEB8>,5,True,41,2.00019766573001,0.0,1.0,1,1,5.0,0.0,0.0,0,0.07272727272727274,0.0,0.0,0.07272727272727274,0.14546892114400073,5.0,4.5,7.871342077051734,sim_input.json
23,0,9,<bidder.IntegralGreedyBidder object at 0x0000028086D3FEB8>,5,True,42,3.1078819110001925,0.0,3.0,1,1,5.0,0.0,0.0,0,0.0,0.0,0.0,0.0,0.0,5.0,4.5,7.871342077051734,sim_input.json
23,0,9,<bidder.IntegralGreedyBidder object at 0x0000028086D3FEB8>,5,True,43,2.2307980979513373,0.0,4.0,0.75,1,5.0,0.0,0.0,0,0.0,0.0,0.0,0.0,0.0,5.0,4.5,7.871342077051734,sim_input.json
23,0,9,<bidder.IntegralGreedyBidder object at 0x0000028086D3FEB8>,5,True,44,0.12076277893217746,0.0,1.0,1,1,5.0,0.0,1.0,1,1.0,1.0,1.0,1.0,0.12076277893217746,5.0,4.5,7.871342077051734,sim_input.json
23,0,9,<bidder.IntegralGreedyBidder object at 0x0000028086D3FEB8>,5,True,45,5.459808180703221,0.0,1.0,1,1,5.0,0.0,0.0,0,0.07272727272727274,0.0,0.0,0.07272727272727274,0.397076958596598,5.0,4.5,7.871342077051734,sim_input.json
23,0,9,<bidder.IntegralGreedyBidder object at 0x0000028086D3FEB8>,5,True,46,0.801031708302484,0.0,0.0,1,1,5.0,0.0,0.0,0,0.1090909090909091,0.0,0.0,0.1090909090909091,0.0873852772693619,5.0,4.5,7.871342077051734,sim_input.json
23,0,9,<bidder.IntegralGreedyBidder object at 0x0000028086D3FEB8>,5,True,47,7.764362545731589,0.0,3.0,1,1,5.0,0.0,0.0,0,0.0,0.0,0.0,0.0,0.0,5.0,4.5,7.871342077051734,sim_input.json
23,0,9,<bidder.IntegralGreedyBidder object at 0x0000028086D3FEB8>,5,True,48,3.6628766695341826,0.0,2.0,1,1,5.0,0.0,0.0,0,0.03636363636363637,0.0,0.0,0.03636363636363637,0.1331955152557885,5.0,4.5,7.871342077051734,sim_input.json
23,0,9,<bidder.IntegralGreedyBidder object at 0x0000028086D3FEB8>,5,True,49,0.38612248307101615,0.0,2.0,1,1,5.0,0.0,0.0,0,0.03636363636363637,0.0,0.0,0.03636363636363637,0.01404081756621877,5.0,4.5,7.871342077051734,sim_input.json
23,0,9,<bidder.IntegralGreedyBidder object at 0x0000028086D3FEB8>,5,True,50,7.951647090374033,0.0,0.0,1,1,5.0,0.0,0.0,0,0.1090909090909091,0.0,0.0,0.1090909090909091,0.8674524098589855,5.0,4.5,7.871342077051734,sim_input.json
23,0,9,<bidder.IntegralGreedyBidder object at 0x0000028086D3FEB8>,5,True,51,4.003709424792309,0.0,4.0,0.75,1,5.0,0.0,0.0,0,0.0,0.0,0.0,0.0,0.0,5.0,4.5,7.871342077051734,sim_input.json
23,0,10,<bidder.IntegralGreedyBidder object at 0x0000028086D3FE10>,5,True,0,6.432076246171311,0.0,5.0,0.6,1,5.0,0.0,0.0,0,0.0,0.0,0.0,0.0,0.0,5.0,4.0,11.223178745003619,sim_input.json
23,0,10,<bidder.IntegralGreedyBidder object at 0x0000028086D3FE10>,5,True,1,2.985983264290911,0.0,1.0,1,1,5.0,0.0,0.0,0,0.09090909090909093,0.0,0.0,0.09090909090909093,0.2714530240264465,5.0,4.0,11.223178745003619,sim_input.json
23,0,10,<bidder.IntegralGreedyBidder object at 0x0000028086D3FE10>,5,True,2,3.365010010860065,0.0,4.0,0.75,1,5.0,0.0,0.0,0,0.0,0.0,0.0,0.0,0.0,5.0,4.0,11.223178745003619,sim_input.json
23,0,10,<bidder.IntegralGreedyBidder object at 0x0000028086D3FE10>,5,True,3,4.680151948051815,0.0,3.0,1,1,5.0,0.0,0.0,0,0.0,0.0,0.0,0.0,0.0,5.0,4.0,11.223178745003619,sim_input.json
23,0,10,<bidder.IntegralGreedyBidder object at 0x0000028086D3FE10>,5,True,4,6.661849752077987,0.0,5.0,0.6,1,5.0,0.0,0.0,0,0.0,0.0,0.0,0.0,0.0,5.0,4.0,11.223178745003619,sim_input.json
23,0,10,<bidder.IntegralGreedyBidder object at 0x0000028086D3FE10>,5,True,5,7.797761318819788,0.0,3.0,1,1,5.0,0.0,0.0,0,0.0,0.0,0.0,0.0,0.0,5.0,4.0,11.223178745003619,sim_input.json
23,0,10,<bidder.IntegralGreedyBidder object at 0x0000028086D3FE10>,5,True,6,5.987857858295595,0.0,0.0,1,1,5.0,0.0,0.0,0,0.13636363636363638,0.0,0.0,0.13636363636363638,0.816526071585763,5.0,4.0,11.223178745003619,sim_input.json
23,0,10,<bidder.IntegralGreedyBidder object at 0x0000028086D3FE10>,5,True,7,2.0242828385840053,0.0,2.0,1,1,5.0,0.0,0.0,0,0.04545454545454546,0.0,0.0,0.04545454545454546,0.09201285629927299,5.0,4.0,11.223178745003619,sim_input.json
23,0,10,<bidder.IntegralGreedyBidder object at 0x0000028086D3FE10>,5,True,8,0.0,0.0,1.0,1,1,5.0,0.0,0.0,0,0.0,0.0,0.0,0.0,0.0,5.0,4.0,11.223178745003619,sim_input.json
23,0,10,<bidder.IntegralGreedyBidder object at 0x0000028086D3FE10>,5,True,9,0.39347876894187406,0.0,4.0,0.75,1,5.0,0.0,1.0,1,0.75,0.75,0.75,0.75,0.2951090767064055,5.0,4.0,11.223178745003619,sim_input.json
23,0,10,<bidder.IntegralGreedyBidder object at 0x0000028086D3FE10>,5,True,10,2.381954027880906,0.0,1.0,1,1,5.0,0.0,0.0,0,0.09090909090909093,0.0,0.0,0.09090909090909093,0.2165412752619006,5.0,4.0,11.223178745003619,sim_input.json
23,0,10,<bidder.IntegralGreedyBidder object at 0x0000028086D3FE10>,5,True,11,0.0,0.0,1.0,1,1,5.0,0.0,0.0,0,0.0,0.0,0.0,0.0,0.0,5.0,4.0,11.223178745003619,sim_input.json
23,0,10,<bidder.IntegralGreedyBidder object at 0x0000028086D3FE10>,5,True,12,0.6901180515170449,0.0,3.0,1,1,5.0,0.0,0.0,0,0.0,0.0,0.0,0.0,0.0,5.0,4.0,11.223178745003619,sim_input.json
23,0,10,<bidder.IntegralGreedyBidder object at 0x0000028086D3FE10>,5,True,13,0.09673917834201806,0.0,6.0,0.5,1,5.0,0.0,1.0,1,0.5,0.5,0.5,0.5,0.04836958917100903,5.0,4.0,11.223178745003619,sim_input.json
23,0,10,<bidder.IntegralGreedyBidder object at 0x0000028086D3FE10>,5,True,14,6.601998867376585,0.0,3.0,1,1,5.0,0.0,0.0,0,0.0,0.0,0.0,0.0,0.0,5.0,4.0,11.223178745003619,sim_input.json
23,0,10,<bidder.IntegralGreedyBidder object at 0x0000028086D3FE10>,5,True,15,3.9858542018564735,0.0,3.0,1,1,5.0,0.0,0.0,0,0.0,0.0,0.0,0.0,0.0,5.0,4.0,11.223178745003619,sim_input.json
23,0,10,<bidder.IntegralGreedyBidder object at 0x0000028086D3FE10>,5,True,16,2.8713995690395384,0.0,2.0,1,1,5.0,0.0,0.0,0,0.04545454545454546,0.0,0.0,0.04545454545454546,0.13051816222906995,5.0,4.0,11.223178745003619,sim_input.json
23,0,10,<bidder.IntegralGreedyBidder object at 0x0000028086D3FE10>,5,True,17,4.010561622200047,0.0,1.0,1,1,5.0,0.0,0.0,0,0.09090909090909093,0.0,0.0,0.09090909090909093,0.36459651110909524,5.0,4.0,11.223178745003619,sim_input.json
23,0,10,<bidder.IntegralGreedyBidder object at 0x0000028086D3FE10>,5,True,18,0.3968081502124119,0.0,6.0,0.5,1,5.0,0.0,0.0,0,0.0,0.0,0.0,0.0,0.0,5.0,4.0,11.223178745003619,sim_input.json
23,0,10,<bidder.IntegralGreedyBidder object at 0x0000028086D3FE10>,5,True,19,3.4237372154826273,0.0,2.0,1,1,5.0,0.0,0.0,0,0.04545454545454546,0.0,0.0,0.04545454545454546,0.155624418885574,5.0,4.0,11.223178745003619,sim_input.json
23,0,10,<bidder.IntegralGreedyBidder object at 0x0000028086D3FE10>,5,True,20,5.514924228679171,0.0,0.0,1,1,5.0,0.0,0.0,0,0.13636363636363638,0.0,0.0,0.13636363636363638,0.7520351220926144,5.0,4.0,11.223178745003619,sim_input.json
23,0,10,<bidder.IntegralGreedyBidder object at 0x0000028086D3FE10>,5,True,21,0.2935334045483796,0.0,1.0,1,1,5.0,0.0,1.0,1,1.0,1.0,1.0,1.0,0.2935334045483796,5.0,4.0,11.223178745003619,sim_input.json
23,0,10,<bidder.IntegralGreedyBidder object at 0x0000028086D3FE10>,5,True,22,7.098630846550389,0.0,3.0,1,1,5.0,0.0,0.0,0,0.0,0.0,0.0,0.0,0.0,5.0,4.0,11.223178745003619,sim_input.json
23,0,10,<bidder.IntegralGreedyBidder object at 0x0000028086D3FE10>,5,True,23,5.3253344358135895,0.0,1.0,1,1,5.0,0.0,0.0,0,0.09090909090909093,0.0,0.0,0.09090909090909093,0.48412131234669004,5.0,4.0,11.223178745003619,sim_input.json
23,0,10,<bidder.IntegralGreedyBidder object at 0x0000028086D3FE10>,5,True,24,7.399699785650447,0.0,2.0,1,1,5.0,0.0,0.0,0,0.04545454545454546,0.0,0.0,0.04545454545454546,0.33634999025683854,5.0,4.0,11.223178745003619,sim_input.json
23,0,10,<bidder.IntegralGreedyBidder object at 0x0000028086D3FE10>,5,True,25,3.4503197730322492,0.0,0.0,1,1,5.0,0.0,0.0,0,0.13636363636363638,0.0,0.0,0.13636363636363638,0.47049815086803404,5.0,4.0,11.223178745003619,sim_input.json
23,0,10,<bidder.IntegralGreedyBidder object at 0x0000028086D3FE10>,5,True,26,6.174467809267936,0.0,0.0,1,1,5.0,0.0,0.0,0,0.13636363636363638,0.0,0.0,0.13636363636363638,0.8419728830819914,5.0,4.0,11.223178745003619,sim_input.json
23,0,10,<bidder.IntegralGreedyBidder object at 0x0000028086D3FE10>,5,True,27,7.109628987330721,0.0,0.0,1,1,5.0,0.0,0.0,0,0.13636363636363638,0.0,0.0,0.13636363636363638,0.9694948619087348,5.0,4.0,11.223178745003619,sim_input.json
23,0,10,<bidder.IntegralGreedyBidder object at 0x0000028086D3FE10>,5,True,28,0.6681249585678227,0.0,3.0,1,1,5.0,0.0,0.0,0,0.0,0.0,0.0,0.0,0.0,5.0,4.0,11.223178745003619,sim_input.json
23,0,10,<bidder.IntegralGreedyBidder object at 0x0000028086D3FE10>,5,True,29,5.479290906973648,0.0,1.0,1,1,5.0,0.0,0.0,0,0.09090909090909093,0.0,0.0,0.09090909090909093,0.4981173551794226,5.0,4.0,11.223178745003619,sim_input.json
23,0,10,<bidder.IntegralGreedyBidder object at 0x0000028086D3FE10>,5,True,30,0.5909534287806175,0.0,3.0,1,1,5.0,0.0,0.0,0,0.0,0.0,0.0,0.0,0.0,5.0,4.0,11.223178745003619,sim_input.json
23,0,10,<bidder.IntegralGreedyBidder object at 0x0000028086D3FE10>,5,True,31,0.6651977041962912,0.0,3.0,1,1,5.0,0.0,0.0,0,0.0,0.0,0.0,0.0,0.0,5.0,4.0,11.223178745003619,sim_input.json
23,0,10,<bidder.IntegralGreedyBidder object at 0x0000028086D3FE10>,5,True,32,0.06479578829271349,0.0,4.0,0.75,1,5.0,0.0,1.0,1,0.75,0.75,0.75,0.75,0.048596841219535114,5.0,4.0,11.223178745003619,sim_input.json
23,0,10,<bidder.IntegralGreedyBidder object at 0x0000028086D3FE10>,5,True,33,7.994168856800302,0.0,2.0,1,1,5.0,0.0,0.0,0,0.04545454545454546,0.0,0.0,0.04545454545454546,0.36337131167274106,5.0,4.0,11.223178745003619,sim_input.json
23,0,10,<bidder.IntegralGreedyBidder object at 0x0000028086D3FE10>,5,True,34,3.5280273740254793,0.0,4.0,0.75,1,5.0,0.0,0.0,0,0.0,0.0,0.0,0.0,0.0,5.0,4.0,11.223178745003619,sim_input.json
23,0,10,<bidder.IntegralGreedyBidder object at 0x0000028086D3FE10>,5,True,35,0.07340780755154375,0.0,2.0,1,1,5.0,0.0,1.0,1,1.0,1.0,1.0,1.0,0.07340780755154375,5.0,4.0,11.223178745003619,sim_input.json
23,0,10,<bidder.IntegralGreedyBidder object at 0x0000028086D3FE10>,5,True,36,5.044065723272034,0.0,1.0,1,1,5.0,0.0,0.0,0,0.09090909090909093,0.0,0.0,0.09090909090909093,0.4585514293883668,5.0,4.0,11.223178745003619,sim_input.json
23,0,10,<bidder.IntegralGreedyBidder object at 0x0000028086D3FE10>,5,True,37,0.5241852210384527,0.0,6.0,0.5,1,5.0,0.0,0.0,0,0.0,0.0,0.0,0.0,0.0,5.0,4.0,11.223178745003619,sim_input.json
23,0,10,<bidder.IntegralGreedyBidder object at 0x0000028086D3FE10>,5,True,38,2.2056131216335455,0.0,3.0,1,1,5.0,0.0,0.0,0,0.0,0.0,0.0,0.0,0.0,5.0,4.0,11.223178745003619,sim_input.json
23,0,10,<bidder.IntegralGreedyBidder object at 0x0000028086D3FE10>,5,True,39,2.866617498950128,0.0,2.0,1,1,5.0,0.0,0.0,0,0.04545454545454546,0.0,0.0,0.04545454545454546,0.13030079540682402,5.0,4.0,11.223178745003619,sim_input.json
23,0,10,<bidder.IntegralGreedyBidder object at 0x0000028086D3FE10>,5,True,40,0.7308482338799652,0.0,2.0,1,1,5.0,0.0,0.0,0,0.04545454545454546,0.0,0.0,0.04545454545454546,0.033220374267271154,5.0,4.0,11.223178745003619,sim_input.json
23,0,10,<bidder.IntegralGreedyBidder object at 0x0000028086D3FE10>,5,True,41,6.846947820067205,0.0,1.0,1,1,5.0,0.0,0.0,0,0.09090909090909093,0.0,0.0,0.09090909090909093,0.6224498018242915,5.0,4.0,11.223178745003619,sim_input.json
23,0,10,<bidder.IntegralGreedyBidder object at 0x0000028086D3FE10>,5,True,42,3.529298309144675,0.0,3.0,1,1,5.0,0.0,0.0,0,0.0,0.0,0.0,0.0,0.0,5.0,4.0,11.223178745003619,sim_input.json
23,0,10,<bidder.IntegralGreedyBidder object at 0x0000028086D3FE10>,5,True,43,4.170232026677701,0.0,4.0,0.75,1,5.0,0.0,0.0,0,0.0,0.0,0.0,0.0,0.0,5.0,4.0,11.223178745003619,sim_input.json
23,0,10,<bidder.IntegralGreedyBidder object at 0x0000028086D3FE10>,5,True,44,5.010563474657847,0.0,1.0,1,1,5.0,0.0,0.0,0,0.09090909090909093,0.0,0.0,0.09090909090909093,0.4555057704234407,5.0,4.0,11.223178745003619,sim_input.json
23,0,10,<bidder.IntegralGreedyBidder object at 0x0000028086D3FE10>,5,True,45,3.0488403675427276,0.0,1.0,1,1,5.0,0.0,0.0,0,0.09090909090909093,0.0,0.0,0.09090909090909093,0.27716730614024804,5.0,4.0,11.223178745003619,sim_input.json
23,0,10,<bidder.IntegralGreedyBidder object at 0x0000028086D3FE10>,5,True,46,5.893385993723283,0.0,0.0,1,1,5.0,0.0,0.0,0,0.13636363636363638,0.0,0.0,0.13636363636363638,0.8036435445986295,5.0,4.0,11.223178745003619,sim_input.json
23,0,10,<bidder.IntegralGreedyBidder object at 0x0000028086D3FE10>,5,True,47,3.0228402188140846,0.0,3.0,1,1,5.0,0.0,0.0,0,0.0,0.0,0.0,0.0,0.0,5.0,4.0,11.223178745003619,sim_input.json
23,0,10,<bidder.IntegralGreedyBidder object at 0x0000028086D3FE10>,5,True,48,0.0,0.0,2.0,1,1,5.0,0.0,0.0,0,0.0,0.0,0.0,0.0,0.0,5.0,4.0,11.223178745003619,sim_input.json
23,0,10,<bidder.IntegralGreedyBidder object at 0x0000028086D3FE10>,5,True,49,3.874298499755535,0.0,2.0,1,1,5.0,0.0,0.0,0,0.04545454545454546,0.0,0.0,0.04545454545454546,0.17610447726161527,5.0,4.0,11.223178745003619,sim_input.json
23,0,10,<bidder.IntegralGreedyBidder object at 0x0000028086D3FE10>,5,True,50,5.455891611073707,0.0,0.0,1,1,5.0,0.0,0.0,0,0.13636363636363638,0.0,0.0,0.13636363636363638,0.7439852196918691,5.0,4.0,11.223178745003619,sim_input.json
23,0,10,<bidder.IntegralGreedyBidder object at 0x0000028086D3FE10>,5,True,51,6.223919581175307,0.0,4.0,0.75,1,5.0,0.0,0.0,0,0.0,0.0,0.0,0.0,0.0,5.0,4.0,11.223178745003619,sim_input.json
23,0,11,<bidder.IntegralGreedyBidder object at 0x0000028086D3FD68>,5,True,0,3.8057824279435204,0.0,5.0,0.6,1,5.0,0.0,0.0,0,0.0,0.0,0.0,0.0,0.0,5.0,3.85,13.151794264593198,sim_input.json
23,0,11,<bidder.IntegralGreedyBidder object at 0x0000028086D3FD68>,5,True,1,4.686869533313623,0.0,1.0,1,1,5.0,0.0,0.0,0,0.09636363636363637,0.0,0.0,0.09636363636363637,0.4516437913920401,5.0,3.85,13.151794264593198,sim_input.json
23,0,11,<bidder.IntegralGreedyBidder object at 0x0000028086D3FD68>,5,True,2,3.418393357783895,0.0,4.0,0.75,1,5.0,0.0,0.0,0,0.0,0.0,0.0,0.0,0.0,5.0,3.85,13.151794264593198,sim_input.json
23,0,11,<bidder.IntegralGreedyBidder object at 0x0000028086D3FD68>,5,True,3,0.3391139356387439,0.0,3.0,1,1,5.0,0.0,1.0,1,1.0,1.0,1.0,1.0,0.3391139356387439,5.0,3.85,13.151794264593198,sim_input.json
23,0,11,<bidder.IntegralGreedyBidder object at 0x0000028086D3FD68>,5,True,4,0.41208105532670747,0.0,5.0,0.6,1,5.0,0.0,1.0,1,0.6,0.6,0.6,0.6,0.24724863319602447,5.0,3.85,13.151794264593198,sim_input.json
23,0,11,<bidder.IntegralGreedyBidder object at 0x0000028086D3FD68>,5,True,5,1.916434089178213,0.0,3.0,1,1,5.0,0.0,0.0,0,0.0,0.0,0.0,0.0,0.0,5.0,3.85,13.151794264593198,sim_input.json
23,0,11,<bidder.IntegralGreedyBidder object at 0x0000028086D3FD68>,5,True,6,4.364390651556186,0.0,0.0,1,1,5.0,0.0,0.0,0,0.14454545454545456,0.0,0.0,0.14454545454545456,0.6308528305431215,5.0,3.85,13.151794264593198,sim_input.json
23,0,11,<bidder.IntegralGreedyBidder object at 0x0000028086D3FD68>,5,True,7,3.7889299669449357,0.0,2.0,1,1,5.0,0.0,0.0,0,0.04818181818181819,0.0,0.0,0.04818181818181819,0.18255753477098327,5.0,3.85,13.151794264593198,sim_input.json
23,0,11,<bidder.IntegralGreedyBidder object at 0x0000028086D3FD68>,5,True,8,4.260198149394805,0.0,1.0,1,1,5.0,0.0,0.0,0,0.09636363636363637,0.0,0.0,0.09636363636363637,0.4105281853053176,5.0,3.85,13.151794264593198,sim_input.json
23,0,11,<bidder.IntegralGreedyBidder object at 0x0000028086D3FD68>,5,True,9,0.358810735015999,0.0,4.0,0.75,1,5.0,0.0,1.0,1,0.75,0.75,0.75,0.75,0.26910805126199927,5.0,3.85,13.151794264593198,sim_input.json
23,0,11,<bidder.IntegralGreedyBidder object at 0x0000028086D3FD68>,5,True,10,3.20225460228028,0.0,1.0,1,1,5.0,0.0,0.0,0,0.09636363636363637,0.0,0.0,0.09636363636363637,0.3085808980379179,5.0,3.85,13.151794264593198,sim_input.json
23,0,11,<bidder.IntegralGreedyBidder object at 0x0000028086D3FD68>,5,True,11,0.7796404284855413,0.0,1.0,1,1,5.0,0.0,1.0,1,1.0,1.0,1.0,1.0,0.7796404284855413,5.0,3.85,13.151794264593198,sim_input.json
23,0,11,<bidder.IntegralGreedyBidder object at 0x0000028086D3FD68>,5,True,12,3.8260017964654693,0.0,3.0,1,1,5.0,0.0,0.0,0,0.0,0.0,0.0,0.0,0.0,5.0,3.85,13.151794264593198,sim_input.json
23,0,11,<bidder.IntegralGreedyBidder object at 0x0000028086D3FD68>,5,True,13,0.5307183676380376,0.0,6.0,0.5,1,5.0,0.0,1.0,1,0.5,0.5,0.5,0.5,0.2653591838190188,5.0,3.85,13.151794264593198,sim_input.json
23,0,11,<bidder.IntegralGreedyBidder object at 0x0000028086D3FD68>,5,True,14,6.208787748512711,0.0,3.0,1,1,5.0,0.0,0.0,0,0.0,0.0,0.0,0.0,0.0,5.0,3.85,13.151794264593198,sim_input.json
23,0,11,<bidder.IntegralGreedyBidder object at 0x0000028086D3FD68>,5,True,15,2.419460284175112,0.0,3.0,1,1,5.0,0.0,0.0,0,0.0,0.0,0.0,0.0,0.0,5.0,3.85,13.151794264593198,sim_input.json
23,0,11,<bidder.IntegralGreedyBidder object at 0x0000028086D3FD68>,5,True,16,2.1266073892891106,0.0,2.0,1,1,5.0,0.0,0.0,0,0.04818181818181819,0.0,0.0,0.04818181818181819,0.10246381057483898,5.0,3.85,13.151794264593198,sim_input.json
23,0,11,<bidder.IntegralGreedyBidder object at 0x0000028086D3FD68>,5,True,17,4.498686202471617,0.0,1.0,1,1,5.0,0.0,0.0,0,0.09636363636363637,0.0,0.0,0.09636363636363637,0.4335097613290832,5.0,3.85,13.151794264593198,sim_input.json
23,0,11,<bidder.IntegralGreedyBidder object at 0x0000028086D3FD68>,5,True,18,5.302025770715474,0.0,6.0,0.5,1,5.0,0.0,0.0,0,0.0,0.0,0.0,0.0,0.0,5.0,3.85,13.151794264593198,sim_input.json
23,0,11,<bidder.IntegralGreedyBidder object at 0x0000028086D3FD68>,5,True,19,7.172114360665231,0.0,2.0,1,1,5.0,0.0,0.0,0,0.04818181818181819,0.0,0.0,0.04818181818181819,0.3455655101047793,5.0,3.85,13.151794264593198,sim_input.json
23,0,11,<bidder.IntegralGreedyBidder object at 0x0000028086D3FD68>,5,True,20,2.0315783087106842,0.0,0.0,1,1,5.0,0.0,0.0,0,0.14454545454545456,0.0,0.0,0.14454545454545456,0.29365541007727164,5.0,3.85,13.151794264593198,sim_input.json
23,0,11,<bidder.IntegralGreedyBidder object at 0x0000028086D3FD68>,5,True,21,2.5651927614374532,0.0,1.0,1,1,5.0,0.0,0.0,0,0.09636363636363637,0.0,0.0,0.09636363636363637,0.24719130246579096,5.0,3.85,13.151794264593198,sim_input.json
23,0,11,<bidder.IntegralGreedyBidder object at 0x0000028086D3FD68>,5,True,22,6.532987489170161,0.0,3.0,1,1,5.0,0.0,0.0,0,0.0,0.0,0.0,0.0,0.0,5.0,3.85,13.151794264593198,sim_input.json
23,0,11,<bidder.IntegralGreedyBidder object at 0x0000028086D3FD68>,5,True,23,4.190889589199272,0.0,1.0,1,1,5.0,0.0,0.0,0,0.09636363636363637,0.0,0.0,0.09636363636363637,0.4038493604137481,5.0,3.85,13.151794264593198,sim_input.json
23,0,11,<bidder.IntegralGreedyBidder object at 0x0000028086D3FD68>,5,True,24,5.183205382609065,0.0,2.0,1,1,5.0,0.0,0.0,0,0.04818181818181819,0.0,0.0,0.04818181818181819,0.24973625934389135,5.0,3.85,13.151794264593198,sim_input.json
23,0,11,<bidder.IntegralGreedyBidder object at 0x0000028086D3FD68>,5,True,25,0.984520067027397,0.0,0.0,1,1,5.0,0.0,0.0,0,0.14454545454545456,0.0,0.0,0.14454545454545456,0.1423079005975965,5.0,3.85,13.151794264593198,sim_input.json
23,0,11,<bidder.IntegralGreedyBidder object at 0x0000028086D3FD68>,5,True,26,7.834751374083321,0.0,0.0,1,1,5.0,0.0,0.0,0,0.14454545454545456,0.0,0.0,0.14454545454545456,1.1324776986174983,5.0,3.85,13.151794264593198,sim_input.json
23,0,11,<bidder.IntegralGreedyBidder object at 0x0000028086D3FD68>,5,True,27,7.979910150076525,0.0,0.0,1,1,5.0,0.0,0.0,0,0.14454545454545456,0.0,0.0,0.14454545454545456,1.1534597398746977,5.0,3.85,13.151794264593198,sim_input.json
23,0,11,<bidder.IntegralGreedyBidder object at 0x0000028086D3FD68>,5,True,28,2.6541455736927455,0.0,3.0,1,1,5.0,0.0,0.0,0,0.0,0.0,0.0,0.0,0.0,5.0,3.85,13.151794264593198,sim_input.json
23,0,11,<bidder.IntegralGreedyBidder object at 0x0000028086D3FD68>,5,True,29,4.330185944079931,0.0,1.0,1,1,5.0,0.0,0.0,0,0.09636363636363637,0.0,0.0,0.09636363636363637,0.4172724637022479,5.0,3.85,13.151794264593198,sim_input.json
23,0,11,<bidder.IntegralGreedyBidder object at 0x0000028086D3FD68>,5,True,30,3.0095908133168443,0.0,3.0,1,1,5.0,0.0,0.0,0,0.0,0.0,0.0,0.0,0.0,5.0,3.85,13.151794264593198,sim_input.json
23,0,11,<bidder.IntegralGreedyBidder object at 0x0000028086D3FD68>,5,True,31,2.600995813086042,0.0,3.0,1,1,5.0,0.0,0.0,0,0.0,0.0,0.0,0.0,0.0,5.0,3.85,13.151794264593198,sim_input.json
23,0,11,<bidder.IntegralGreedyBidder object at 0x0000028086D3FD68>,5,True,32,4.308979610936619,0.0,4.0,0.75,1,5.0,0.0,0.0,0,0.0,0.0,0.0,0.0,0.0,5.0,3.85,13.151794264593198,sim_input.json
23,0,11,<bidder.IntegralGreedyBidder object at 0x0000028086D3FD68>,5,True,33,3.091332599946181,0.0,2.0,1,1,5.0,0.0,0.0,0,0.04818181818181819,0.0,0.0,0.04818181818181819,0.1489460252701342,5.0,3.85,13.151794264593198,sim_input.json
23,0,11,<bidder.IntegralGreedyBidder object at 0x0000028086D3FD68>,5,True,34,1.6158696933524568,0.0,4.0,0.75,1,5.0,0.0,0.0,0,0.0,0.0,0.0,0.0,0.0,5.0,3.85,13.151794264593198,sim_input.json
23,0,11,<bidder.IntegralGreedyBidder object at 0x0000028086D3FD68>,5,True,35,3.2602247492820275,0.0,2.0,1,1,5.0,0.0,0.0,0,0.04818181818181819,0.0,0.0,0.04818181818181819,0.15708355610177044,5.0,3.85,13.151794264593198,sim_input.json
23,0,11,<bidder.IntegralGreedyBidder object at 0x0000028086D3FD68>,5,True,36,6.479638851296551,0.0,1.0,1,1,5.0,0.0,0.0,0,0.09636363636363637,0.0,0.0,0.09636363636363637,0.6244015620340313,5.0,3.85,13.151794264593198,sim_input.json
23,0,11,<bidder.IntegralGreedyBidder object at 0x0000028086D3FD68>,5,True,37,6.987129502451512,0.0,6.0,0.5,1,5.0,0.0,0.0,0,0.0,0.0,0.0,0.0,0.0,5.0,3.85,13.151794264593198,sim_input.json
23,0,11,<bidder.IntegralGreedyBidder object at 0x0000028086D3FD68>,5,True,38,7.846381151602819,0.0,3.0,1,1,5.0,0.0,0.0,0,0.0,0.0,0.0,0.0,0.0,5.0,3.85,13.151794264593198,sim_input.json
23,0,11,<bidder.IntegralGreedyBidder object at 0x0000028086D3FD68>,5,True,39,3.6943844540520963,0.0,2.0,1,1,5.0,0.0,0.0,0,0.04818181818181819,0.0,0.0,0.04818181818181819,0.17800216005887376,5.0,3.85,13.151794264593198,sim_input.json
23,0,11,<bidder.IntegralGreedyBidder object at 0x0000028086D3FD68>,5,True,40,2.538403977367504,0.0,2.0,1,1,5.0,0.0,0.0,0,0.04818181818181819,0.0,0.0,0.04818181818181819,0.1223049189095252,5.0,3.85,13.151794264593198,sim_input.json
23,0,11,<bidder.IntegralGreedyBidder object at 0x0000028086D3FD68>,5,True,41,6.568805351551371,0.0,1.0,1,1,5.0,0.0,0.0,0,0.09636363636363637,0.0,0.0,0.09636363636363637,0.6329939702404049,5.0,3.85,13.151794264593198,sim_input.json
23,0,11,<bidder.IntegralGreedyBidder object at 0x0000028086D3FD68>,5,True,42,0.0,0.0,3.0,1,1,5.0,0.0,0.0,0,0.0,0.0,0.0,0.0,0.0,5.0,3.85,13.151794264593198,sim_input.json
23,0,11,<bidder.IntegralGreedyBidder object at 0x0000028086D3FD68>,5,True,43,5.888236321402309,0.0,4.0,0.75,1,5.0,0.0,0.0,0,0.0,0.0,0.0,0.0,0.0,5.0,3.85,13.151794264593198,sim_input.json
23,0,11,<bidder.IntegralGreedyBidder object at 0x0000028086D3FD68>,5,True,44,3.5653716447488843,0.0,1.0,1,1,5.0,0.0,0.0,0,0.09636363636363637,0.0,0.0,0.09636363636363637,0.34357217667580164,5.0,3.85,13.151794264593198,sim_input.json
23,0,11,<bidder.IntegralGreedyBidder object at 0x0000028086D3FD68>,5,True,45,5.231572108890866,0.0,1.0,1,1,5.0,0.0,0.0,0,0.09636363636363637,0.0,0.0,0.09636363636363637,0.5041333123113017,5.0,3.85,13.151794264593198,sim_input.json
23,0,11,<bidder.IntegralGreedyBidder object at 0x0000028086D3FD68>,5,True,46,7.150752045496642,0.0,0.0,1,1,5.0,0.0,0.0,0,0.14454545454545456,0.0,0.0,0.14454545454545456,1.033608704758151,5.0,3.85,13.151794264593198,sim_input.json
23,0,11,<bidder.IntegralGreedyBidder object at 0x0000028086D3FD68>,5,True,47,0.0,0.0,3.0,1,1,5.0,0.0,0.0,0,0.0,0.0,0.0,0.0,0.0,5.0,3.85,13.151794264593198,sim_input.json
23,0,11,<bidder.IntegralGreedyBidder object at 0x0000028086D3FD68>,5,True,48,3.537115598547958,0.0,2.0,1,1,5.0,0.0,0.0,0,0.04818181818181819,0.0,0.0,0.04818181818181819,0.1704246606573107,5.0,3.85,13.151794264593198,sim_input.json
23,0,11,<bidder.IntegralGreedyBidder object at 0x0000028086D3FD68>,5,True,49,0.0,0.0,2.0,1,1,5.0,0.0,0.0,0,0.0,0.0,0.0,0.0,0.0,5.0,3.85,13.151794264593198,sim_input.json
23,0,11,<bidder.IntegralGreedyBidder object at 0x0000028086D3FD68>,5,True,50,2.9762300680887805,0.0,0.0,1,1,5.0,0.0,0.0,0,0.14454545454545456,0.0,0.0,0.14454545454545456,0.430200528023742,5.0,3.85,13.151794264593198,sim_input.json
23,0,11,<bidder.IntegralGreedyBidder object at 0x0000028086D3FD68>,5,True,51,5.9788653203978885,0.0,4.0,0.75,1,5.0,0.0,0.0,0,0.0,0.0,0.0,0.0,0.0,5.0,3.85,13.151794264593198,sim_input.json
23,0,12,<bidder.UniformBidder object at 0x0000028086D3FCC0>,5,True,0,0.0,0.0,5.0,0.6,1,5.0,0.0,0.0,0,0.0,0.0,0.0,0.0,0.0,5.0,4.35,9.928562263254044,sim_input.json
23,0,12,<bidder.UniformBidder object at 0x0000028086D3FCC0>,5,True,1,4.368702186332518,0.0,1.0,1,1,5.0,0.0,0.0,0,0.0781818181818182,0.0,0.0,0.0781818181818182,0.34155308002236057,5.0,4.35,9.928562263254044,sim_input.json
23,0,12,<bidder.UniformBidder object at 0x0000028086D3FCC0>,5,True,2,2.4531326964733595,0.0,4.0,0.75,1,5.0,0.0,0.0,0,0.0,0.0,0.0,0.0,0.0,5.0,4.35,9.928562263254044,sim_input.json
23,0,12,<bidder.UniformBidder object at 0x0000028086D3FCC0>,5,True,3,3.4576212612019672,0.0,3.0,1,1,5.0,0.0,0.0,0,0.0,0.0,0.0,0.0,0.0,5.0,4.35,9.928562263254044,sim_input.json
23,0,12,<bidder.UniformBidder object at 0x0000028086D3FCC0>,5,True,4,0.5178941479615422,0.0,5.0,0.6,1,5.0,0.0,1.0,1,0.6,0.6,0.6,0.6,0.31073648877692533,5.0,4.35,9.928562263254044,sim_input.json
23,0,12,<bidder.UniformBidder object at 0x0000028086D3FCC0>,5,True,5,0.9679196881046099,0.0,3.0,1,1,5.0,0.0,0.0,0,0.0,0.0,0.0,0.0,0.0,5.0,4.35,9.928562263254044,sim_input.json
23,0,12,<bidder.UniformBidder object at 0x0000028086D3FCC0>,5,True,6,5.300855758975613,0.0,0.0,1,1,5.0,0.0,0.0,0,0.1172727272727273,0.0,0.0,0.1172727272727273,0.621645811734413,5.0,4.35,9.928562263254044,sim_input.json
23,0,12,<bidder.UniformBidder object at 0x0000028086D3FCC0>,5,True,7,3.687571932706174,0.0,2.0,1,1,5.0,0.0,0.0,0,0.0390909090909091,0.0,0.0,0.0390909090909091,0.144150539187605,5.0,4.35,9.928562263254044,sim_input.json
23,0,12,<bidder.UniformBidder object at 0x0000028086D3FCC0>,5,True,8,1.9821882238201958,0.0,1.0,1,1,5.0,0.0,0.0,0,0.0781818181818182,0.0,0.0,0.0781818181818182,0.1549710793168517,5.0,4.35,9.928562263254044,sim_input.json
23,0,12,<bidder.UniformBidder object at 0x0000028086D3FCC0>,5,True,9,4.965122198283994,0.0,4.0,0.75,1,5.0,0.0,0.0,0,0.0,0.0,0.0,0.0,0.0,5.0,4.35,9.928562263254044,sim_input.json
23,0,12,<bidder.UniformBidder object at 0x0000028086D3FCC0>,5,True,10,6.5062507207393265,0.0,1.0,1,1,5.0,0.0,0.0,0,0.0781818181818182,0.0,0.0,0.0781818181818182,0.5086705108941656,5.0,4.35,9.928562263254044,sim_input.json
23,0,12,<bidder.UniformBidder object at 0x0000028086D3FCC0>,5,True,11,0.0,0.0,1.0,1,1,5.0,0.0,0.0,0,0.0,0.0,0.0,0.0,0.0,5.0,4.35,9.928562263254044,sim_input.json
23,0,12,<bidder.UniformBidder object at 0x0000028086D3FCC0>,5,True,12,2.7239165148216564,0.0,3.0,1,1,5.0,0.0,0.0,0,0.0,0.0,0.0,0.0,0.0,5.0,4.35,9.928562263254044,sim_input.json
23,0,12,<bidder.UniformBidder object at 0x0000028086D3FCC0>,5,True,13,1.1458279891261278,0.0,6.0,0.5,1,5.0,0.0,0.0,0,0.0,0.0,0.0,0.0,0.0,5.0,4.35,9.928562263254044,sim_input.json
23,0,12,<bidder.UniformBidder object at 0x0000028086D3FCC0>,5,True,14,3.9963700800797013,0.0,3.0,1,1,5.0,0.0,0.0,0,0.0,0.0,0.0,0.0,0.0,5.0,4.35,9.928562263254044,sim_input.json
23,0,12,<bidder.UniformBidder object at 0x0000028086D3FCC0>,5,True,15,7.281060389088941,0.0,3.0,1,1,5.0,0.0,0.0,0,0.0,0.0,0.0,0.0,0.0,5.0,4.35,9.928562263254044,sim_input.json
23,0,12,<bidder.UniformBidder object at 0x0000028086D3FCC0>,5,True,16,1.6270391005093046,0.0,2.0,1,1,5.0,0.0,0.0,0,0.0390909090909091,0.0,0.0,0.0390909090909091,0.06360243756536374,5.0,4.35,9.928562263254044,sim_input.json
23,0,12,<bidder.UniformBidder object at 0x0000028086D3FCC0>,5,True,17,0.0,0.0,1.0,1,1,5.0,0.0,0.0,0,0.0,0.0,0.0,0.0,0.0,5.0,4.35,9.928562263254044,sim_input.json
23,0,12,<bidder.UniformBidder object at 0x0000028086D3FCC0>,5,True,18,0.0,0.0,6.0,0.5,1,5.0,0.0,0.0,0,0.0,0.0,0.0,0.0,0.0,5.0,4.35,9.928562263254044,sim_input.json
23,0,12,<bidder.UniformBidder object at 0x0000028086D3FCC0>,5,True,19,4.672324018253086,0.0,2.0,1,1,5.0,0.0,0.0,0,0.0390909090909091,0.0,0.0,0.0390909090909091,0.1826453934408025,5.0,4.35,9.928562263254044,sim_input.json
23,0,12,<bidder.UniformBidder object at 0x0000028086D3FCC0>,5,True,20,7.668106815318035,0.0,0.0,1,1,5.0,0.0,0.0,0,0.1172727272727273,0.0,0.0,0.1172727272727273,0.8992597992509335,5.0,4.35,9.928562263254044,sim_input.json
23,0,12,<bidder.UniformBidder object at 0x0000028086D3FCC0>,5,True,21,4.239753492999009,0.0,1.0,1,1,5.0,0.0,0.0,0,0.0781818181818182,0.0,0.0,0.0781818181818182,0.33147163672537716,5.0,4.35,9.928562263254044,sim_input.json
23,0,12,<bidder.UniformBidder object at 0x0000028086D3FCC0>,5,True,22,7.046670767711719,0.0,3.0,1,1,5.0,0.0,0.0,0,0.0,0.0,0.0,0.0,0.0,5.0,4.35,9.928562263254044,sim_input.json
23,0,12,<bidder.UniformBidder object at 0x0000028086D3FCC0>,5,True,23,3.2312348508338538,0.0,1.0,1,1,5.0,0.0,0.0,0,0.0781818181818182,0.0,0.0,0.0781818181818182,0.2526238156106468,5.0,4.35,9.928562263254044,sim_input.json
23,0,12,<bidder.UniformBidder object at 0x0000028086D3FCC0>,5,True,24,0.42953455834355736,0.0,2.0,1,1,5.0,0.0,1.0,1,1.0,1.0,1.0,1.0,0.42953455834355736,5.0,4.35,9.928562263254044,sim_input.json
23,0,12,<bidder.UniformBidder object at 0x0000028086D3FCC0>,5,True,25,6.720938426001931,0.0,0.0,1,1,5.0,0.0,0.0,0,0.1172727272727273,0.0,0.0,0.1172727272727273,0.7881827790493176,5.0,4.35,9.928562263254044,sim_input.json
23,0,12,<bidder.UniformBidder object at 0x0000028086D3FCC0>,5,True,26,7.7025271737550876,0.0,0.0,1,1,5.0,0.0,0.0,0,0.1172727272727273,0.0,0.0,0.1172727272727273,0.9032963685585514,5.0,4.35,9.928562263254044,sim_input.json
23,0,12,<bidder.UniformBidder object at 0x0000028086D3FCC0>,5,True,27,1.9270004399587712,0.0,0.0,1,1,5.0,0.0,0.0,0,0.1172727272727273,0.0,0.0,0.1172727272727273,0.22598459704971052,5.0,4.35,9.928562263254044,sim_input.json
23,0,12,<bidder.UniformBidder object at 0x0000028086D3FCC0>,5,True,28,5.08070572969294,0.0,3.0,1,1,5.0,0.0,0.0,0,0.0,0.0,0.0,0.0,0.0,5.0,4.35,9.928562263254044,sim_input.json
23,0,12,<bidder.UniformBidder object at 0x0000028086D3FCC0>,5,True,29,4.578817590745791,0.0,1.0,1,1,5.0,0.0,0.0,0,0.0781818181818182,0.0,0.0,0.0781818181818182,0.35798028436739826,5.0,4.35,9.928562263254044,sim_input.json
23,0,12,<bidder.UniformBidder object at 0x0000028086D3FCC0>,5,True,30,2.4631735803691734,0.0,3.0,1,1,5.0,0.0,0.0,0,0.0,0.0,0.0,0.0,0.0,5.0,4.35,9.928562263254044,sim_input.json
23,0,12,<bidder.UniformBidder object at 0x0000028086D3FCC0>,5,True,31,0.00835048095709312,0.0,3.0,1,1,5.0,0.0,1.0,1,1.0,1.0,1.0,1.0,0.00835048095709312,5.0,4.35,9.928562263254044,sim_input.json
23,0,12,<bidder.UniformBidder object at 0x0000028086D3FCC0>,5,True,32,0.6411886439893814,0.0,4.0,0.75,1,5.0,0.0,0.0,0,0.0,0.0,0.0,0.0,0.0,5.0,4.35,9.928562263254044,sim_input.json
23,0,12,<bidder.UniformBidder object at 0x0000028086D3FCC0>,5,True,33,3.693597010021923,0.0,2.0,1,1,5.0,0.0,0.0,0,0.0390909090909091,0.0,0.0,0.0390909090909091,0.14438606493722064,5.0,4.35,9.928562263254044,sim_input.json
23,0,12,<bidder.UniformBidder object at 0x0000028086D3FCC0>,5,True,34,0.35311477712111916,0.0,4.0,0.75,1,5.0,0.0,1.0,1,0.75,0.75,0.75,0.75,0.26483608284083937,5.0,4.35,9.928562263254044,sim_input.json
23,0,12,<bidder.UniformBidder object at 0x0000028086D3FCC0>,5,True,35,6.8889741418768375,0.0,2.0,1,1,5.0,0.0,0.0,0,0.0390909090909091,0.0,0.0,0.0390909090909091,0.269296261909731,5.0,4.35,9.928562263254044,sim_input.json
23,0,12,<bidder.UniformBidder object at 0x0000028086D3FCC0>,5,True,36,6.206947318188178,0.0,1.0,1,1,5.0,0.0,0.0,0,0.0781818181818182,0.0,0.0,0.0781818181818182,0.48527042669471215,5.0,4.35,9.928562263254044,sim_input.json
23,0,12,<bidder.UniformBidder object at 0x0000028086D3FCC0>,5,True,37,2.287080073781272,0.0,6.0,0.5,1,5.0,0.0,0.0,0,0.0,0.0,0.0,0.0,0.0,5.0,4.35,9.928562263254044,sim_input.json
23,0,12,<bidder.UniformBidder object at 0x0000028086D3FCC0>,5,True,38,0.8587555917362153,0.0,3.0,1,1,5.0,0.0,0.0,0,0.0,0.0,0.0,0.0,0.0,5.0,4.35,9.928562263254044,sim_input.json
23,0,12,<bidder.UniformBidder object at 0x0000028086D3FCC0>,5,True,39,3.6113590966955855,0.0,2.0,1,1,5.0,0.0,0.0,0,0.0390909090909091,0.0,0.0,0.0390909090909091,0.14117131014355475,5.0,4.35,9.928562263254044,sim_input.json
23,0,12,<bidder.UniformBidder object at 0x0000028086D3FCC0>,5,True,40,1.7498114703488756,0.0,2.0,1,1,5.0,0.0,0.0,0,0.0390909090909091,0.0,0.0,0.0390909090909091,0.06840172111363788,5.0,4.35,9.928562263254044,sim_input.json
23,0,12,<bidder.UniformBidder object at 0x0000028086D3FCC0>,5,True,41,0.38672196330291964,0.0,1.0,1,1,5.0,0.0,1.0,1,1.0,1.0,1.0,1.0,0.38672196330291964,5.0,4.35,9.928562263254044,sim_input.json
23,0,12,<bidder.UniformBidder object at 0x0000028086D3FCC0>,5,True,42,6.716876484864443,0.0,3.0,1,1,5.0,0.0,0.0,0,0.0,0.0,0.0,0.0,0.0,5.0,4.35,9.928562263254044,sim_input.json
23,0,12,<bidder.UniformBidder object at 0x0000028086D3FCC0>,5,True,43,1.9707785325869733,0.0,4.0,0.75,1,5.0,0.0,0.0,0,0.0,0.0,0.0,0.0,0.0,5.0,4.35,9.928562263254044,sim_input.json
23,0,12,<bidder.UniformBidder object at 0x0000028086D3FCC0>,5,True,44,1.8826835939939377,0.0,1.0,1,1,5.0,0.0,0.0,0,0.0781818181818182,0.0,0.0,0.0781818181818182,0.14719162643952607,5.0,4.35,9.928562263254044,sim_input.json
23,0,12,<bidder.UniformBidder object at 0x0000028086D3FCC0>,5,True,45,1.2171438196767506,0.0,1.0,1,1,5.0,0.0,0.0,0,0.0781818181818182,0.0,0.0,0.0781818181818182,0.09515851681109143,5.0,4.35,9.928562263254044,sim_input.json
23,0,12,<bidder.UniformBidder object at 0x0000028086D3FCC0>,5,True,46,2.832092814304706,0.0,0.0,1,1,5.0,0.0,0.0,0,0.1172727272727273,0.0,0.0,0.1172727272727273,0.33212724822300654,5.0,4.35,9.928562263254044,sim_input.json
23,0,12,<bidder.UniformBidder object at 0x0000028086D3FCC0>,5,True,47,0.0,0.0,3.0,1,1,5.0,0.0,0.0,0,0.0,0.0,0.0,0.0,0.0,5.0,4.35,9.928562263254044,sim_input.json
23,0,12,<bidder.UniformBidder object at 0x0000028086D3FCC0>,5,True,48,5.78563254253387,0.0,2.0,1,1,5.0,0.0,0.0,0,0.0390909090909091,0.0,0.0,0.0390909090909091,0.22616563575359677,5.0,4.35,9.928562263254044,sim_input.json
23,0,12,<bidder.UniformBidder object at 0x0000028086D3FCC0>,5,True,49,2.5649639947035157,0.0,2.0,1,1,5.0,0.0,0.0,0,0.0390909090909091,0.0,0.0,0.0390909090909091,0.10026677433841018,5.0,4.35,9.928562263254044,sim_input.json
23,0,12,<bidder.UniformBidder object at 0x0000028086D3FCC0>,5,True,50,6.334882689024783,0.0,0.0,1,1,5.0,0.0,0.0,0,0.1172727272727273,0.0,0.0,0.1172727272727273,0.7429089698947248,5.0,4.35,9.928562263254044,sim_input.json
23,0,12,<bidder.UniformBidder object at 0x0000028086D3FCC0>,5,True,51,4.448261586957601,0.0,4.0,0.75,1,5.0,0.0,0.0,0,0.0,0.0,0.0,0.0,0.0,5.0,4.35,9.928562263254044,sim_input.json
23,0,13,<bidder.UniformBidder object at 0x0000028086D3FD30>,5,True,0,0.8943220344090144,0.0,5.0,0.6,1,5.0,0.0,1.0,1,0.6,0.6,0.6,0.6,0.5365932206454086,5.0,4.35,9.769954735361239,sim_input.json
23,0,13,<bidder.UniformBidder object at 0x0000028086D3FD30>,5,True,1,0.0,0.0,1.0,1,1,5.0,0.0,0.0,0,0.0,0.0,0.0,0.0,0.0,5.0,4.35,9.769954735361239,sim_input.json
23,0,13,<bidder.UniformBidder object at 0x0000028086D3FD30>,5,True,2,1.5925112453251513,0.0,4.0,0.75,1,5.0,0.0,0.0,0,0.0,0.0,0.0,0.0,0.0,5.0,4.35,9.769954735361239,sim_input.json
23,0,13,<bidder.UniformBidder object at 0x0000028086D3FD30>,5,True,3,3.8066851514092876,0.0,3.0,1,1,5.0,0.0,0.0,0,0.0,0.0,0.0,0.0,0.0,5.0,4.35,9.769954735361239,sim_input.json
23,0,13,<bidder.UniformBidder object at 0x0000028086D3FD30>,5,True,4,2.6835007419003785,0.0,5.0,0.6,1,5.0,0.0,0.0,0,0.0,0.0,0.0,0.0,0.0,5.0,4.35,9.769954735361239,sim_input.json
23,0,13,<bidder.UniformBidder object at 0x0000028086D3FD30>,5,True,5,6.1372099457759,0.0,3.0,1,1,5.0,0.0,0.0,0,0.0,0.0,0.0,0.0,0.0,5.0,4.35,9.769954735361239,sim_input.json
23,0,13,<bidder.UniformBidder object at 0x0000028086D3FD30>,5,True,6,3.3221327270925416,0.0,0.0,1,1,5.0,0.0,0.0,0,0.1172727272727273,0.0,0.0,0.1172727272727273,0.38959556526812544,5.0,4.35,9.769954735361239,sim_input.json
23,0,13,<bidder.UniformBidder object at 0x0000028086D3FD30>,5,True,7,6.572353563799401,0.0,2.0,1,1,5.0,0.0,0.0,0,0.0390909090909091,0.0,0.0,0.0390909090909091,0.2569192756757948,5.0,4.35,9.769954735361239,sim_input.json
23,0,13,<bidder.UniformBidder object at 0x0000028086D3FD30>,5,True,8,0.0,0.0,1.0,1,1,5.0,0.0,0.0,0,0.0,0.0,0.0,0.0,0.0,5.0,4.35,9.769954735361239,sim_input.json
23,0,13,<bidder.UniformBidder object at 0x0000028086D3FD30>,5,True,9,0.0,0.0,4.0,0.75,1,5.0,0.0,0.0,0,0.0,0.0,0.0,0.0,0.0,5.0,4.35,9.769954735361239,sim_input.json
23,0,13,<bidder.UniformBidder object at 0x0000028086D3FD30>,5,True,10,6.753827733288387,0.0,1.0,1,1,5.0,0.0,0.0,0,0.0781818181818182,0.0,0.0,0.0781818181818182,0.528026531875274,5.0,4.35,9.769954735361239,sim_input.json
23,0,13,<bidder.UniformBidder object at 0x0000028086D3FD30>,5,True,11,0.0,0.0,1.0,1,1,5.0,0.0,0.0,0,0.0,0.0,0.0,0.0,0.0,5.0,4.35,9.769954735361239,sim_input.json
23,0,13,<bidder.UniformBidder object at 0x0000028086D3FD30>,5,True,12,6.9025621815524945,0.0,3.0,1,1,5.0,0.0,0.0,0,0.0,0.0,0.0,0.0,0.0,5.0,4.35,9.769954735361239,sim_input.json
23,0,13,<bidder.UniformBidder object at 0x0000028086D3FD30>,5,True,13,1.2300847846287082,0.0,6.0,0.5,1,5.0,0.0,0.0,0,0.0,0.0,0.0,0.0,0.0,5.0,4.35,9.769954735361239,sim_input.json
23,0,13,<bidder.UniformBidder object at 0x0000028086D3FD30>,5,True,14,0.515802894580559,0.0,3.0,1,1,5.0,0.0,1.0,1,1.0,1.0,1.0,1.0,0.515802894580559,5.0,4.35,9.769954735361239,sim_input.json
23,0,13,<bidder.UniformBidder object at 0x0000028086D3FD30>,5,True,15,5.726740409937616,0.0,3.0,1,1,5.0,0.0,0.0,0,0.0,0.0,0.0,0.0,0.0,5.0,4.35,9.769954735361239,sim_input.json
23,0,13,<bidder.UniformBidder object at 0x0000028086D3FD30>,5,True,16,4.4037955125749315,0.0,2.0,1,1,5.0,0.0,0.0,0,0.0390909090909091,0.0,0.0,0.0390909090909091,0.17214837003702008,5.0,4.35,9.769954735361239,sim_input.json
23,0,13,<bidder.UniformBidder object at 0x0000028086D3FD30>,5,True,17,0.0,0.0,1.0,1,1,5.0,0.0,0.0,0,0.0,0.0,0.0,0.0,0.0,5.0,4.35,9.769954735361239,sim_input.json
23,0,13,<bidder.UniformBidder object at 0x0000028086D3FD30>,5,True,18,7.116326909953863,0.0,6.0,0.5,1,5.0,0.0,0.0,0,0.0,0.0,0.0,0.0,0.0,5.0,4.35,9.769954735361239,sim_input.json
23,0,13,<bidder.UniformBidder object at 0x0000028086D3FD30>,5,True,19,0.9484098652913191,0.0,2.0,1,1,5.0,0.0,1.0,1,1.0,1.0,1.0,1.0,0.9484098652913191,5.0,4.35,9.769954735361239,sim_input.json
23,0,13,<bidder.UniformBidder object at 0x0000028086D3FD30>,5,True,20,4.904640643051051,0.0,0.0,1,1,5.0,0.0,0.0,0,0.1172727272727273,0.0,0.0,0.1172727272727273,0.5751805845032598,5.0,4.35,9.769954735361239,sim_input.json
23,0,13,<bidder.UniformBidder object at 0x0000028086D3FD30>,5,True,21,0.0,0.0,1.0,1,1,5.0,0.0,0.0,0,0.0,0.0,0.0,0.0,0.0,5.0,4.35,9.769954735361239,sim_input.json
23,0,13,<bidder.UniformBidder object at 0x0000028086D3FD30>,5,True,22,5.103649528308015,0.0,3.0,1,1,5.0,0.0,0.0,0,0.0,0.0,0.0,0.0,0.0,5.0,4.35,9.769954735361239,sim_input.json
23,0,13,<bidder.UniformBidder object at 0x0000028086D3FD30>,5,True,23,2.42543712591121,0.0,1.0,1,1,5.0,0.0,0.0,0,0.0781818181818182,0.0,0.0,0.0781818181818182,0.1896250843894219,5.0,4.35,9.769954735361239,sim_input.json
23,0,13,<bidder.UniformBidder object at 0x0000028086D3FD30>,5,True,24,0.0,0.0,2.0,1,1,5.0,0.0,0.0,0,0.0,0.0,0.0,0.0,0.0,5.0,4.35,9.769954735361239,sim_input.json
23,0,13,<bidder.UniformBidder object at 0x0000028086D3FD30>,5,True,25,2.2153285847952118,0.0,0.0,1,1,5.0,0.0,0.0,0,0.1172727272727273,0.0,0.0,0.1172727272727273,0.2597976249441658,5.0,4.35,9.769954735361239,sim_input.json
23,0,13,<bidder.UniformBidder object at 0x0000028086D3FD30>,5,True,26,2.987875393741038,0.0,0.0,1,1,5.0,0.0,0.0,0,0.1172727272727273,0.0,0.0,0.1172727272727273,0.35039629617508544,5.0,4.35,9.769954735361239,sim_input.json
23,0,13,<bidder.UniformBidder object at 0x0000028086D3FD30>,5,True,27,5.583060030751437,0.0,0.0,1,1,5.0,0.0,0.0,0,0.1172727272727273,0.0,0.0,0.1172727272727273,0.6547406763335778,5.0,4.35,9.769954735361239,sim_input.json
23,0,13,<bidder.UniformBidder object at 0x0000028086D3FD30>,5,True,28,6.412093787866829,0.0,3.0,1,1,5.0,0.0,0.0,0,0.0,0.0,0.0,0.0,0.0,5.0,4.35,9.769954735361239,sim_input.json
23,0,13,<bidder.UniformBidder object at 0x0000028086D3FD30>,5,True,29,7.453913783021848,0.0,1.0,1,1,5.0,0.0,0.0,0,0.0781818181818182,0.0,0.0,0.0781818181818182,0.5827605321271628,5.0,4.35,9.769954735361239,sim_input.json
23,0,13,<bidder.UniformBidder object at 0x0000028086D3FD30>,5,True,30,5.160092561534805,0.0,3.0,1,1,5.0,0.0,0.0,0,0.0,0.0,0.0,0.0,0.0,5.0,4.35,9.769954735361239,sim_input.json
23,0,13,<bidder.UniformBidder object at 0x0000028086D3FD30>,5,True,31,5.756109535060115,0.0,3.0,1,1,5.0,0.0,0.0,0,0.0,0.0,0.0,0.0,0.0,5.0,4.35,9.769954735361239,sim_input.json
23,0,13,<bidder.UniformBidder object at 0x0000028086D3FD30>,5,True,32,7.689106414306247,0.0,4.0,0.75,1,5.0,0.0,0.0,0,0.0,0.0,0.0,0.0,0.0,5.0,4.35,9.769954735361239,sim_input.json
23,0,13,<bidder.UniformBidder object at 0x0000028086D3FD30>,5,True,33,7.611169222632388,0.0,2.0,1,1,5.0,0.0,0.0,0,0.0390909090909091,0.0,0.0,0.0390909090909091,0.297527524157448,5.0,4.35,9.769954735361239,sim_input.json
23,0,13,<bidder.UniformBidder object at 0x0000028086D3FD30>,5,True,34,4.322638295378724,0.0,4.0,0.75,1,5.0,0.0,0.0,0,0.0,0.0,0.0,0.0,0.0,5.0,4.35,9.769954735361239,sim_input.json
23,0,13,<bidder.UniformBidder object at 0x0000028086D3FD30>,5,True,35,1.9874610454349773,0.0,2.0,1,1,5.0,0.0,0.0,0,0.0390909090909091,0.0,0.0,0.0390909090909091,0.07769165904882186,5.0,4.35,9.769954735361239,sim_input.json
23,0,13,<bidder.UniformBidder object at 0x0000028086D3FD30>,5,True,36,0.0,0.0,1.0,1,1,5.0,0.0,0.0,0,0.0,0.0,0.0,0.0,0.0,5.0,4.35,9.769954735361239,sim_input.json
23,0,13,<bidder.UniformBidder object at 0x0000028086D3FD30>,5,True,37,1.6515901109010334,0.0,6.0,0.5,1,5.0,0.0,0.0,0,0.0,0.0,0.0,0.0,0.0,5.0,4.35,9.769954735361239,sim_input.json
23,0,13,<bidder.UniformBidder object at 0x0000028086D3FD30>,5,True,38,0.15506805870320206,0.0,3.0,1,1,5.0,0.0,1.0,1,1.0,1.0,1.0,1.0,0.15506805870320206,5.0,4.35,9.769954735361239,sim_input.json
23,0,13,<bidder.UniformBidder object at 0x0000028086D3FD30>,5,True,39,4.341542386810167,0.0,2.0,1,1,5.0,0.0,0.0,0,0.0390909090909091,0.0,0.0,0.0390909090909091,0.16971483875712473,5.0,4.35,9.769954735361239,sim_input.json
23,0,13,<bidder.UniformBidder object at 0x0000028086D3FD30>,5,True,40,1.3613533745534048,0.0,2.0,1,1,5.0,0.0,0.0,0,0.0390909090909091,0.0,0.0,0.0390909090909091,0.05321654100526947,5.0,4.35,9.769954735361239,sim_input.json
23,0,13,<bidder.UniformBidder object at 0x0000028086D3FD30>,5,True,41,5.232830930945737,0.0,1.0,1,1,5.0,0.0,0.0,0,0.0781818181818182,0.0,0.0,0.0781818181818182,0.4091122364193941,5.0,4.35,9.769954735361239,sim_input.json
23,0,13,<bidder.UniformBidder object at 0x0000028086D3FD30>,5,True,42,4.359056643771858,0.0,3.0,1,1,5.0,0.0,0.0,0,0.0,0.0,0.0,0.0,0.0,5.0,4.35,9.769954735361239,sim_input.json
23,0,13,<bidder.UniformBidder object at 0x0000028086D3FD30>,5,True,43,0.6182629008028496,0.0,4.0,0.75,1,5.0,0.0,1.0,1,0.75,0.75,0.75,0.75,0.4636971756021372,5.0,4.35,9.769954735361239,sim_input.json
23,0,13,<bidder.UniformBidder object at 0x0000028086D3FD30>,5,True,44,6.858537410276574,0.0,1.0,1,1,5.0,0.0,0.0,0,0.0781818181818182,0.0,0.0,0.0781818181818182,0.5362129248034413,5.0,4.35,9.769954735361239,sim_input.json
23,0,13,<bidder.UniformBidder object at 0x0000028086D3FD30>,5,True,45,7.957676343689972,0.0,1.0,1,1,5.0,0.0,0.0,0,0.0781818181818182,0.0,0.0,0.0781818181818182,0.6221456050521252,5.0,4.35,9.769954735361239,sim_input.json
23,0,13,<bidder.UniformBidder object at 0x0000028086D3FD30>,5,True,46,1.8403295161675148,0.0,0.0,1,1,5.0,0.0,0.0,0,0.1172727272727273,0.0,0.0,0.1172727272727273,0.21582046144146316,5.0,4.35,9.769954735361239,sim_input.json
23,0,13,<bidder.UniformBidder object at 0x0000028086D3FD30>,5,True,47,1.6597705414748498,0.0,3.0,1,1,5.0,0.0,0.0,0,0.0,0.0,0.0,0.0,0.0,5.0,4.35,9.769954735361239,sim_input.json
23,0,13,<bidder.UniformBidder object at 0x0000028086D3FD30>,5,True,48,0.0,0.0,2.0,1,1,5.0,0.0,0.0,0,0.0,0.0,0.0,0.0,0.0,5.0,4.35,9.769954735361239,sim_input.json
23,0,13,<bidder.UniformBidder object at 0x0000028086D3FD30>,5,True,49,1.3367368188989766,0.0,2.0,1,1,5.0,0.0,0.0,0,0.0390909090909091,0.0,0.0,0.0390909090909091,0.05225425746605091,5.0,4.35,9.769954735361239,sim_input.json
23,0,13,<bidder.UniformBidder object at 0x0000028086D3FD30>,5,True,50,6.4592761563135115,0.0,0.0,1,1,5.0,0.0,0.0,0,0.1172727272727273,0.0,0.0,0.1172727272727273,0.7574969310585847,5.0,4.35,9.769954735361239,sim_input.json
23,0,13,<bidder.UniformBidder object at 0x0000028086D3FD30>,5,True,51,1.1437886474193,0.0,4.0,0.75,1,5.0,0.0,0.0,0,0.0,0.0,0.0,0.0,0.0,5.0,4.35,9.769954735361239,sim_input.json
23,0,14,<bidder.IntegralGreedyBidder object at 0x0000028086D3F128>,5,True,0,2.590680180012998,0.0,5.0,0.6,1,5.0,0.0,0.0,0,0.0,0.0,0.0,0.0,0.0,5.0,4.0,9.26133211211109,sim_input.json
23,0,14,<bidder.IntegralGreedyBidder object at 0x0000028086D3F128>,5,True,1,3.518641751587636,0.0,1.0,1,1,5.0,0.0,0.0,0,0.09090909090909093,0.0,0.0,0.09090909090909093,0.3198765228716033,5.0,4.0,9.26133211211109,sim_input.json
23,0,14,<bidder.IntegralGreedyBidder object at 0x0000028086D3F128>,5,True,2,5.566639297161284,0.0,4.0,0.75,1,5.0,0.0,0.0,0,0.0,0.0,0.0,0.0,0.0,5.0,4.0,9.26133211211109,sim_input.json
23,0,14,<bidder.IntegralGreedyBidder object at 0x0000028086D3F128>,5,True,3,0.0,0.0,3.0,1,1,5.0,0.0,0.0,0,0.0,0.0,0.0,0.0,0.0,5.0,4.0,9.26133211211109,sim_input.json
23,0,14,<bidder.IntegralGreedyBidder object at 0x0000028086D3F128>,5,True,4,7.67927009352848,0.0,5.0,0.6,1,5.0,0.0,0.0,0,0.0,0.0,0.0,0.0,0.0,5.0,4.0,9.26133211211109,sim_input.json
23,0,14,<bidder.IntegralGreedyBidder object at 0x0000028086D3F128>,5,True,5,5.029103730353529,0.0,3.0,1,1,5.0,0.0,0.0,0,0.0,0.0,0.0,0.0,0.0,5.0,4.0,9.26133211211109,sim_input.json
23,0,14,<bidder.IntegralGreedyBidder object at 0x0000028086D3F128>,5,True,6,0.0,0.0,0.0,1,1,5.0,0.0,0.0,0,0.0,0.0,0.0,0.0,0.0,5.0,4.0,9.26133211211109,sim_input.json
23,0,14,<bidder.IntegralGreedyBidder object at 0x0000028086D3F128>,5,True,7,0.8941079358138901,0.0,2.0,1,1,5.0,0.0,0.0,0,0.04545454545454546,0.0,0.0,0.04545454545454546,0.04064126980972229,5.0,4.0,9.26133211211109,sim_input.json
23,0,14,<bidder.IntegralGreedyBidder object at 0x0000028086D3F128>,5,True,8,0.8575440528421898,0.0,1.0,1,1,5.0,0.0,0.0,0,0.09090909090909093,0.0,0.0,0.09090909090909093,0.0779585502583809,5.0,4.0,9.26133211211109,sim_input.json
23,0,14,<bidder.IntegralGreedyBidder object at 0x0000028086D3F128>,5,True,9,4.500221050409877,0.0,4.0,0.75,1,5.0,0.0,0.0,0,0.0,0.0,0.0,0.0,0.0,5.0,4.0,9.26133211211109,sim_input.json
23,0,14,<bidder.IntegralGreedyBidder object at 0x0000028086D3F128>,5,True,10,6.468465269074496,0.0,1.0,1,1,5.0,0.0,0.0,0,0.09090909090909093,0.0,0.0,0.09090909090909093,0.5880422971885907,5.0,4.0,9.26133211211109,sim_input.json
23,0,14,<bidder.IntegralGreedyBidder object at 0x0000028086D3F128>,5,True,11,3.992424888133893,0.0,1.0,1,1,5.0,0.0,0.0,0,0.09090909090909093,0.0,0.0,0.09090909090909093,0.3629477171030812,5.0,4.0,9.26133211211109,sim_input.json
23,0,14,<bidder.IntegralGreedyBidder object at 0x0000028086D3F128>,5,True,12,7.086323399685458,0.0,3.0,1,1,5.0,0.0,0.0,0,0.0,0.0,0.0,0.0,0.0,5.0,4.0,9.26133211211109,sim_input.json
23,0,14,<bidder.IntegralGreedyBidder object at 0x0000028086D3F128>,5,True,13,0.3727840093185141,0.0,6.0,0.5,1,5.0,0.0,1.0,1,0.5,0.5,0.5,0.5,0.18639200465925704,5.0,4.0,9.26133211211109,sim_input.json
23,0,14,<bidder.IntegralGreedyBidder object at 0x0000028086D3F128>,5,True,14,4.116581473853799,0.0,3.0,1,1,5.0,0.0,0.0,0,0.0,0.0,0.0,0.0,0.0,5.0,4.0,9.26133211211109,sim_input.json
23,0,14,<bidder.IntegralGreedyBidder object at 0x0000028086D3F128>,5,True,15,5.546269190768061,0.0,3.0,1,1,5.0,0.0,0.0,0,0.0,0.0,0.0,0.0,0.0,5.0,4.0,9.26133211211109,sim_input.json
23,0,14,<bidder.IntegralGreedyBidder object at 0x0000028086D3F128>,5,True,16,0.0,0.0,2.0,1,1,5.0,0.0,0.0,0,0.0,0.0,0.0,0.0,0.0,5.0,4.0,9.26133211211109,sim_input.json
23,0,14,<bidder.IntegralGreedyBidder object at 0x0000028086D3F128>,5,True,17,1.246006185057086,0.0,1.0,1,1,5.0,0.0,0.0,0,0.09090909090909093,0.0,0.0,0.09090909090909093,0.11327328955064421,5.0,4.0,9.26133211211109,sim_input.json
23,0,14,<bidder.IntegralGreedyBidder object at 0x0000028086D3F128>,5,True,18,4.350501457479385,0.0,6.0,0.5,1,5.0,0.0,0.0,0,0.0,0.0,0.0,0.0,0.0,5.0,4.0,9.26133211211109,sim_input.json
23,0,14,<bidder.IntegralGreedyBidder object at 0x0000028086D3F128>,5,True,19,1.4753601252533048,0.0,2.0,1,1,5.0,0.0,0.0,0,0.04545454545454546,0.0,0.0,0.04545454545454546,0.06706182387515024,5.0,4.0,9.26133211211109,sim_input.json
23,0,14,<bidder.IntegralGreedyBidder object at 0x0000028086D3F128>,5,True,20,2.924189485734498,0.0,0.0,1,1,5.0,0.0,0.0,0,0.13636363636363638,0.0,0.0,0.13636363636363638,0.398753111691068,5.0,4.0,9.26133211211109,sim_input.json
23,0,14,<bidder.IntegralGreedyBidder object at 0x0000028086D3F128>,5,True,21,3.0114909685158127,0.0,1.0,1,1,5.0,0.0,0.0,0,0.09090909090909093,0.0,0.0,0.09090909090909093,0.2737719062287103,5.0,4.0,9.26133211211109,sim_input.json
23,0,14,<bidder.IntegralGreedyBidder object at 0x0000028086D3F128>,5,True,22,4.7680618580089895,0.0,3.0,1,1,5.0,0.0,0.0,0,0.0,0.0,0.0,0.0,0.0,5.0,4.0,9.26133211211109,sim_input.json
23,0,14,<bidder.IntegralGreedyBidder object at 0x0000028086D3F128>,5,True,23,7.525904169529197,0.0,1.0,1,1,5.0,0.0,0.0,0,0.09090909090909093,0.0,0.0,0.09090909090909093,0.6841731063208362,5.0,4.0,9.26133211211109,sim_input.json
23,0,14,<bidder.IntegralGreedyBidder object at 0x0000028086D3F128>,5,True,24,0.9326837096493567,0.0,2.0,1,1,5.0,0.0,0.0,0,0.04545454545454546,0.0,0.0,0.04545454545454546,0.042394714074970766,5.0,4.0,9.26133211211109,sim_input.json
23,0,14,<bidder.IntegralGreedyBidder object at 0x0000028086D3F128>,5,True,25,1.7248056637951408,0.0,0.0,1,1,5.0,0.0,0.0,0,0.13636363636363638,0.0,0.0,0.13636363636363638,0.23520077233570105,5.0,4.0,9.26133211211109,sim_input.json
23,0,14,<bidder.IntegralGreedyBidder object at 0x0000028086D3F128>,5,True,26,2.306876992811877,0.0,0.0,1,1,5.0,0.0,0.0,0,0.13636363636363638,0.0,0.0,0.13636363636363638,0.3145741353834378,5.0,4.0,9.26133211211109,sim_input.json
23,0,14,<bidder.IntegralGreedyBidder object at 0x0000028086D3F128>,5,True,27,5.522214567431611,0.0,0.0,1,1,5.0,0.0,0.0,0,0.13636363636363638,0.0,0.0,0.13636363636363638,0.7530292591952198,5.0,4.0,9.26133211211109,sim_input.json
23,0,14,<bidder.IntegralGreedyBidder object at 0x0000028086D3F128>,5,True,28,5.291484120697927,0.0,3.0,1,1,5.0,0.0,0.0,0,0.0,0.0,0.0,0.0,0.0,5.0,4.0,9.26133211211109,sim_input.json
23,0,14,<bidder.IntegralGreedyBidder object at 0x0000028086D3F128>,5,True,29,2.1712602537391406,0.0,1.0,1,1,5.0,0.0,0.0,0,0.09090909090909093,0.0,0.0,0.09090909090909093,0.19738729579446737,5.0,4.0,9.26133211211109,sim_input.json
23,0,14,<bidder.IntegralGreedyBidder object at 0x0000028086D3F128>,5,True,30,3.225578218124062,0.0,3.0,1,1,5.0,0.0,0.0,0,0.0,0.0,0.0,0.0,0.0,5.0,4.0,9.26133211211109,sim_input.json
23,0,14,<bidder.IntegralGreedyBidder object at 0x0000028086D3F128>,5,True,31,0.0,0.0,3.0,1,1,5.0,0.0,0.0,0,0.0,0.0,0.0,0.0,0.0,5.0,4.0,9.26133211211109,sim_input.json
23,0,14,<bidder.IntegralGreedyBidder object at 0x0000028086D3F128>,5,True,32,0.0,0.0,4.0,0.75,1,5.0,0.0,0.0,0,0.0,0.0,0.0,0.0,0.0,5.0,4.0,9.26133211211109,sim_input.json
23,0,14,<bidder.IntegralGreedyBidder object at 0x0000028086D3F128>,5,True,33,0.0,0.0,2.0,1,1,5.0,0.0,0.0,0,0.0,0.0,0.0,0.0,0.0,5.0,4.0,9.26133211211109,sim_input.json
23,0,14,<bidder.IntegralGreedyBidder object at 0x0000028086D3F128>,5,True,34,0.726040552038332,0.0,4.0,0.75,1,5.0,0.0,1.0,1,0.75,0.75,0.75,0.75,0.544530414028749,5.0,4.0,9.26133211211109,sim_input.json
23,0,14,<bidder.IntegralGreedyBidder object at 0x0000028086D3F128>,5,True,35,0.0,0.0,2.0,1,1,5.0,0.0,0.0,0,0.0,0.0,0.0,0.0,0.0,5.0,4.0,9.26133211211109,sim_input.json
23,0,14,<bidder.IntegralGreedyBidder object at 0x0000028086D3F128>,5,True,36,7.072988981799542,0.0,1.0,1,1,5.0,0.0,0.0,0,0.09090909090909093,0.0,0.0,0.09090909090909093,0.642998998345413,5.0,4.0,9.26133211211109,sim_input.json
23,0,14,<bidder.IntegralGreedyBidder object at 0x0000028086D3F128>,5,True,37,0.0,0.0,6.0,0.5,1,5.0,0.0,0.0,0,0.0,0.0,0.0,0.0,0.0,5.0,4.0,9.26133211211109,sim_input.json
23,0,14,<bidder.IntegralGreedyBidder object at 0x0000028086D3F128>,5,True,38,6.3130019717448205,0.0,3.0,1,1,5.0,0.0,0.0,0,0.0,0.0,0.0,0.0,0.0,5.0,4.0,9.26133211211109,sim_input.json
23,0,14,<bidder.IntegralGreedyBidder object at 0x0000028086D3F128>,5,True,39,3.8743732603180003,0.0,2.0,1,1,5.0,0.0,0.0,0,0.04545454545454546,0.0,0.0,0.04545454545454546,0.17610787546900006,5.0,4.0,9.26133211211109,sim_input.json
23,0,14,<bidder.IntegralGreedyBidder object at 0x0000028086D3F128>,5,True,40,6.197138216336894,0.0,2.0,1,1,5.0,0.0,0.0,0,0.04545454545454546,0.0,0.0,0.04545454545454546,0.28168810074258616,5.0,4.0,9.26133211211109,sim_input.json
23,0,14,<bidder.IntegralGreedyBidder object at 0x0000028086D3F128>,5,True,41,4.687467644529187,0.0,1.0,1,1,5.0,0.0,0.0,0,0.09090909090909093,0.0,0.0,0.09090909090909093,0.4261334222299262,5.0,4.0,9.26133211211109,sim_input.json
23,0,14,<bidder.IntegralGreedyBidder object at 0x0000028086D3F128>,5,True,42,0.3336022386176838,0.0,3.0,1,1,5.0,0.0,1.0,1,1.0,1.0,1.0,1.0,0.3336022386176838,5.0,4.0,9.26133211211109,sim_input.json
23,0,14,<bidder.IntegralGreedyBidder object at 0x0000028086D3F128>,5,True,43,0.06363070421625627,0.0,4.0,0.75,1,5.0,0.0,1.0,1,0.75,0.75,0.75,0.75,0.047723028162192205,5.0,4.0,9.26133211211109,sim_input.json
23,0,14,<bidder.IntegralGreedyBidder object at 0x0000028086D3F128>,5,True,44,0.9576247432974114,0.0,1.0,1,1,5.0,0.0,0.0,0,0.09090909090909093,0.0,0.0,0.09090909090909093,0.08705679484521923,5.0,4.0,9.26133211211109,sim_input.json
23,0,14,<bidder.IntegralGreedyBidder object at 0x0000028086D3F128>,5,True,45,7.176248738777758,0.0,1.0,1,1,5.0,0.0,0.0,0,0.09090909090909093,0.0,0.0,0.09090909090909093,0.6523862489797964,5.0,4.0,9.26133211211109,sim_input.json
23,0,14,<bidder.IntegralGreedyBidder object at 0x0000028086D3F128>,5,True,46,4.57469941139493,0.0,0.0,1,1,5.0,0.0,0.0,0,0.13636363636363638,0.0,0.0,0.13636363636363638,0.6238226470083997,5.0,4.0,9.26133211211109,sim_input.json
23,0,14,<bidder.IntegralGreedyBidder object at 0x0000028086D3F128>,5,True,47,1.459101866662318,0.0,3.0,1,1,5.0,0.0,0.0,0,0.0,0.0,0.0,0.0,0.0,5.0,4.0,9.26133211211109,sim_input.json
23,0,14,<bidder.IntegralGreedyBidder object at 0x0000028086D3F128>,5,True,48,0.34325329782681335,0.0,2.0,1,1,5.0,0.0,1.0,1,1.0,1.0,1.0,1.0,0.34325329782681335,5.0,4.0,9.26133211211109,sim_input.json
23,0,14,<bidder.IntegralGreedyBidder object at 0x0000028086D3F128>,5,True,49,0.9421597387271343,0.0,2.0,1,1,5.0,0.0,0.0,0,0.04545454545454546,0.0,0.0,0.04545454545454546,0.0428254426694152,5.0,4.0,9.26133211211109,sim_input.json
23,0,14,<bidder.IntegralGreedyBidder object at 0x0000028086D3F128>,5,True,50,2.960656063530407,0.0,0.0,1,1,5.0,0.0,0.0,0,0.13636363636363638,0.0,0.0,0.13636363636363638,0.40372582684505554,5.0,4.0,9.26133211211109,sim_input.json
23,0,14,<bidder.IntegralGreedyBidder object at 0x0000028086D3F128>,5,True,51,2.827248772234399,0.0,4.0,0.75,1,5.0,0.0,0.0,0,0.0,0.0,0.0,0.0,0.0,5.0,4.0,9.26133211211109,sim_input.json
23,0,15,<bidder.UniformBidder object at 0x0000028086D3F2E8>,5,True,0,0.0,0.0,5.0,0.6,1,5.0,0.0,0.0,0,0.0,0.0,0.0,0.0,0.0,5.0,3.5,14.968441793770616,sim_input.json
23,0,15,<bidder.UniformBidder object at 0x0000028086D3F2E8>,5,True,1,3.657394946139583,0.0,1.0,1,1,5.0,0.0,0.0,0,0.1090909090909091,0.0,0.0,0.1090909090909091,0.39898853957886365,5.0,3.5,14.968441793770616,sim_input.json
23,0,15,<bidder.UniformBidder object at 0x0000028086D3F2E8>,5,True,2,2.907440327930737,0.0,4.0,0.75,1,5.0,0.0,0.0,0,0.0,0.0,0.0,0.0,0.0,5.0,3.5,14.968441793770616,sim_input.json
23,0,15,<bidder.UniformBidder object at 0x0000028086D3F2E8>,5,True,3,3.0865521747855027,0.0,3.0,1,1,5.0,0.0,0.0,0,0.0,0.0,0.0,0.0,0.0,5.0,3.5,14.968441793770616,sim_input.json
23,0,15,<bidder.UniformBidder object at 0x0000028086D3F2E8>,5,True,4,2.9084110647046275,0.0,5.0,0.6,1,5.0,0.0,0.0,0,0.0,0.0,0.0,0.0,0.0,5.0,3.5,14.968441793770616,sim_input.json
23,0,15,<bidder.UniformBidder object at 0x0000028086D3F2E8>,5,True,5,3.975561383905964,0.0,3.0,1,1,5.0,0.0,0.0,0,0.0,0.0,0.0,0.0,0.0,5.0,3.5,14.968441793770616,sim_input.json
23,0,15,<bidder.UniformBidder object at 0x0000028086D3F2E8>,5,True,6,4.311163605569012,0.0,0.0,1,1,5.0,0.0,0.0,0,0.16363636363636364,0.0,0.0,0.16363636363636364,0.7054631354567474,5.0,3.5,14.968441793770616,sim_input.json
23,0,15,<bidder.UniformBidder object at 0x0000028086D3F2E8>,5,True,7,2.2840715097446482,0.0,2.0,1,1,5.0,0.0,0.0,0,0.05454545454545455,0.0,0.0,0.05454545454545455,0.12458571871334446,5.0,3.5,14.968441793770616,sim_input.json
23,0,15,<bidder.UniformBidder object at 0x0000028086D3F2E8>,5,True,8,7.643382768653128,0.0,1.0,1,1,5.0,0.0,0.0,0,0.1090909090909091,0.0,0.0,0.1090909090909091,0.8338235747621594,5.0,3.5,14.968441793770616,sim_input.json
23,0,15,<bidder.UniformBidder object at 0x0000028086D3F2E8>,5,True,9,0.21232119963414653,0.0,4.0,0.75,1,5.0,0.0,1.0,1,0.75,0.75,0.75,0.75,0.1592408997256099,5.0,3.5,14.968441793770616,sim_input.json
23,0,15,<bidder.UniformBidder object at 0x0000028086D3F2E8>,5,True,10,3.2202016815706176,0.0,1.0,1,1,5.0,0.0,0.0,0,0.1090909090909091,0.0,0.0,0.1090909090909091,0.35129472889861285,5.0,3.5,14.968441793770616,sim_input.json
23,0,15,<bidder.UniformBidder object at 0x0000028086D3F2E8>,5,True,11,6.608544357524012,0.0,1.0,1,1,5.0,0.0,0.0,0,0.1090909090909091,0.0,0.0,0.1090909090909091,0.7209321117298924,5.0,3.5,14.968441793770616,sim_input.json
23,0,15,<bidder.UniformBidder object at 0x0000028086D3F2E8>,5,True,12,0.11002596729234593,0.0,3.0,1,1,5.0,0.0,1.0,1,1.0,1.0,1.0,1.0,0.11002596729234593,5.0,3.5,14.968441793770616,sim_input.json
23,0,15,<bidder.UniformBidder object at 0x0000028086D3F2E8>,5,True,13,0.3522386639754096,0.0,6.0,0.5,1,5.0,0.0,1.0,1,0.5,0.5,0.5,0.5,0.1761193319877048,5.0,3.5,14.968441793770616,sim_input.json
23,0,15,<bidder.UniformBidder object at 0x0000028086D3F2E8>,5,True,14,2.958540728886832,0.0,3.0,1,1,5.0,0.0,0.0,0,0.0,0.0,0.0,0.0,0.0,5.0,3.5,14.968441793770616,sim_input.json
23,0,15,<bidder.UniformBidder object at 0x0000028086D3F2E8>,5,True,15,5.012619211695451,0.0,3.0,1,1,5.0,0.0,0.0,0,0.0,0.0,0.0,0.0,0.0,5.0,3.5,14.968441793770616,sim_input.json
23,0,15,<bidder.UniformBidder object at 0x0000028086D3F2E8>,5,True,16,6.2757838243524136,0.0,2.0,1,1,5.0,0.0,0.0,0,0.05454545454545455,0.0,0.0,0.05454545454545455,0.3423154813283135,5.0,3.5,14.968441793770616,sim_input.json
23,0,15,<bidder.UniformBidder object at 0x0000028086D3F2E8>,5,True,17,3.668285461181272,0.0,1.0,1,1,5.0,0.0,0.0,0,0.1090909090909091,0.0,0.0,0.1090909090909091,0.4001765957652297,5.0,3.5,14.968441793770616,sim_input.json
23,0,15,<bidder.UniformBidder object at 0x0000028086D3F2E8>,5,True,18,0.0,0.0,6.0,0.5,1,5.0,0.0,0.0,0,0.0,0.0,0.0,0.0,0.0,5.0,3.5,14.968441793770616,sim_input.json
23,0,15,<bidder.UniformBidder object at 0x0000028086D3F2E8>,5,True,19,4.2800651742070945,0.0,2.0,1,1,5.0,0.0,0.0,0,0.05454545454545455,0.0,0.0,0.05454545454545455,0.23345810041129608,5.0,3.5,14.968441793770616,sim_input.json
23,0,15,<bidder.UniformBidder object at 0x0000028086D3F2E8>,5,True,20,4.118094997573536,0.0,0.0,1,1,5.0,0.0,0.0,0,0.16363636363636364,0.0,0.0,0.16363636363636364,0.6738700905120332,5.0,3.5,14.968441793770616,sim_input.json
23,0,15,<bidder.UniformBidder object at 0x0000028086D3F2E8>,5,True,21,6.358096994051157,0.0,1.0,1,1,5.0,0.0,0.0,0,0.1090909090909091,0.0,0.0,0.1090909090909091,0.6936105811692171,5.0,3.5,14.968441793770616,sim_input.json
23,0,15,<bidder.UniformBidder object at 0x0000028086D3F2E8>,5,True,22,0.9630142925573355,0.0,3.0,1,1,5.0,0.0,0.0,0,0.0,0.0,0.0,0.0,0.0,5.0,3.5,14.968441793770616,sim_input.json
23,0,15,<bidder.UniformBidder object at 0x0000028086D3F2E8>,5,True,23,0.7602752320006272,0.0,1.0,1,1,5.0,0.0,0.0,0,0.1090909090909091,0.0,0.0,0.1090909090909091,0.08293911621825024,5.0,3.5,14.968441793770616,sim_input.json
23,0,15,<bidder.UniformBidder object at 0x0000028086D3F2E8>,5,True,24,0.41974338214447116,0.0,2.0,1,1,5.0,0.0,0.0,0,0.05454545454545455,0.0,0.0,0.05454545454545455,0.02289509357151661,5.0,3.5,14.968441793770616,sim_input.json
23,0,15,<bidder.UniformBidder object at 0x0000028086D3F2E8>,5,True,25,7.95005422783389,0.0,0.0,1,1,5.0,0.0,0.0,0,0.16363636363636364,0.0,0.0,0.16363636363636364,1.3009179645546365,5.0,3.5,14.968441793770616,sim_input.json
23,0,15,<bidder.UniformBidder object at 0x0000028086D3F2E8>,5,True,26,2.54106206314393,0.0,0.0,1,1,5.0,0.0,0.0,0,0.16363636363636364,0.0,0.0,0.16363636363636364,0.4158101557871885,5.0,3.5,14.968441793770616,sim_input.json
23,0,15,<bidder.UniformBidder object at 0x0000028086D3F2E8>,5,True,27,6.380602305537337,0.0,0.0,1,1,5.0,0.0,0.0,0,0.16363636363636364,0.0,0.0,0.16363636363636364,1.044098559087928,5.0,3.5,14.968441793770616,sim_input.json
23,0,15,<bidder.UniformBidder object at 0x0000028086D3F2E8>,5,True,28,4.498436759940126,0.0,3.0,1,1,5.0,0.0,0.0,0,0.0,0.0,0.0,0.0,0.0,5.0,3.5,14.968441793770616,sim_input.json
23,0,15,<bidder.UniformBidder object at 0x0000028086D3F2E8>,5,True,29,5.505251930120229,0.0,1.0,1,1,5.0,0.0,0.0,0,0.1090909090909091,0.0,0.0,0.1090909090909091,0.6005729378312977,5.0,3.5,14.968441793770616,sim_input.json
23,0,15,<bidder.UniformBidder object at 0x0000028086D3F2E8>,5,True,30,2.182518795855197,0.0,3.0,1,1,5.0,0.0,0.0,0,0.0,0.0,0.0,0.0,0.0,5.0,3.5,14.968441793770616,sim_input.json
23,0,15,<bidder.UniformBidder object at 0x0000028086D3F2E8>,5,True,31,4.818553524477737,0.0,3.0,1,1,5.0,0.0,0.0,0,0.0,0.0,0.0,0.0,0.0,5.0,3.5,14.968441793770616,sim_input.json
23,0,15,<bidder.UniformBidder object at 0x0000028086D3F2E8>,5,True,32,6.786993743099197,0.0,4.0,0.75,1,5.0,0.0,0.0,0,0.0,0.0,0.0,0.0,0.0,5.0,3.5,14.968441793770616,sim_input.json
23,0,15,<bidder.UniformBidder object at 0x0000028086D3F2E8>,5,True,33,7.5950563720839,0.0,2.0,1,1,5.0,0.0,0.0,0,0.05454545454545455,0.0,0.0,0.05454545454545455,0.4142758021136673,5.0,3.5,14.968441793770616,sim_input.json
23,0,15,<bidder.UniformBidder object at 0x0000028086D3F2E8>,5,True,34,0.4671509669156999,0.0,4.0,0.75,1,5.0,0.0,0.0,0,0.0,0.0,0.0,0.0,0.0,5.0,3.5,14.968441793770616,sim_input.json
23,0,15,<bidder.UniformBidder object at 0x0000028086D3F2E8>,5,True,35,6.422864995522955,0.0,2.0,1,1,5.0,0.0,0.0,0,0.05454545454545455,0.0,0.0,0.05454545454545455,0.3503380906648885,5.0,3.5,14.968441793770616,sim_input.json
23,0,15,<bidder.UniformBidder object at 0x0000028086D3F2E8>,5,True,36,4.988111426545533,0.0,1.0,1,1,5.0,0.0,0.0,0,0.1090909090909091,0.0,0.0,0.1090909090909091,0.5441576101686036,5.0,3.5,14.968441793770616,sim_input.json
23,0,15,<bidder.UniformBidder object at 0x0000028086D3F2E8>,5,True,37,0.19466790065517403,0.0,6.0,0.5,1,5.0,0.0,1.0,1,0.5,0.5,0.5,0.5,0.09733395032758702,5.0,3.5,14.968441793770616,sim_input.json
23,0,15,<bidder.UniformBidder object at 0x0000028086D3F2E8>,5,True,38,3.747334208765078,0.0,3.0,1,1,5.0,0.0,0.0,0,0.0,0.0,0.0,0.0,0.0,5.0,3.5,14.968441793770616,sim_input.json
23,0,15,<bidder.UniformBidder object at 0x0000028086D3F2E8>,5,True,39,6.692416770921636,0.0,2.0,1,1,5.0,0.0,0.0,0,0.05454545454545455,0.0,0.0,0.05454545454545455,0.3650409147775438,5.0,3.5,14.968441793770616,sim_input.json
23,0,15,<bidder.UniformBidder object at 0x0000028086D3F2E8>,5,True,40,2.2899466926845724,0.0,2.0,1,1,5.0,0.0,0.0,0,0.05454545454545455,0.0,0.0,0.05454545454545455,0.12490618323734032,5.0,3.5,14.968441793770616,sim_input.json
23,0,15,<bidder.UniformBidder object at 0x0000028086D3F2E8>,5,True,41,3.846858471376902,0.0,1.0,1,1,5.0,0.0,0.0,0,0.1090909090909091,0.0,0.0,0.1090909090909091,0.4196572877865712,5.0,3.5,14.968441793770616,sim_input.json
23,0,15,<bidder.UniformBidder object at 0x0000028086D3F2E8>,5,True,42,5.738369102990232,0.0,3.0,1,1,5.0,0.0,0.0,0,0.0,0.0,0.0,0.0,0.0,5.0,3.5,14.968441793770616,sim_input.json
23,0,15,<bidder.UniformBidder object at 0x0000028086D3F2E8>,5,True,43,3.3079399012123476,0.0,4.0,0.75,1,5.0,0.0,0.0,0,0.0,0.0,0.0,0.0,0.0,5.0,3.5,14.968441793770616,sim_input.json
23,0,15,<bidder.UniformBidder object at 0x0000028086D3F2E8>,5,True,44,2.3345155151755295,0.0,1.0,1,1,5.0,0.0,0.0,0,0.1090909090909091,0.0,0.0,0.1090909090909091,0.2546744198373305,5.0,3.5,14.968441793770616,sim_input.json
23,0,15,<bidder.UniformBidder object at 0x0000028086D3F2E8>,5,True,45,3.5152962960401495,0.0,1.0,1,1,5.0,0.0,0.0,0,0.1090909090909091,0.0,0.0,0.1090909090909091,0.38348686865892545,5.0,3.5,14.968441793770616,sim_input.json
23,0,15,<bidder.UniformBidder object at 0x0000028086D3F2E8>,5,True,46,5.549365358107169,0.0,0.0,1,1,5.0,0.0,0.0,0,0.16363636363636364,0.0,0.0,0.16363636363636364,0.9080779676902639,5.0,3.5,14.968441793770616,sim_input.json
23,0,15,<bidder.UniformBidder object at 0x0000028086D3F2E8>,5,True,47,0.0,0.0,3.0,1,1,5.0,0.0,0.0,0,0.0,0.0,0.0,0.0,0.0,5.0,3.5,14.968441793770616,sim_input.json
23,0,15,<bidder.UniformBidder object at 0x0000028086D3F2E8>,5,True,48,3.407288415865507,0.0,2.0,1,1,5.0,0.0,0.0,0,0.05454545454545455,0.0,0.0,0.05454545454545455,0.18585209541084585,5.0,3.5,14.968441793770616,sim_input.json
23,0,15,<bidder.UniformBidder object at 0x0000028086D3F2E8>,5,True,49,4.187343277295524,0.0,2.0,1,1,5.0,0.0,0.0,0,0.05454545454545455,0.0,0.0,0.05454545454545455,0.22840054239793767,5.0,3.5,14.968441793770616,sim_input.json
23,0,15,<bidder.UniformBidder object at 0x0000028086D3F2E8>,5,True,50,6.78156809124844,0.0,0.0,1,1,5.0,0.0,0.0,0,0.16363636363636364,0.0,0.0,0.16363636363636364,1.1097111422042902,5.0,3.5,14.968441793770616,sim_input.json
23,0,15,<bidder.UniformBidder object at 0x0000028086D3F2E8>,5,True,51,0.2551869788168457,0.0,4.0,0.75,1,5.0,0.0,1.0,1,0.75,0.75,0.75,0.75,0.19139023411263428,5.0,3.5,14.968441793770616,sim_input.json
23,0,16,<bidder.IntegralGreedyBidder object at 0x0000028086D3FE80>,5,True,0,0.0,0.0,5.0,0.6,1,5.0,0.0,0.0,0,0.0,0.0,0.0,0.0,0.0,5.0,4.1,10.960994112106997,sim_input.json
23,0,16,<bidder.IntegralGreedyBidder object at 0x0000028086D3FE80>,5,True,1,3.378817914509118,0.0,1.0,1,1,5.0,0.0,0.0,0,0.0872727272727273,0.0,0.0,0.0872727272727273,0.29487865435715943,5.0,4.1,10.960994112106997,sim_input.json
23,0,16,<bidder.IntegralGreedyBidder object at 0x0000028086D3FE80>,5,True,2,1.7980522546841728,0.0,4.0,0.75,1,5.0,0.0,0.0,0,0.0,0.0,0.0,0.0,0.0,5.0,4.1,10.960994112106997,sim_input.json
23,0,16,<bidder.IntegralGreedyBidder object at 0x0000028086D3FE80>,5,True,3,1.5373479410486421,0.0,3.0,1,1,5.0,0.0,0.0,0,0.0,0.0,0.0,0.0,0.0,5.0,4.1,10.960994112106997,sim_input.json
23,0,16,<bidder.IntegralGreedyBidder object at 0x0000028086D3FE80>,5,True,4,0.00038706825346790374,0.0,5.0,0.6,1,5.0,0.0,1.0,1,0.6,0.6,0.6,0.6,0.00023224095208074225,5.0,4.1,10.960994112106997,sim_input.json
23,0,16,<bidder.IntegralGreedyBidder object at 0x0000028086D3FE80>,5,True,5,1.7303166954552487,0.0,3.0,1,1,5.0,0.0,0.0,0,0.0,0.0,0.0,0.0,0.0,5.0,4.1,10.960994112106997,sim_input.json
23,0,16,<bidder.IntegralGreedyBidder object at 0x0000028086D3FE80>,5,True,6,0.0,0.0,0.0,1,1,5.0,0.0,0.0,0,0.0,0.0,0.0,0.0,0.0,5.0,4.1,10.960994112106997,sim_input.json
23,0,16,<bidder.IntegralGreedyBidder object at 0x0000028086D3FE80>,5,True,7,0.08983423673974844,0.0,2.0,1,1,5.0,0.0,1.0,1,1.0,1.0,1.0,1.0,0.08983423673974844,5.0,4.1,10.960994112106997,sim_input.json
23,0,16,<bidder.IntegralGreedyBidder object at 0x0000028086D3FE80>,5,True,8,3.139935946865685,0.0,1.0,1,1,5.0,0.0,0.0,0,0.0872727272727273,0.0,0.0,0.0872727272727273,0.27403077354464167,5.0,4.1,10.960994112106997,sim_input.json
23,0,16,<bidder.IntegralGreedyBidder object at 0x0000028086D3FE80>,5,True,9,3.9775451319683772,0.0,4.0,0.75,1,5.0,0.0,0.0,0,0.0,0.0,0.0,0.0,0.0,5.0,4.1,10.960994112106997,sim_input.json
23,0,16,<bidder.IntegralGreedyBidder object at 0x0000028086D3FE80>,5,True,10,0.0,0.0,1.0,1,1,5.0,0.0,0.0,0,0.0,0.0,0.0,0.0,0.0,5.0,4.1,10.960994112106997,sim_input.json
23,0,16,<bidder.IntegralGreedyBidder object at 0x0000028086D3FE80>,5,True,11,4.3944733084538345,0.0,1.0,1,1,5.0,0.0,0.0,0,0.0872727272727273,0.0,0.0,0.0872727272727273,0.3835176705559711,5.0,4.1,10.960994112106997,sim_input.json
23,0,16,<bidder.IntegralGreedyBidder object at 0x0000028086D3FE80>,5,True,12,1.9000988091323916,0.0,3.0,1,1,5.0,0.0,0.0,0,0.0,0.0,0.0,0.0,0.0,5.0,4.1,10.960994112106997,sim_input.json
23,0,16,<bidder.IntegralGreedyBidder object at 0x0000028086D3FE80>,5,True,13,6.805234838123468,0.0,6.0,0.5,1,5.0,0.0,0.0,0,0.0,0.0,0.0,0.0,0.0,5.0,4.1,10.960994112106997,sim_input.json
23,0,16,<bidder.IntegralGreedyBidder object at 0x0000028086D3FE80>,5,True,14,5.756858235781497,0.0,3.0,1,1,5.0,0.0,0.0,0,0.0,0.0,0.0,0.0,0.0,5.0,4.1,10.960994112106997,sim_input.json
23,0,16,<bidder.IntegralGreedyBidder object at 0x0000028086D3FE80>,5,True,15,7.863995899440893,0.0,3.0,1,1,5.0,0.0,0.0,0,0.0,0.0,0.0,0.0,0.0,5.0,4.1,10.960994112106997,sim_input.json
23,0,16,<bidder.IntegralGreedyBidder object at 0x0000028086D3FE80>,5,True,16,2.8908346378078837,0.0,2.0,1,1,5.0,0.0,0.0,0,0.04363636363636365,0.0,0.0,0.04363636363636365,0.12614551146798042,5.0,4.1,10.960994112106997,sim_input.json
23,0,16,<bidder.IntegralGreedyBidder object at 0x0000028086D3FE80>,5,True,17,7.452289646933988,0.0,1.0,1,1,5.0,0.0,0.0,0,0.0872727272727273,0.0,0.0,0.0872727272727273,0.6503816419142391,5.0,4.1,10.960994112106997,sim_input.json
23,0,16,<bidder.IntegralGreedyBidder object at 0x0000028086D3FE80>,5,True,18,0.0,0.0,6.0,0.5,1,5.0,0.0,0.0,0,0.0,0.0,0.0,0.0,0.0,5.0,4.1,10.960994112106997,sim_input.json
23,0,16,<bidder.IntegralGreedyBidder object at 0x0000028086D3FE80>,5,True,19,5.753088138020702,0.0,2.0,1,1,5.0,0.0,0.0,0,0.04363636363636365,0.0,0.0,0.04363636363636365,0.2510438460227216,5.0,4.1,10.960994112106997,sim_input.json
23,0,16,<bidder.IntegralGreedyBidder object at 0x0000028086D3FE80>,5,True,20,5.875493384560753,0.0,0.0,1,1,5.0,0.0,0.0,0,0.13090909090909095,0.0,0.0,0.13090909090909095,0.7691554976152261,5.0,4.1,10.960994112106997,sim_input.json
23,0,16,<bidder.IntegralGreedyBidder object at 0x0000028086D3FE80>,5,True,21,5.969850620917461,0.0,1.0,1,1,5.0,0.0,0.0,0,0.0872727272727273,0.0,0.0,0.0872727272727273,0.5210051450982512,5.0,4.1,10.960994112106997,sim_input.json
23,0,16,<bidder.IntegralGreedyBidder object at 0x0000028086D3FE80>,5,True,22,3.386700554364418,0.0,3.0,1,1,5.0,0.0,0.0,0,0.0,0.0,0.0,0.0,0.0,5.0,4.1,10.960994112106997,sim_input.json
23,0,16,<bidder.IntegralGreedyBidder object at 0x0000028086D3FE80>,5,True,23,6.92372988168097,0.0,1.0,1,1,5.0,0.0,0.0,0,0.0872727272727273,0.0,0.0,0.0872727272727273,0.6042527896739757,5.0,4.1,10.960994112106997,sim_input.json
23,0,16,<bidder.IntegralGreedyBidder object at 0x0000028086D3FE80>,5,True,24,6.285786188730583,0.0,2.0,1,1,5.0,0.0,0.0,0,0.04363636363636365,0.0,0.0,0.04363636363636365,0.27428885187188007,5.0,4.1,10.960994112106997,sim_input.json
23,0,16,<bidder.IntegralGreedyBidder object at 0x0000028086D3FE80>,5,True,25,6.497316001268824,0.0,0.0,1,1,5.0,0.0,0.0,0,0.13090909090909095,0.0,0.0,0.13090909090909095,0.8505577310751917,5.0,4.1,10.960994112106997,sim_input.json
23,0,16,<bidder.IntegralGreedyBidder object at 0x0000028086D3FE80>,5,True,26,7.844227676691577,0.0,0.0,1,1,5.0,0.0,0.0,0,0.13090909090909095,0.0,0.0,0.13090909090909095,1.0268807140396248,5.0,4.1,10.960994112106997,sim_input.json
23,0,16,<bidder.IntegralGreedyBidder object at 0x0000028086D3FE80>,5,True,27,2.423552597821547,0.0,0.0,1,1,5.0,0.0,0.0,0,0.13090909090909095,0.0,0.0,0.13090909090909095,0.3172650673511844,5.0,4.1,10.960994112106997,sim_input.json
23,0,16,<bidder.IntegralGreedyBidder object at 0x0000028086D3FE80>,5,True,28,2.5293174807000653,0.0,3.0,1,1,5.0,0.0,0.0,0,0.0,0.0,0.0,0.0,0.0,5.0,4.1,10.960994112106997,sim_input.json
23,0,16,<bidder.IntegralGreedyBidder object at 0x0000028086D3FE80>,5,True,29,3.441773191946515,0.0,1.0,1,1,5.0,0.0,0.0,0,0.0872727272727273,0.0,0.0,0.0872727272727273,0.3003729331153323,5.0,4.1,10.960994112106997,sim_input.json
23,0,16,<bidder.IntegralGreedyBidder object at 0x0000028086D3FE80>,5,True,30,2.1675791882935753,0.0,3.0,1,1,5.0,0.0,0.0,0,0.0,0.0,0.0,0.0,0.0,5.0,4.1,10.960994112106997,sim_input.json
23,0,16,<bidder.IntegralGreedyBidder object at 0x0000028086D3FE80>,5,True,31,0.4850701805357791,0.0,3.0,1,1,5.0,0.0,1.0,1,1.0,1.0,1.0,1.0,0.4850701805357791,5.0,4.1,10.960994112106997,sim_input.json
23,0,16,<bidder.IntegralGreedyBidder object at 0x0000028086D3FE80>,5,True,32,3.3662695685491295,0.0,4.0,0.75,1,5.0,0.0,0.0,0,0.0,0.0,0.0,0.0,0.0,5.0,4.1,10.960994112106997,sim_input.json
23,0,16,<bidder.IntegralGreedyBidder object at 0x0000028086D3FE80>,5,True,33,2.36615554054778,0.0,2.0,1,1,5.0,0.0,0.0,0,0.04363636363636365,0.0,0.0,0.04363636363636365,0.10325042358753951,5.0,4.1,10.960994112106997,sim_input.json
23,0,16,<bidder.IntegralGreedyBidder object at 0x0000028086D3FE80>,5,True,34,0.2954912346307875,0.0,4.0,0.75,1,5.0,0.0,1.0,1,0.75,0.75,0.75,0.75,0.22161842597309064,5.0,4.1,10.960994112106997,sim_input.json
23,0,16,<bidder.IntegralGreedyBidder object at 0x0000028086D3FE80>,5,True,35,3.466791810385674,0.0,2.0,1,1,5.0,0.0,0.0,0,0.04363636363636365,0.0,0.0,0.04363636363636365,0.1512781880895567,5.0,4.1,10.960994112106997,sim_input.json
23,0,16,<bidder.IntegralGreedyBidder object at 0x0000028086D3FE80>,5,True,36,6.648059387219762,0.0,1.0,1,1,5.0,0.0,0.0,0,0.0872727272727273,0.0,0.0,0.0872727272727273,0.5801942737937248,5.0,4.1,10.960994112106997,sim_input.json
23,0,16,<bidder.IntegralGreedyBidder object at 0x0000028086D3FE80>,5,True,37,0.0,0.0,6.0,0.5,1,5.0,0.0,0.0,0,0.0,0.0,0.0,0.0,0.0,5.0,4.1,10.960994112106997,sim_input.json
23,0,16,<bidder.IntegralGreedyBidder object at 0x0000028086D3FE80>,5,True,38,2.6232769887538243,0.0,3.0,1,1,5.0,0.0,0.0,0,0.0,0.0,0.0,0.0,0.0,5.0,4.1,10.960994112106997,sim_input.json
23,0,16,<bidder.IntegralGreedyBidder object at 0x0000028086D3FE80>,5,True,39,1.453847925627153,0.0,2.0,1,1,5.0,0.0,0.0,0,0.04363636363636365,0.0,0.0,0.04363636363636365,0.06344063675463942,5.0,4.1,10.960994112106997,sim_input.json
23,0,16,<bidder.IntegralGreedyBidder object at 0x0000028086D3FE80>,5,True,40,3.5029402907821865,0.0,2.0,1,1,5.0,0.0,0.0,0,0.04363636363636365,0.0,0.0,0.04363636363636365,0.1528555763250409,5.0,4.1,10.960994112106997,sim_input.json
23,0,16,<bidder.IntegralGreedyBidder object at 0x0000028086D3FE80>,5,True,41,5.937055810505364,0.0,1.0,1,1,5.0,0.0,0.0,0,0.0872727272727273,0.0,0.0,0.0872727272727273,0.5181430525531956,5.0,4.1,10.960994112106997,sim_input.json
23,0,16,<bidder.IntegralGreedyBidder object at 0x0000028086D3FE80>,5,True,42,6.228460587486674,0.0,3.0,1,1,5.0,0.0,0.0,0,0.0,0.0,0.0,0.0,0.0,5.0,4.1,10.960994112106997,sim_input.json
23,0,16,<bidder.IntegralGreedyBidder object at 0x0000028086D3FE80>,5,True,43,5.394368908040479,0.0,4.0,0.75,1,5.0,0.0,0.0,0,0.0,0.0,0.0,0.0,0.0,5.0,4.1,10.960994112106997,sim_input.json
23,0,16,<bidder.IntegralGreedyBidder object at 0x0000028086D3FE80>,5,True,44,1.5993336092469608,0.0,1.0,1,1,5.0,0.0,0.0,0,0.0872727272727273,0.0,0.0,0.0872727272727273,0.1395782058979166,5.0,4.1,10.960994112106997,sim_input.json
23,0,16,<bidder.IntegralGreedyBidder object at 0x0000028086D3FE80>,5,True,45,4.07262299425526,0.0,1.0,1,1,5.0,0.0,0.0,0,0.0872727272727273,0.0,0.0,0.0872727272727273,0.3554289158622774,5.0,4.1,10.960994112106997,sim_input.json
23,0,16,<bidder.IntegralGreedyBidder object at 0x0000028086D3FE80>,5,True,46,1.5501681227240263,0.0,0.0,1,1,5.0,0.0,0.0,0,0.13090909090909095,0.0,0.0,0.13090909090909095,0.20293109970205442,5.0,4.1,10.960994112106997,sim_input.json
23,0,16,<bidder.IntegralGreedyBidder object at 0x0000028086D3FE80>,5,True,47,0.0,0.0,3.0,1,1,5.0,0.0,0.0,0,0.0,0.0,0.0,0.0,0.0,5.0,4.1,10.960994112106997,sim_input.json
23,0,16,<bidder.IntegralGreedyBidder object at 0x0000028086D3FE80>,5,True,48,4.876035406154335,0.0,2.0,1,1,5.0,0.0,0.0,0,0.04363636363636365,0.0,0.0,0.04363636363636365,0.21277245408673467,5.0,4.1,10.960994112106997,sim_input.json
23,0,16,<bidder.IntegralGreedyBidder object at 0x0000028086D3FE80>,5,True,49,3.745196907268741,0.0,2.0,1,1,5.0,0.0,0.0,0,0.04363636363636365,0.0,0.0,0.04363636363636365,0.16342677413536327,5.0,4.1,10.960994112106997,sim_input.json
23,0,16,<bidder.IntegralGreedyBidder object at 0x0000028086D3FE80>,5,True,50,5.744288246559743,0.0,0.0,1,1,5.0,0.0,0.0,0,0.13090909090909095,0.0,0.0,0.13090909090909095,0.751979552276912,5.0,4.1,10.960994112106997,sim_input.json
23,0,16,<bidder.IntegralGreedyBidder object at 0x0000028086D3FE80>,5,True,51,0.1669107295172838,0.0,4.0,0.75,1,5.0,0.0,1.0,1,0.75,0.75,0.75,0.75,0.12518304713796286,5.0,4.1,10.960994112106997,sim_input.json
23,0,17,<bidder.IntegralGreedyBidder object at 0x0000028086D3F748>,5,True,0,5.540694490943024,0.0,5.0,0.6,1,5.0,0.0,0.0,0,0.0,0.0,0.0,0.0,0.0,5.0,4.75,7.761203162201251,sim_input.json
23,0,17,<bidder.IntegralGreedyBidder object at 0x0000028086D3F748>,5,True,1,6.346971345698213,0.0,1.0,1,1,5.0,0.0,0.0,0,0.06363636363636364,0.0,0.0,0.06363636363636364,0.4038981765444318,5.0,4.75,7.761203162201251,sim_input.json
23,0,17,<bidder.IntegralGreedyBidder object at 0x0000028086D3F748>,5,True,2,0.4254335171566437,0.0,4.0,0.75,1,5.0,0.0,1.0,1,0.75,0.75,0.75,0.75,0.31907513786748276,5.0,4.75,7.761203162201251,sim_input.json
23,0,17,<bidder.IntegralGreedyBidder object at 0x0000028086D3F748>,5,True,3,0.1386213635717347,0.0,3.0,1,1,5.0,0.0,1.0,1,1.0,1.0,1.0,1.0,0.1386213635717347,5.0,4.75,7.761203162201251,sim_input.json
23,0,17,<bidder.IntegralGreedyBidder object at 0x0000028086D3F748>,5,True,4,6.836084408303661,0.0,5.0,0.6,1,5.0,0.0,0.0,0,0.0,0.0,0.0,0.0,0.0,5.0,4.75,7.761203162201251,sim_input.json
23,0,17,<bidder.IntegralGreedyBidder object at 0x0000028086D3F748>,5,True,5,3.168324696556514,0.0,3.0,1,1,5.0,0.0,0.0,0,0.0,0.0,0.0,0.0,0.0,5.0,4.75,7.761203162201251,sim_input.json
23,0,17,<bidder.IntegralGreedyBidder object at 0x0000028086D3F748>,5,True,6,0.0,0.0,0.0,1,1,5.0,0.0,0.0,0,0.0,0.0,0.0,0.0,0.0,5.0,4.75,7.761203162201251,sim_input.json
23,0,17,<bidder.IntegralGreedyBidder object at 0x0000028086D3F748>,5,True,7,0.6251537732622916,0.0,2.0,1,1,5.0,0.0,1.0,1,1.0,1.0,1.0,1.0,0.6251537732622916,5.0,4.75,7.761203162201251,sim_input.json
23,0,17,<bidder.IntegralGreedyBidder object at 0x0000028086D3F748>,5,True,8,4.105508855826478,0.0,1.0,1,1,5.0,0.0,0.0,0,0.06363636363636364,0.0,0.0,0.06363636363636364,0.261259654461685,5.0,4.75,7.761203162201251,sim_input.json
23,0,17,<bidder.IntegralGreedyBidder object at 0x0000028086D3F748>,5,True,9,0.0,0.0,4.0,0.75,1,5.0,0.0,0.0,0,0.0,0.0,0.0,0.0,0.0,5.0,4.75,7.761203162201251,sim_input.json
23,0,17,<bidder.IntegralGreedyBidder object at 0x0000028086D3F748>,5,True,10,0.0,0.0,1.0,1,1,5.0,0.0,0.0,0,0.0,0.0,0.0,0.0,0.0,5.0,4.75,7.761203162201251,sim_input.json
23,0,17,<bidder.IntegralGreedyBidder object at 0x0000028086D3F748>,5,True,11,3.106828226078964,0.0,1.0,1,1,5.0,0.0,0.0,0,0.06363636363636364,0.0,0.0,0.06363636363636364,0.19770725075047957,5.0,4.75,7.761203162201251,sim_input.json
23,0,17,<bidder.IntegralGreedyBidder object at 0x0000028086D3F748>,5,True,12,3.5749513960409343,0.0,3.0,1,1,5.0,0.0,0.0,0,0.0,0.0,0.0,0.0,0.0,5.0,4.75,7.761203162201251,sim_input.json
23,0,17,<bidder.IntegralGreedyBidder object at 0x0000028086D3F748>,5,True,13,0.9711369880381268,0.0,6.0,0.5,1,5.0,0.0,0.0,0,0.0,0.0,0.0,0.0,0.0,5.0,4.75,7.761203162201251,sim_input.json
23,0,17,<bidder.IntegralGreedyBidder object at 0x0000028086D3F748>,5,True,14,4.488703170896482,0.0,3.0,1,1,5.0,0.0,0.0,0,0.0,0.0,0.0,0.0,0.0,5.0,4.75,7.761203162201251,sim_input.json
23,0,17,<bidder.IntegralGreedyBidder object at 0x0000028086D3F748>,5,True,15,6.676768892238261,0.0,3.0,1,1,5.0,0.0,0.0,0,0.0,0.0,0.0,0.0,0.0,5.0,4.75,7.761203162201251,sim_input.json
23,0,17,<bidder.IntegralGreedyBidder object at 0x0000028086D3F748>,5,True,16,1.3280859247967145,0.0,2.0,1,1,5.0,0.0,0.0,0,0.03181818181818182,0.0,0.0,0.03181818181818182,0.042257279425350014,5.0,4.75,7.761203162201251,sim_input.json
23,0,17,<bidder.IntegralGreedyBidder object at 0x0000028086D3F748>,5,True,17,1.8425136404791544,0.0,1.0,1,1,5.0,0.0,0.0,0,0.06363636363636364,0.0,0.0,0.06363636363636364,0.11725086803049166,5.0,4.75,7.761203162201251,sim_input.json
23,0,17,<bidder.IntegralGreedyBidder object at 0x0000028086D3F748>,5,True,18,0.9488180137044702,0.0,6.0,0.5,1,5.0,0.0,0.0,0,0.0,0.0,0.0,0.0,0.0,5.0,4.75,7.761203162201251,sim_input.json
23,0,17,<bidder.IntegralGreedyBidder object at 0x0000028086D3F748>,5,True,19,1.5912986807754885,0.0,2.0,1,1,5.0,0.0,0.0,0,0.03181818181818182,0.0,0.0,0.03181818181818182,0.050632230751947366,5.0,4.75,7.761203162201251,sim_input.json
23,0,17,<bidder.IntegralGreedyBidder object at 0x0000028086D3F748>,5,True,20,5.86924067369399,0.0,0.0,1,1,5.0,0.0,0.0,0,0.09545454545454546,0.0,0.0,0.09545454545454546,0.5602457006707899,5.0,4.75,7.761203162201251,sim_input.json
23,0,17,<bidder.IntegralGreedyBidder object at 0x0000028086D3F748>,5,True,21,2.6283669853655525,0.0,1.0,1,1,5.0,0.0,0.0,0,0.06363636363636364,0.0,0.0,0.06363636363636364,0.16725971725053518,5.0,4.75,7.761203162201251,sim_input.json
23,0,17,<bidder.IntegralGreedyBidder object at 0x0000028086D3F748>,5,True,22,2.21713008103358,0.0,3.0,1,1,5.0,0.0,0.0,0,0.0,0.0,0.0,0.0,0.0,5.0,4.75,7.761203162201251,sim_input.json
23,0,17,<bidder.IntegralGreedyBidder object at 0x0000028086D3F748>,5,True,23,3.9521034308033056,0.0,1.0,1,1,5.0,0.0,0.0,0,0.06363636363636364,0.0,0.0,0.06363636363636364,0.25149749105111946,5.0,4.75,7.761203162201251,sim_input.json
23,0,17,<bidder.IntegralGreedyBidder object at 0x0000028086D3F748>,5,True,24,0.0,0.0,2.0,1,1,5.0,0.0,0.0,0,0.0,0.0,0.0,0.0,0.0,5.0,4.75,7.761203162201251,sim_input.json
23,0,17,<bidder.IntegralGreedyBidder object at 0x0000028086D3F748>,5,True,25,5.151688214241768,0.0,0.0,1,1,5.0,0.0,0.0,0,0.09545454545454546,0.0,0.0,0.09545454545454546,0.491752056813987,5.0,4.75,7.761203162201251,sim_input.json
23,0,17,<bidder.IntegralGreedyBidder object at 0x0000028086D3F748>,5,True,26,2.714004185526957,0.0,0.0,1,1,5.0,0.0,0.0,0,0.09545454545454546,0.0,0.0,0.09545454545454546,0.2590640358912095,5.0,4.75,7.761203162201251,sim_input.json
23,0,17,<bidder.IntegralGreedyBidder object at 0x0000028086D3F748>,5,True,27,1.685796802399973,0.0,0.0,1,1,5.0,0.0,0.0,0,0.09545454545454546,0.0,0.0,0.09545454545454546,0.1609169675018156,5.0,4.75,7.761203162201251,sim_input.json
23,0,17,<bidder.IntegralGreedyBidder object at 0x0000028086D3F748>,5,True,28,5.223668188852944,0.0,3.0,1,1,5.0,0.0,0.0,0,0.0,0.0,0.0,0.0,0.0,5.0,4.75,7.761203162201251,sim_input.json
23,0,17,<bidder.IntegralGreedyBidder object at 0x0000028086D3F748>,5,True,29,1.2520942769867554,0.0,1.0,1,1,5.0,0.0,0.0,0,0.06363636363636364,0.0,0.0,0.06363636363636364,0.07967872671733899,5.0,4.75,7.761203162201251,sim_input.json
23,0,17,<bidder.IntegralGreedyBidder object at 0x0000028086D3F748>,5,True,30,1.7085810392544183,0.0,3.0,1,1,5.0,0.0,0.0,0,0.0,0.0,0.0,0.0,0.0,5.0,4.75,7.761203162201251,sim_input.json
23,0,17,<bidder.IntegralGreedyBidder object at 0x0000028086D3F748>,5,True,31,4.00945270246815,0.0,3.0,1,1,5.0,0.0,0.0,0,0.0,0.0,0.0,0.0,0.0,5.0,4.75,7.761203162201251,sim_input.json
23,0,17,<bidder.IntegralGreedyBidder object at 0x0000028086D3F748>,5,True,32,0.7845766469401908,0.0,4.0,0.75,1,5.0,0.0,0.0,0,0.0,0.0,0.0,0.0,0.0,5.0,4.75,7.761203162201251,sim_input.json
23,0,17,<bidder.IntegralGreedyBidder object at 0x0000028086D3F748>,5,True,33,3.405464216362656,0.0,2.0,1,1,5.0,0.0,0.0,0,0.03181818181818182,0.0,0.0,0.03181818181818182,0.10835567961153907,5.0,4.75,7.761203162201251,sim_input.json
23,0,17,<bidder.IntegralGreedyBidder object at 0x0000028086D3F748>,5,True,34,1.9369985746352907,0.0,4.0,0.75,1,5.0,0.0,0.0,0,0.0,0.0,0.0,0.0,0.0,5.0,4.75,7.761203162201251,sim_input.json
23,0,17,<bidder.IntegralGreedyBidder object at 0x0000028086D3F748>,5,True,35,0.6233309305070838,0.0,2.0,1,1,5.0,0.0,1.0,1,1.0,1.0,1.0,1.0,0.6233309305070838,5.0,4.75,7.761203162201251,sim_input.json
23,0,17,<bidder.IntegralGreedyBidder object at 0x0000028086D3F748>,5,True,36,3.7089578811072714,0.0,1.0,1,1,5.0,0.0,0.0,0,0.06363636363636364,0.0,0.0,0.06363636363636364,0.23602459243409912,5.0,4.75,7.761203162201251,sim_input.json
23,0,17,<bidder.IntegralGreedyBidder object at 0x0000028086D3F748>,5,True,37,1.1070802790406242,0.0,6.0,0.5,1,5.0,0.0,0.0,0,0.0,0.0,0.0,0.0,0.0,5.0,4.75,7.761203162201251,sim_input.json
23,0,17,<bidder.IntegralGreedyBidder object at 0x0000028086D3F748>,5,True,38,1.7348677127198064,0.0,3.0,1,1,5.0,0.0,0.0,0,0.0,0.0,0.0,0.0,0.0,5.0,4.75,7.761203162201251,sim_input.json
23,0,17,<bidder.IntegralGreedyBidder object at 0x0000028086D3F748>,5,True,39,6.794781081886243,0.0,2.0,1,1,5.0,0.0,0.0,0,0.03181818181818182,0.0,0.0,0.03181818181818182,0.21619757987819868,5.0,4.75,7.761203162201251,sim_input.json
23,0,17,<bidder.IntegralGreedyBidder object at 0x0000028086D3F748>,5,True,40,2.0703560338576503,0.0,2.0,1,1,5.0,0.0,0.0,0,0.03181818181818182,0.0,0.0,0.03181818181818182,0.06587496471365252,5.0,4.75,7.761203162201251,sim_input.json
23,0,17,<bidder.IntegralGreedyBidder object at 0x0000028086D3F748>,5,True,41,1.9422880817438422,0.0,1.0,1,1,5.0,0.0,0.0,0,0.06363636363636364,0.0,0.0,0.06363636363636364,0.12360015065642634,5.0,4.75,7.761203162201251,sim_input.json
23,0,17,<bidder.IntegralGreedyBidder object at 0x0000028086D3F748>,5,True,42,4.1714776606195,0.0,3.0,1,1,5.0,0.0,0.0,0,0.0,0.0,0.0,0.0,0.0,5.0,4.75,7.761203162201251,sim_input.json
23,0,17,<bidder.IntegralGreedyBidder object at 0x0000028086D3F748>,5,True,43,1.3161774379028772,0.0,4.0,0.75,1,5.0,0.0,0.0,0,0.0,0.0,0.0,0.0,0.0,5.0,4.75,7.761203162201251,sim_input.json
23,0,17,<bidder.IntegralGreedyBidder object at 0x0000028086D3F748>,5,True,44,5.114880376454063,0.0,1.0,1,1,5.0,0.0,0.0,0,0.06363636363636364,0.0,0.0,0.06363636363636364,0.3254923875925313,5.0,4.75,7.761203162201251,sim_input.json
23,0,17,<bidder.IntegralGreedyBidder object at 0x0000028086D3F748>,5,True,45,4.044406952717281,0.0,1.0,1,1,5.0,0.0,0.0,0,0.06363636363636364,0.0,0.0,0.06363636363636364,0.25737135153655427,5.0,4.75,7.761203162201251,sim_input.json
23,0,17,<bidder.IntegralGreedyBidder object at 0x0000028086D3F748>,5,True,46,4.246151403277059,0.0,0.0,1,1,5.0,0.0,0.0,0,0.09545454545454546,0.0,0.0,0.09545454545454546,0.40531445213099204,5.0,4.75,7.761203162201251,sim_input.json
23,0,17,<bidder.IntegralGreedyBidder object at 0x0000028086D3F748>,5,True,47,0.7553868124283984,0.0,3.0,1,1,5.0,0.0,1.0,1,1.0,1.0,1.0,1.0,0.7553868124283984,5.0,4.75,7.761203162201251,sim_input.json
23,0,17,<bidder.IntegralGreedyBidder object at 0x0000028086D3F748>,5,True,48,2.141641498795855,0.0,2.0,1,1,5.0,0.0,0.0,0,0.03181818181818182,0.0,0.0,0.03181818181818182,0.06814313859804995,5.0,4.75,7.761203162201251,sim_input.json
23,0,17,<bidder.IntegralGreedyBidder object at 0x0000028086D3F748>,5,True,49,5.5852154914982,0.0,2.0,1,1,5.0,0.0,0.0,0,0.03181818181818182,0.0,0.0,0.03181818181818182,0.17771140200221547,5.0,4.75,7.761203162201251,sim_input.json
23,0,17,<bidder.IntegralGreedyBidder object at 0x0000028086D3F748>,5,True,50,2.850878271463842,0.0,0.0,1,1,5.0,0.0,0.0,0,0.09545454545454546,0.0,0.0,0.09545454545454546,0.27212928954882126,5.0,4.75,7.761203162201251,sim_input.json
23,0,17,<bidder.IntegralGreedyBidder object at 0x0000028086D3F748>,5,True,51,4.695224920332061,0.0,4.0,0.75,1,5.0,0.0,0.0,0,0.0,0.0,0.0,0.0,0.0,5.0,4.75,7.761203162201251,sim_input.json
23,0,18,<bidder.UniformBidder object at 0x0000028086D3F198>,5,True,0,0.45812567126379355,0.0,5.0,0.6,1,5.0,0.0,1.0,1,0.6,0.6,0.6,0.6,0.2748754027582761,5.0,4.1,11.249246031141212,sim_input.json
23,0,18,<bidder.UniformBidder object at 0x0000028086D3F198>,5,True,1,4.090250263851833,0.0,1.0,1,1,5.0,0.0,0.0,0,0.0872727272727273,0.0,0.0,0.0872727272727273,0.3569672957543419,5.0,4.1,11.249246031141212,sim_input.json
23,0,18,<bidder.UniformBidder object at 0x0000028086D3F198>,5,True,2,2.9341135915193393,0.0,4.0,0.75,1,5.0,0.0,0.0,0,0.0,0.0,0.0,0.0,0.0,5.0,4.1,11.249246031141212,sim_input.json
23,0,18,<bidder.UniformBidder object at 0x0000028086D3F198>,5,True,3,4.879393924712614,0.0,3.0,1,1,5.0,0.0,0.0,0,0.0,0.0,0.0,0.0,0.0,5.0,4.1,11.249246031141212,sim_input.json
23,0,18,<bidder.UniformBidder object at 0x0000028086D3F198>,5,True,4,0.8569350059278343,0.0,5.0,0.6,1,5.0,0.0,0.0,0,0.0,0.0,0.0,0.0,0.0,5.0,4.1,11.249246031141212,sim_input.json
23,0,18,<bidder.UniformBidder object at 0x0000028086D3F198>,5,True,5,5.322074085709088,0.0,3.0,1,1,5.0,0.0,0.0,0,0.0,0.0,0.0,0.0,0.0,5.0,4.1,11.249246031141212,sim_input.json
23,0,18,<bidder.UniformBidder object at 0x0000028086D3F198>,5,True,6,3.6634305802926583,0.0,0.0,1,1,5.0,0.0,0.0,0,0.13090909090909095,0.0,0.0,0.13090909090909095,0.4795763668746754,5.0,4.1,11.249246031141212,sim_input.json
23,0,18,<bidder.UniformBidder object at 0x0000028086D3F198>,5,True,7,6.187686064707789,0.0,2.0,1,1,5.0,0.0,0.0,0,0.04363636363636365,0.0,0.0,0.04363636363636365,0.27000811918724904,5.0,4.1,11.249246031141212,sim_input.json
23,0,18,<bidder.UniformBidder object at 0x0000028086D3F198>,5,True,8,2.6526398130799143,0.0,1.0,1,1,5.0,0.0,0.0,0,0.0872727272727273,0.0,0.0,0.0872727272727273,0.23150311095970166,5.0,4.1,11.249246031141212,sim_input.json
23,0,18,<bidder.UniformBidder object at 0x0000028086D3F198>,5,True,9,0.0,0.0,4.0,0.75,1,5.0,0.0,0.0,0,0.0,0.0,0.0,0.0,0.0,5.0,4.1,11.249246031141212,sim_input.json
23,0,18,<bidder.UniformBidder object at 0x0000028086D3F198>,5,True,10,3.1777616886574416,0.0,1.0,1,1,5.0,0.0,0.0,0,0.0872727272727273,0.0,0.0,0.0872727272727273,0.27733192919192223,5.0,4.1,11.249246031141212,sim_input.json
23,0,18,<bidder.UniformBidder object at 0x0000028086D3F198>,5,True,11,6.772932010954214,0.0,1.0,1,1,5.0,0.0,0.0,0,0.0872727272727273,0.0,0.0,0.0872727272727273,0.5910922482287316,5.0,4.1,11.249246031141212,sim_input.json
23,0,18,<bidder.UniformBidder object at 0x0000028086D3F198>,5,True,12,0.7535016840773264,0.0,3.0,1,1,5.0,0.0,0.0,0,0.0,0.0,0.0,0.0,0.0,5.0,4.1,11.249246031141212,sim_input.json
23,0,18,<bidder.UniformBidder object at 0x0000028086D3F198>,5,True,13,3.0652311146306013,0.0,6.0,0.5,1,5.0,0.0,0.0,0,0.0,0.0,0.0,0.0,0.0,5.0,4.1,11.249246031141212,sim_input.json
23,0,18,<bidder.UniformBidder object at 0x0000028086D3F198>,5,True,14,2.9734037128455437,0.0,3.0,1,1,5.0,0.0,0.0,0,0.0,0.0,0.0,0.0,0.0,5.0,4.1,11.249246031141212,sim_input.json
23,0,18,<bidder.UniformBidder object at 0x0000028086D3F198>,5,True,15,0.09907119470313441,0.0,3.0,1,1,5.0,0.0,1.0,1,1.0,1.0,1.0,1.0,0.09907119470313441,5.0,4.1,11.249246031141212,sim_input.json
23,0,18,<bidder.UniformBidder object at 0x0000028086D3F198>,5,True,16,6.075054969220377,0.0,2.0,1,1,5.0,0.0,0.0,0,0.04363636363636365,0.0,0.0,0.04363636363636365,0.2650933077477983,5.0,4.1,11.249246031141212,sim_input.json
23,0,18,<bidder.UniformBidder object at 0x0000028086D3F198>,5,True,17,3.725718367563799,0.0,1.0,1,1,5.0,0.0,0.0,0,0.0872727272727273,0.0,0.0,0.0872727272727273,0.32515360298738616,5.0,4.1,11.249246031141212,sim_input.json
23,0,18,<bidder.UniformBidder object at 0x0000028086D3F198>,5,True,18,0.649608675546381,0.0,6.0,0.5,1,5.0,0.0,1.0,1,0.5,0.5,0.5,0.5,0.3248043377731905,5.0,4.1,11.249246031141212,sim_input.json
23,0,18,<bidder.UniformBidder object at 0x0000028086D3F198>,5,True,19,6.22899204483826,0.0,2.0,1,1,5.0,0.0,0.0,0,0.04363636363636365,0.0,0.0,0.04363636363636365,0.2718105619565787,5.0,4.1,11.249246031141212,sim_input.json
23,0,18,<bidder.UniformBidder object at 0x0000028086D3F198>,5,True,20,5.543066098577727,0.0,0.0,1,1,5.0,0.0,0.0,0,0.13090909090909095,0.0,0.0,0.13090909090909095,0.7256377438138117,5.0,4.1,11.249246031141212,sim_input.json
23,0,18,<bidder.UniformBidder object at 0x0000028086D3F198>,5,True,21,3.3954197489841063,0.0,1.0,1,1,5.0,0.0,0.0,0,0.0872727272727273,0.0,0.0,0.0872727272727273,0.2963275417295221,5.0,4.1,11.249246031141212,sim_input.json
23,0,18,<bidder.UniformBidder object at 0x0000028086D3F198>,5,True,22,4.415988677046791,0.0,3.0,1,1,5.0,0.0,0.0,0,0.0,0.0,0.0,0.0,0.0,5.0,4.1,11.249246031141212,sim_input.json
23,0,18,<bidder.UniformBidder object at 0x0000028086D3F198>,5,True,23,0.47037491529036013,0.0,1.0,1,1,5.0,0.0,1.0,1,1.0,1.0,1.0,1.0,0.47037491529036013,5.0,4.1,11.249246031141212,sim_input.json
23,0,18,<bidder.UniformBidder object at 0x0000028086D3F198>,5,True,24,0.0,0.0,2.0,1,1,5.0,0.0,0.0,0,0.0,0.0,0.0,0.0,0.0,5.0,4.1,11.249246031141212,sim_input.json
23,0,18,<bidder.UniformBidder object at 0x0000028086D3F198>,5,True,25,6.781631780294847,0.0,0.0,1,1,5.0,0.0,0.0,0,0.13090909090909095,0.0,0.0,0.13090909090909095,0.8877772512385984,5.0,4.1,11.249246031141212,sim_input.json
23,0,18,<bidder.UniformBidder object at 0x0000028086D3F198>,5,True,26,2.740237223185332,0.0,0.0,1,1,5.0,0.0,0.0,0,0.13090909090909095,0.0,0.0,0.13090909090909095,0.3587219637624436,5.0,4.1,11.249246031141212,sim_input.json
23,0,18,<bidder.UniformBidder object at 0x0000028086D3F198>,5,True,27,2.932125399741386,0.0,0.0,1,1,5.0,0.0,0.0,0,0.13090909090909095,0.0,0.0,0.13090909090909095,0.38384187051159974,5.0,4.1,11.249246031141212,sim_input.json
23,0,18,<bidder.UniformBidder object at 0x0000028086D3F198>,5,True,28,3.813683133782712,0.0,3.0,1,1,5.0,0.0,0.0,0,0.0,0.0,0.0,0.0,0.0,5.0,4.1,11.249246031141212,sim_input.json
23,0,18,<bidder.UniformBidder object at 0x0000028086D3F198>,5,True,29,2.283722665999573,0.0,1.0,1,1,5.0,0.0,0.0,0,0.0872727272727273,0.0,0.0,0.0872727272727273,0.19930670539632642,5.0,4.1,11.249246031141212,sim_input.json
23,0,18,<bidder.UniformBidder object at 0x0000028086D3F198>,5,True,30,2.948881520710911,0.0,3.0,1,1,5.0,0.0,0.0,0,0.0,0.0,0.0,0.0,0.0,5.0,4.1,11.249246031141212,sim_input.json
23,0,18,<bidder.UniformBidder object at 0x0000028086D3F198>,5,True,31,3.8762138675402453,0.0,3.0,1,1,5.0,0.0,0.0,0,0.0,0.0,0.0,0.0,0.0,5.0,4.1,11.249246031141212,sim_input.json
23,0,18,<bidder.UniformBidder object at 0x0000028086D3F198>,5,True,32,2.5399093727773465,0.0,4.0,0.75,1,5.0,0.0,0.0,0,0.0,0.0,0.0,0.0,0.0,5.0,4.1,11.249246031141212,sim_input.json
23,0,18,<bidder.UniformBidder object at 0x0000028086D3F198>,5,True,33,0.517666921553038,0.0,2.0,1,1,5.0,0.0,1.0,1,1.0,1.0,1.0,1.0,0.517666921553038,5.0,4.1,11.249246031141212,sim_input.json
23,0,18,<bidder.UniformBidder object at 0x0000028086D3F198>,5,True,34,3.7943960604246136,0.0,4.0,0.75,1,5.0,0.0,0.0,0,0.0,0.0,0.0,0.0,0.0,5.0,4.1,11.249246031141212,sim_input.json
23,0,18,<bidder.UniformBidder object at 0x0000028086D3F198>,5,True,35,7.388967106061471,0.0,2.0,1,1,5.0,0.0,0.0,0,0.04363636363636365,0.0,0.0,0.04363636363636365,0.3224276555372279,5.0,4.1,11.249246031141212,sim_input.json
23,0,18,<bidder.UniformBidder object at 0x0000028086D3F198>,5,True,36,2.4248262464006887,0.0,1.0,1,1,5.0,0.0,0.0,0,0.0872727272727273,0.0,0.0,0.0872727272727273,0.21162119968587834,5.0,4.1,11.249246031141212,sim_input.json
23,0,18,<bidder.UniformBidder object at 0x0000028086D3F198>,5,True,37,6.1417904856348615,0.0,6.0,0.5,1,5.0,0.0,0.0,0,0.0,0.0,0.0,0.0,0.0,5.0,4.1,11.249246031141212,sim_input.json
23,0,18,<bidder.UniformBidder object at 0x0000028086D3F198>,5,True,38,5.564386490147965,0.0,3.0,1,1,5.0,0.0,0.0,0,0.0,0.0,0.0,0.0,0.0,5.0,4.1,11.249246031141212,sim_input.json
23,0,18,<bidder.UniformBidder object at 0x0000028086D3F198>,5,True,39,4.697458460770707,0.0,2.0,1,1,5.0,0.0,0.0,0,0.04363636363636365,0.0,0.0,0.04363636363636365,0.20498000556090362,5.0,4.1,11.249246031141212,sim_input.json
23,0,18,<bidder.UniformBidder object at 0x0000028086D3F198>,5,True,40,5.486031852451068,0.0,2.0,1,1,5.0,0.0,0.0,0,0.04363636363636365,0.0,0.0,0.04363636363636365,0.23939048083422845,5.0,4.1,11.249246031141212,sim_input.json
23,0,18,<bidder.UniformBidder object at 0x0000028086D3F198>,5,True,41,6.534718406162843,0.0,1.0,1,1,5.0,0.0,0.0,0,0.0872727272727273,0.0,0.0,0.0872727272727273,0.570302697265121,5.0,4.1,11.249246031141212,sim_input.json
23,0,18,<bidder.UniformBidder object at 0x0000028086D3F198>,5,True,42,6.187463125985335,0.0,3.0,1,1,5.0,0.0,0.0,0,0.0,0.0,0.0,0.0,0.0,5.0,4.1,11.249246031141212,sim_input.json
23,0,18,<bidder.UniformBidder object at 0x0000028086D3F198>,5,True,43,4.802074788190765,0.0,4.0,0.75,1,5.0,0.0,0.0,0,0.0,0.0,0.0,0.0,0.0,5.0,4.1,11.249246031141212,sim_input.json
23,0,18,<bidder.UniformBidder object at 0x0000028086D3F198>,5,True,44,5.9975549270013335,0.0,1.0,1,1,5.0,0.0,0.0,0,0.0872727272727273,0.0,0.0,0.0872727272727273,0.5234229754473892,5.0,4.1,11.249246031141212,sim_input.json
23,0,18,<bidder.UniformBidder object at 0x0000028086D3F198>,5,True,45,0.8683196894438171,0.0,1.0,1,1,5.0,0.0,0.0,0,0.0872727272727273,0.0,0.0,0.0872727272727273,0.0757806274423695,5.0,4.1,11.249246031141212,sim_input.json
23,0,18,<bidder.UniformBidder object at 0x0000028086D3F198>,5,True,46,4.44115169707584,0.0,0.0,1,1,5.0,0.0,0.0,0,0.13090909090909095,0.0,0.0,0.13090909090909095,0.5813871312535647,5.0,4.1,11.249246031141212,sim_input.json
23,0,18,<bidder.UniformBidder object at 0x0000028086D3F198>,5,True,47,4.685102647021263,0.0,3.0,1,1,5.0,0.0,0.0,0,0.0,0.0,0.0,0.0,0.0,5.0,4.1,11.249246031141212,sim_input.json
23,0,18,<bidder.UniformBidder object at 0x0000028086D3F198>,5,True,48,0.8947630817802316,0.0,2.0,1,1,5.0,0.0,0.0,0,0.04363636363636365,0.0,0.0,0.04363636363636365,0.03904420720495557,5.0,4.1,11.249246031141212,sim_input.json
23,0,18,<bidder.UniformBidder object at 0x0000028086D3F198>,5,True,49,3.886219553114949,0.0,2.0,1,1,5.0,0.0,0.0,0,0.04363636363636365,0.0,0.0,0.04363636363636365,0.16958048959047053,5.0,4.1,11.249246031141212,sim_input.json
23,0,18,<bidder.UniformBidder object at 0x0000028086D3F198>,5,True,50,5.380574908961501,0.0,0.0,1,1,5.0,0.0,0.0,0,0.13090909090909095,0.0,0.0,0.13090909090909095,0.7043661699004149,5.0,4.1,11.249246031141212,sim_input.json
23,0,18,<bidder.UniformBidder object at 0x0000028086D3F198>,5,True,51,0.8120861472669128,0.0,4.0,0.75,1,5.0,0.0,0.0,0,0.0,0.0,0.0,0.0,0.0,5.0,4.1,11.249246031141212,sim_input.json
23,0,19,<bidder.IntegralGreedyBidder object at 0x0000028086CB7978>,5,True,0,1.4157928004130482,0.0,5.0,0.6,1,5.0,0.0,0.0,0,0.0,0.0,0.0,0.0,0.0,5.0,3.75,13.570204022131048,sim_input.json
23,0,19,<bidder.IntegralGreedyBidder object at 0x0000028086CB7978>,5,True,1,0.20863669155046538,0.0,1.0,1,1,5.0,0.0,1.0,1,1.0,1.0,1.0,1.0,0.20863669155046538,5.0,3.75,13.570204022131048,sim_input.json
23,0,19,<bidder.IntegralGreedyBidder object at 0x0000028086CB7978>,5,True,2,0.0,0.0,4.0,0.75,1,5.0,0.0,0.0,0,0.0,0.0,0.0,0.0,0.0,5.0,3.75,13.570204022131048,sim_input.json
23,0,19,<bidder.IntegralGreedyBidder object at 0x0000028086CB7978>,5,True,3,1.2045893710885411,0.0,3.0,1,1,5.0,0.0,0.0,0,0.0,0.0,0.0,0.0,0.0,5.0,3.75,13.570204022131048,sim_input.json
23,0,19,<bidder.IntegralGreedyBidder object at 0x0000028086CB7978>,5,True,4,0.8802454041456405,0.0,5.0,0.6,1,5.0,0.0,0.0,0,0.0,0.0,0.0,0.0,0.0,5.0,3.75,13.570204022131048,sim_input.json
23,0,19,<bidder.IntegralGreedyBidder object at 0x0000028086CB7978>,5,True,5,5.187502091952422,0.0,3.0,1,1,5.0,0.0,0.0,0,0.0,0.0,0.0,0.0,0.0,5.0,3.75,13.570204022131048,sim_input.json
23,0,19,<bidder.IntegralGreedyBidder object at 0x0000028086CB7978>,5,True,6,1.5342798180679653,0.0,0.0,1,1,5.0,0.0,0.0,0,0.15000000000000002,0.0,0.0,0.15000000000000002,0.23014197271019482,5.0,3.75,13.570204022131048,sim_input.json
23,0,19,<bidder.IntegralGreedyBidder object at 0x0000028086CB7978>,5,True,7,1.5529883540214444,0.0,2.0,1,1,5.0,0.0,0.0,0,0.05000000000000001,0.0,0.0,0.05000000000000001,0.07764941770107224,5.0,3.75,13.570204022131048,sim_input.json
23,0,19,<bidder.IntegralGreedyBidder object at 0x0000028086CB7978>,5,True,8,4.28209308319677,0.0,1.0,1,1,5.0,0.0,0.0,0,0.10000000000000002,0.0,0.0,0.10000000000000002,0.4282093083196771,5.0,3.75,13.570204022131048,sim_input.json
23,0,19,<bidder.IntegralGreedyBidder object at 0x0000028086CB7978>,5,True,9,1.6764188074362696,0.0,4.0,0.75,1,5.0,0.0,0.0,0,0.0,0.0,0.0,0.0,0.0,5.0,3.75,13.570204022131048,sim_input.json
23,0,19,<bidder.IntegralGreedyBidder object at 0x0000028086CB7978>,5,True,10,7.307708216858034,0.0,1.0,1,1,5.0,0.0,0.0,0,0.10000000000000002,0.0,0.0,0.10000000000000002,0.7307708216858035,5.0,3.75,13.570204022131048,sim_input.json
23,0,19,<bidder.IntegralGreedyBidder object at 0x0000028086CB7978>,5,True,11,3.6341886695013086,0.0,1.0,1,1,5.0,0.0,0.0,0,0.10000000000000002,0.0,0.0,0.10000000000000002,0.3634188669501309,5.0,3.75,13.570204022131048,sim_input.json
23,0,19,<bidder.IntegralGreedyBidder object at 0x0000028086CB7978>,5,True,12,3.1304953552197703,0.0,3.0,1,1,5.0,0.0,0.0,0,0.0,0.0,0.0,0.0,0.0,5.0,3.75,13.570204022131048,sim_input.json
23,0,19,<bidder.IntegralGreedyBidder object at 0x0000028086CB7978>,5,True,13,6.2828773884673605,0.0,6.0,0.5,1,5.0,0.0,0.0,0,0.0,0.0,0.0,0.0,0.0,5.0,3.75,13.570204022131048,sim_input.json
23,0,19,<bidder.IntegralGreedyBidder object at 0x0000028086CB7978>,5,True,14,2.426453903231897,0.0,3.0,1,1,5.0,0.0,0.0,0,0.0,0.0,0.0,0.0,0.0,5.0,3.75,13.570204022131048,sim_input.json
23,0,19,<bidder.IntegralGreedyBidder object at 0x0000028086CB7978>,5,True,15,0.5512839508735978,0.0,3.0,1,1,5.0,0.0,0.0,0,0.0,0.0,0.0,0.0,0.0,5.0,3.75,13.570204022131048,sim_input.json
23,0,19,<bidder.IntegralGreedyBidder object at 0x0000028086CB7978>,5,True,16,0.8161006938475508,0.0,2.0,1,1,5.0,0.0,0.0,0,0.05000000000000001,0.0,0.0,0.05000000000000001,0.04080503469237755,5.0,3.75,13.570204022131048,sim_input.json
23,0,19,<bidder.IntegralGreedyBidder object at 0x0000028086CB7978>,5,True,17,0.5096046992983317,0.0,1.0,1,1,5.0,0.0,0.0,0,0.10000000000000002,0.0,0.0,0.10000000000000002,0.050960469929833184,5.0,3.75,13.570204022131048,sim_input.json
23,0,19,<bidder.IntegralGreedyBidder object at 0x0000028086CB7978>,5,True,18,0.40930155961884407,0.0,6.0,0.5,1,5.0,0.0,1.0,1,0.5,0.5,0.5,0.5,0.20465077980942203,5.0,3.75,13.570204022131048,sim_input.json
23,0,19,<bidder.IntegralGreedyBidder object at 0x0000028086CB7978>,5,True,19,1.9906892361847741,0.0,2.0,1,1,5.0,0.0,0.0,0,0.05000000000000001,0.0,0.0,0.05000000000000001,0.09953446180923872,5.0,3.75,13.570204022131048,sim_input.json
23,0,19,<bidder.IntegralGreedyBidder object at 0x0000028086CB7978>,5,True,20,5.8630175098927815,0.0,0.0,1,1,5.0,0.0,0.0,0,0.15000000000000002,0.0,0.0,0.15000000000000002,0.8794526264839173,5.0,3.75,13.570204022131048,sim_input.json
23,0,19,<bidder.IntegralGreedyBidder object at 0x0000028086CB7978>,5,True,21,5.812454894765089,0.0,1.0,1,1,5.0,0.0,0.0,0,0.10000000000000002,0.0,0.0,0.10000000000000002,0.581245489476509,5.0,3.75,13.570204022131048,sim_input.json
23,0,19,<bidder.IntegralGreedyBidder object at 0x0000028086CB7978>,5,True,22,0.29361300922597877,0.0,3.0,1,1,5.0,0.0,1.0,1,1.0,1.0,1.0,1.0,0.29361300922597877,5.0,3.75,13.570204022131048,sim_input.json
23,0,19,<bidder.IntegralGreedyBidder object at 0x0000028086CB7978>,5,True,23,5.459985341195626,0.0,1.0,1,1,5.0,0.0,0.0,0,0.10000000000000002,0.0,0.0,0.10000000000000002,0.5459985341195627,5.0,3.75,13.570204022131048,sim_input.json
23,0,19,<bidder.IntegralGreedyBidder object at 0x0000028086CB7978>,5,True,24,1.9118530912138545,0.0,2.0,1,1,5.0,0.0,0.0,0,0.05000000000000001,0.0,0.0,0.05000000000000001,0.09559265456069274,5.0,3.75,13.570204022131048,sim_input.json
23,0,19,<bidder.IntegralGreedyBidder object at 0x0000028086CB7978>,5,True,25,7.257790031321195,0.0,0.0,1,1,5.0,0.0,0.0,0,0.15000000000000002,0.0,0.0,0.15000000000000002,1.0886685046981794,5.0,3.75,13.570204022131048,sim_input.json
23,0,19,<bidder.IntegralGreedyBidder object at 0x0000028086CB7978>,5,True,26,5.33914195567803,0.0,0.0,1,1,5.0,0.0,0.0,0,0.15000000000000002,0.0,0.0,0.15000000000000002,0.8008712933517046,5.0,3.75,13.570204022131048,sim_input.json
23,0,19,<bidder.IntegralGreedyBidder object at 0x0000028086CB7978>,5,True,27,4.649634839306377,0.0,0.0,1,1,5.0,0.0,0.0,0,0.15000000000000002,0.0,0.0,0.15000000000000002,0.6974452258959567,5.0,3.75,13.570204022131048,sim_input.json
23,0,19,<bidder.IntegralGreedyBidder object at 0x0000028086CB7978>,5,True,28,6.084039791881742,0.0,3.0,1,1,5.0,0.0,0.0,0,0.0,0.0,0.0,0.0,0.0,5.0,3.75,13.570204022131048,sim_input.json
23,0,19,<bidder.IntegralGreedyBidder object at 0x0000028086CB7978>,5,True,29,7.399157205195897,0.0,1.0,1,1,5.0,0.0,0.0,0,0.10000000000000002,0.0,0.0,0.10000000000000002,0.7399157205195899,5.0,3.75,13.570204022131048,sim_input.json
23,0,19,<bidder.IntegralGreedyBidder object at 0x0000028086CB7978>,5,True,30,7.412315565111891,0.0,3.0,1,1,5.0,0.0,0.0,0,0.0,0.0,0.0,0.0,0.0,5.0,3.75,13.570204022131048,sim_input.json
23,0,19,<bidder.IntegralGreedyBidder object at 0x0000028086CB7978>,5,True,31,1.2524965362817482,0.0,3.0,1,1,5.0,0.0,0.0,0,0.0,0.0,0.0,0.0,0.0,5.0,3.75,13.570204022131048,sim_input.json
23,0,19,<bidder.IntegralGreedyBidder object at 0x0000028086CB7978>,5,True,32,7.927331916433518,0.0,4.0,0.75,1,5.0,0.0,0.0,0,0.0,0.0,0.0,0.0,0.0,5.0,3.75,13.570204022131048,sim_input.json
23,0,19,<bidder.IntegralGreedyBidder object at 0x0000028086CB7978>,5,True,33,6.105677109516412,0.0,2.0,1,1,5.0,0.0,0.0,0,0.05000000000000001,0.0,0.0,0.05000000000000001,0.30528385547582065,5.0,3.75,13.570204022131048,sim_input.json
23,0,19,<bidder.IntegralGreedyBidder object at 0x0000028086CB7978>,5,True,34,3.9914369634149107,0.0,4.0,0.75,1,5.0,0.0,0.0,0,0.0,0.0,0.0,0.0,0.0,5.0,3.75,13.570204022131048,sim_input.json
23,0,19,<bidder.IntegralGreedyBidder object at 0x0000028086CB7978>,5,True,35,7.999132006562608,0.0,2.0,1,1,5.0,0.0,0.0,0,0.05000000000000001,0.0,0.0,0.05000000000000001,0.39995660032813046,5.0,3.75,13.570204022131048,sim_input.json
23,0,19,<bidder.IntegralGreedyBidder object at 0x0000028086CB7978>,5,True,36,7.655372617612107,0.0,1.0,1,1,5.0,0.0,0.0,0,0.10000000000000002,0.0,0.0,0.10000000000000002,0.7655372617612108,5.0,3.75,13.570204022131048,sim_input.json
23,0,19,<bidder.IntegralGreedyBidder object at 0x0000028086CB7978>,5,True,37,0.00862820621709659,0.0,6.0,0.5,1,5.0,0.0,1.0,1,0.5,0.5,0.5,0.5,0.004314103108548295,5.0,3.75,13.570204022131048,sim_input.json
23,0,19,<bidder.IntegralGreedyBidder object at 0x0000028086CB7978>,5,True,38,5.154874028300172,0.0,3.0,1,1,5.0,0.0,0.0,0,0.0,0.0,0.0,0.0,0.0,5.0,3.75,13.570204022131048,sim_input.json
23,0,19,<bidder.IntegralGreedyBidder object at 0x0000028086CB7978>,5,True,39,5.236016160692637,0.0,2.0,1,1,5.0,0.0,0.0,0,0.05000000000000001,0.0,0.0,0.05000000000000001,0.2618008080346319,5.0,3.75,13.570204022131048,sim_input.json
23,0,19,<bidder.IntegralGreedyBidder object at 0x0000028086CB7978>,5,True,40,7.7490419899084895,0.0,2.0,1,1,5.0,0.0,0.0,0,0.05000000000000001,0.0,0.0,0.05000000000000001,0.38745209949542453,5.0,3.75,13.570204022131048,sim_input.json
23,0,19,<bidder.IntegralGreedyBidder object at 0x0000028086CB7978>,5,True,41,3.5539663222772195,0.0,1.0,1,1,5.0,0.0,0.0,0,0.10000000000000002,0.0,0.0,0.10000000000000002,0.355396632227722,5.0,3.75,13.570204022131048,sim_input.json
23,0,19,<bidder.IntegralGreedyBidder object at 0x0000028086CB7978>,5,True,42,0.4094239305813693,0.0,3.0,1,1,5.0,0.0,0.0,0,0.0,0.0,0.0,0.0,0.0,5.0,3.75,13.570204022131048,sim_input.json
23,0,19,<bidder.IntegralGreedyBidder object at 0x0000028086CB7978>,5,True,43,3.8540945471926147,0.0,4.0,0.75,1,5.0,0.0,0.0,0,0.0,0.0,0.0,0.0,0.0,5.0,3.75,13.570204022131048,sim_input.json
23,0,19,<bidder.IntegralGreedyBidder object at 0x0000028086CB7978>,5,True,44,0.5848189824863733,0.0,1.0,1,1,5.0,0.0,0.0,0,0.10000000000000002,0.0,0.0,0.10000000000000002,0.058481898248637344,5.0,3.75,13.570204022131048,sim_input.json
23,0,19,<bidder.IntegralGreedyBidder object at 0x0000028086CB7978>,5,True,45,5.11045616868767,0.0,1.0,1,1,5.0,0.0,0.0,0,0.10000000000000002,0.0,0.0,0.10000000000000002,0.5110456168687671,5.0,3.75,13.570204022131048,sim_input.json
23,0,19,<bidder.IntegralGreedyBidder object at 0x0000028086CB7978>,5,True,46,6.632705092563487,0.0,0.0,1,1,5.0,0.0,0.0,0,0.15000000000000002,0.0,0.0,0.15000000000000002,0.9949057638845232,5.0,3.75,13.570204022131048,sim_input.json
23,0,19,<bidder.IntegralGreedyBidder object at 0x0000028086CB7978>,5,True,47,5.010521120973906,0.0,3.0,1,1,5.0,0.0,0.0,0,0.0,0.0,0.0,0.0,0.0,5.0,3.75,13.570204022131048,sim_input.json
23,0,19,<bidder.IntegralGreedyBidder object at 0x0000028086CB7978>,5,True,48,6.242865642221441,0.0,2.0,1,1,5.0,0.0,0.0,0,0.05000000000000001,0.0,0.0,0.05000000000000001,0.31214328211107206,5.0,3.75,13.570204022131048,sim_input.json
23,0,19,<bidder.IntegralGreedyBidder object at 0x0000028086CB7978>,5,True,49,0.6762184756004613,0.0,2.0,1,1,5.0,0.0,0.0,0,0.05000000000000001,0.0,0.0,0.05000000000000001,0.033810923780023074,5.0,3.75,13.570204022131048,sim_input.json
23,0,19,<bidder.IntegralGreedyBidder object at 0x0000028086CB7978>,5,True,50,5.358382335330373,0.0,0.0,1,1,5.0,0.0,0.0,0,0.15000000000000002,0.0,0.0,0.15000000000000002,0.8037573502995561,5.0,3.75,13.570204022131048,sim_input.json
23,0,19,<bidder.IntegralGreedyBidder object at 0x0000028086CB7978>,5,True,51,0.29164925735556513,0.0,4.0,0.75,1,5.0,0.0,1.0,1,0.75,0.75,0.75,0.75,0.21873694301667385,5.0,3.75,13.570204022131048,sim_input.json
23,0,20,<bidder.IntegralGreedyBidder object at 0x0000028086CB7F28>,5,True,0,2.3082114061087626,0.0,5.0,0.6,1,5.0,0.0,0.0,0,0.0,0.0,0.0,0.0,0.0,5.0,3.75,11.176512891318199,sim_input.json
23,0,20,<bidder.IntegralGreedyBidder object at 0x0000028086CB7F28>,5,True,1,7.5983576724912165,0.0,1.0,1,1,5.0,0.0,0.0,0,0.10000000000000002,0.0,0.0,0.10000000000000002,0.7598357672491218,5.0,3.75,11.176512891318199,sim_input.json
23,0,20,<bidder.IntegralGreedyBidder object at 0x0000028086CB7F28>,5,True,2,4.586373782381752,0.0,4.0,0.75,1,5.0,0.0,0.0,0,0.0,0.0,0.0,0.0,0.0,5.0,3.75,11.176512891318199,sim_input.json
23,0,20,<bidder.IntegralGreedyBidder object at 0x0000028086CB7F28>,5,True,3,2.73211899796365,0.0,3.0,1,1,5.0,0.0,0.0,0,0.0,0.0,0.0,0.0,0.0,5.0,3.75,11.176512891318199,sim_input.json
23,0,20,<bidder.IntegralGreedyBidder object at 0x0000028086CB7F28>,5,True,4,7.628739301554569,0.0,5.0,0.6,1,5.0,0.0,0.0,0,0.0,0.0,0.0,0.0,0.0,5.0,3.75,11.176512891318199,sim_input.json
23,0,20,<bidder.IntegralGreedyBidder object at 0x0000028086CB7F28>,5,True,5,2.8135149706945812,0.0,3.0,1,1,5.0,0.0,0.0,0,0.0,0.0,0.0,0.0,0.0,5.0,3.75,11.176512891318199,sim_input.json
23,0,20,<bidder.IntegralGreedyBidder object at 0x0000028086CB7F28>,5,True,6,0.9110305068020731,0.0,0.0,1,1,5.0,0.0,0.0,0,0.15000000000000002,0.0,0.0,0.15000000000000002,0.13665457602031097,5.0,3.75,11.176512891318199,sim_input.json
23,0,20,<bidder.IntegralGreedyBidder object at 0x0000028086CB7F28>,5,True,7,6.9461075043101275,0.0,2.0,1,1,5.0,0.0,0.0,0,0.05000000000000001,0.0,0.0,0.05000000000000001,0.3473053752155064,5.0,3.75,11.176512891318199,sim_input.json
23,0,20,<bidder.IntegralGreedyBidder object at 0x0000028086CB7F28>,5,True,8,4.199528930200873,0.0,1.0,1,1,5.0,0.0,0.0,0,0.10000000000000002,0.0,0.0,0.10000000000000002,0.41995289302008737,5.0,3.75,11.176512891318199,sim_input.json
23,0,20,<bidder.IntegralGreedyBidder object at 0x0000028086CB7F28>,5,True,9,0.9321528488134967,0.0,4.0,0.75,1,5.0,0.0,0.0,0,0.0,0.0,0.0,0.0,0.0,5.0,3.75,11.176512891318199,sim_input.json
23,0,20,<bidder.IntegralGreedyBidder object at 0x0000028086CB7F28>,5,True,10,5.981470125145101,0.0,1.0,1,1,5.0,0.0,0.0,0,0.10000000000000002,0.0,0.0,0.10000000000000002,0.5981470125145102,5.0,3.75,11.176512891318199,sim_input.json
23,0,20,<bidder.IntegralGreedyBidder object at 0x0000028086CB7F28>,5,True,11,2.7641966927968236,0.0,1.0,1,1,5.0,0.0,0.0,0,0.10000000000000002,0.0,0.0,0.10000000000000002,0.2764196692796824,5.0,3.75,11.176512891318199,sim_input.json
23,0,20,<bidder.IntegralGreedyBidder object at 0x0000028086CB7F28>,5,True,12,4.745138700373349,0.0,3.0,1,1,5.0,0.0,0.0,0,0.0,0.0,0.0,0.0,0.0,5.0,3.75,11.176512891318199,sim_input.json
23,0,20,<bidder.IntegralGreedyBidder object at 0x0000028086CB7F28>,5,True,13,0.03198346086094983,0.0,6.0,0.5,1,5.0,0.0,1.0,1,0.5,0.5,0.5,0.5,0.015991730430474915,5.0,3.75,11.176512891318199,sim_input.json
23,0,20,<bidder.IntegralGreedyBidder object at 0x0000028086CB7F28>,5,True,14,0.0,0.0,3.0,1,1,5.0,0.0,0.0,0,0.0,0.0,0.0,0.0,0.0,5.0,3.75,11.176512891318199,sim_input.json
23,0,20,<bidder.IntegralGreedyBidder object at 0x0000028086CB7F28>,5,True,15,3.98040435508564,0.0,3.0,1,1,5.0,0.0,0.0,0,0.0,0.0,0.0,0.0,0.0,5.0,3.75,11.176512891318199,sim_input.json
23,0,20,<bidder.IntegralGreedyBidder object at 0x0000028086CB7F28>,5,True,16,0.0,0.0,2.0,1,1,5.0,0.0,0.0,0,0.0,0.0,0.0,0.0,0.0,5.0,3.75,11.176512891318199,sim_input.json
23,0,20,<bidder.IntegralGreedyBidder object at 0x0000028086CB7F28>,5,True,17,0.30172571051996566,0.0,1.0,1,1,5.0,0.0,1.0,1,1.0,1.0,1.0,1.0,0.30172571051996566,5.0,3.75,11.176512891318199,sim_input.json
23,0,20,<bidder.IntegralGreedyBidder object at 0x0000028086CB7F28>,5,True,18,4.997392072613367,0.0,6.0,0.5,1,5.0,0.0,0.0,0,0.0,0.0,0.0,0.0,0.0,5.0,3.75,11.176512891318199,sim_input.json
23,0,20,<bidder.IntegralGreedyBidder object at 0x0000028086CB7F28>,5,True,19,5.927137081722592,0.0,2.0,1,1,5.0,0.0,0.0,0,0.05000000000000001,0.0,0.0,0.05000000000000001,0.29635685408612966,5.0,3.75,11.176512891318199,sim_input.json
23,0,20,<bidder.IntegralGreedyBidder object at 0x0000028086CB7F28>,5,True,20,4.023000920101753,0.0,0.0,1,1,5.0,0.0,0.0,0,0.15000000000000002,0.0,0.0,0.15000000000000002,0.603450138015263,5.0,3.75,11.176512891318199,sim_input.json
23,0,20,<bidder.IntegralGreedyBidder object at 0x0000028086CB7F28>,5,True,21,5.0151032302944465,0.0,1.0,1,1,5.0,0.0,0.0,0,0.10000000000000002,0.0,0.0,0.10000000000000002,0.5015103230294448,5.0,3.75,11.176512891318199,sim_input.json
23,0,20,<bidder.IntegralGreedyBidder object at 0x0000028086CB7F28>,5,True,22,2.4179666266258693,0.0,3.0,1,1,5.0,0.0,0.0,0,0.0,0.0,0.0,0.0,0.0,5.0,3.75,11.176512891318199,sim_input.json
23,0,20,<bidder.IntegralGreedyBidder object at 0x0000028086CB7F28>,5,True,23,4.511306002870674,0.0,1.0,1,1,5.0,0.0,0.0,0,0.10000000000000002,0.0,0.0,0.10000000000000002,0.4511306002870675,5.0,3.75,11.176512891318199,sim_input.json
23,0,20,<bidder.IntegralGreedyBidder object at 0x0000028086CB7F28>,5,True,24,0.8282501283487078,0.0,2.0,1,1,5.0,0.0,0.0,0,0.05000000000000001,0.0,0.0,0.05000000000000001,0.0414125064174354,5.0,3.75,11.176512891318199,sim_input.json
23,0,20,<bidder.IntegralGreedyBidder object at 0x0000028086CB7F28>,5,True,25,5.122351829531283,0.0,0.0,1,1,5.0,0.0,0.0,0,0.15000000000000002,0.0,0.0,0.15000000000000002,0.7683527744296925,5.0,3.75,11.176512891318199,sim_input.json
23,0,20,<bidder.IntegralGreedyBidder object at 0x0000028086CB7F28>,5,True,26,0.9799123150452158,0.0,0.0,1,1,5.0,0.0,0.0,0,0.15000000000000002,0.0,0.0,0.15000000000000002,0.1469868472567824,5.0,3.75,11.176512891318199,sim_input.json
23,0,20,<bidder.IntegralGreedyBidder object at 0x0000028086CB7F28>,5,True,27,0.0,0.0,0.0,1,1,5.0,0.0,0.0,0,0.0,0.0,0.0,0.0,0.0,5.0,3.75,11.176512891318199,sim_input.json
23,0,20,<bidder.IntegralGreedyBidder object at 0x0000028086CB7F28>,5,True,28,0.0,0.0,3.0,1,1,5.0,0.0,0.0,0,0.0,0.0,0.0,0.0,0.0,5.0,3.75,11.176512891318199,sim_input.json
23,0,20,<bidder.IntegralGreedyBidder object at 0x0000028086CB7F28>,5,True,29,0.0,0.0,1.0,1,1,5.0,0.0,0.0,0,0.0,0.0,0.0,0.0,0.0,5.0,3.75,11.176512891318199,sim_input.json
23,0,20,<bidder.IntegralGreedyBidder object at 0x0000028086CB7F28>,5,True,30,0.3797543077999792,0.0,3.0,1,1,5.0,0.0,1.0,1,1.0,1.0,1.0,1.0,0.3797543077999792,5.0,3.75,11.176512891318199,sim_input.json
23,0,20,<bidder.IntegralGreedyBidder object at 0x0000028086CB7F28>,5,True,31,6.868613878853594,0.0,3.0,1,1,5.0,0.0,0.0,0,0.0,0.0,0.0,0.0,0.0,5.0,3.75,11.176512891318199,sim_input.json
23,0,20,<bidder.IntegralGreedyBidder object at 0x0000028086CB7F28>,5,True,32,0.31534754102141715,0.0,4.0,0.75,1,5.0,0.0,1.0,1,0.75,0.75,0.75,0.75,0.23651065576606287,5.0,3.75,11.176512891318199,sim_input.json
23,0,20,<bidder.IntegralGreedyBidder object at 0x0000028086CB7F28>,5,True,33,6.512979584810474,0.0,2.0,1,1,5.0,0.0,0.0,0,0.05000000000000001,0.0,0.0,0.05000000000000001,0.3256489792405238,5.0,3.75,11.176512891318199,sim_input.json
23,0,20,<bidder.IntegralGreedyBidder object at 0x0000028086CB7F28>,5,True,34,0.756633011241033,0.0,4.0,0.75,1,5.0,0.0,0.0,0,0.0,0.0,0.0,0.0,0.0,5.0,3.75,11.176512891318199,sim_input.json
23,0,20,<bidder.IntegralGreedyBidder object at 0x0000028086CB7F28>,5,True,35,5.9912604605036215,0.0,2.0,1,1,5.0,0.0,0.0,0,0.05000000000000001,0.0,0.0,0.05000000000000001,0.2995630230251811,5.0,3.75,11.176512891318199,sim_input.json
23,0,20,<bidder.IntegralGreedyBidder object at 0x0000028086CB7F28>,5,True,36,0.44393875235159264,0.0,1.0,1,1,5.0,0.0,0.0,0,0.10000000000000002,0.0,0.0,0.10000000000000002,0.04439387523515927,5.0,3.75,11.176512891318199,sim_input.json
23,0,20,<bidder.IntegralGreedyBidder object at 0x0000028086CB7F28>,5,True,37,0.24997831741307008,0.0,6.0,0.5,1,5.0,0.0,1.0,1,0.5,0.5,0.5,0.5,0.12498915870653504,5.0,3.75,11.176512891318199,sim_input.json
23,0,20,<bidder.IntegralGreedyBidder object at 0x0000028086CB7F28>,5,True,38,4.957311698439689,0.0,3.0,1,1,5.0,0.0,0.0,0,0.0,0.0,0.0,0.0,0.0,5.0,3.75,11.176512891318199,sim_input.json
23,0,20,<bidder.IntegralGreedyBidder object at 0x0000028086CB7F28>,5,True,39,7.143826335892478,0.0,2.0,1,1,5.0,0.0,0.0,0,0.05000000000000001,0.0,0.0,0.05000000000000001,0.35719131679462396,5.0,3.75,11.176512891318199,sim_input.json
23,0,20,<bidder.IntegralGreedyBidder object at 0x0000028086CB7F28>,5,True,40,4.946155223207547,0.0,2.0,1,1,5.0,0.0,0.0,0,0.05000000000000001,0.0,0.0,0.05000000000000001,0.2473077611603774,5.0,3.75,11.176512891318199,sim_input.json
23,0,20,<bidder.IntegralGreedyBidder object at 0x0000028086CB7F28>,5,True,41,6.781805906866014,0.0,1.0,1,1,5.0,0.0,0.0,0,0.10000000000000002,0.0,0.0,0.10000000000000002,0.6781805906866015,5.0,3.75,11.176512891318199,sim_input.json
23,0,20,<bidder.IntegralGreedyBidder object at 0x0000028086CB7F28>,5,True,42,6.773775110094891,0.0,3.0,1,1,5.0,0.0,0.0,0,0.0,0.0,0.0,0.0,0.0,5.0,3.75,11.176512891318199,sim_input.json
23,0,20,<bidder.IntegralGreedyBidder object at 0x0000028086CB7F28>,5,True,43,3.9679274217920555,0.0,4.0,0.75,1,5.0,0.0,0.0,0,0.0,0.0,0.0,0.0,0.0,5.0,3.75,11.176512891318199,sim_input.json
23,0,20,<bidder.IntegralGreedyBidder object at 0x0000028086CB7F28>,5,True,44,7.648481152695934,0.0,1.0,1,1,5.0,0.0,0.0,0,0.10000000000000002,0.0,0.0,0.10000000000000002,0.7648481152695936,5.0,3.75,11.176512891318199,sim_input.json
23,0,20,<bidder.IntegralGreedyBidder object at 0x0000028086CB7F28>,5,True,45,0.9474071753350684,0.0,1.0,1,1,5.0,0.0,0.0,0,0.10000000000000002,0.0,0.0,0.10000000000000002,0.09474071753350685,5.0,3.75,11.176512891318199,sim_input.json
23,0,20,<bidder.IntegralGreedyBidder object at 0x0000028086CB7F28>,5,True,46,7.981651435416028,0.0,0.0,1,1,5.0,0.0,0.0,0,0.15000000000000002,0.0,0.0,0.15000000000000002,1.1972477153124044,5.0,3.75,11.176512891318199,sim_input.json
23,0,20,<bidder.IntegralGreedyBidder object at 0x0000028086CB7F28>,5,True,47,0.4108115989716732,0.0,3.0,1,1,5.0,0.0,0.0,0,0.0,0.0,0.0,0.0,0.0,5.0,3.75,11.176512891318199,sim_input.json
23,0,20,<bidder.IntegralGreedyBidder object at 0x0000028086CB7F28>,5,True,48,2.094751816180569,0.0,2.0,1,1,5.0,0.0,0.0,0,0.05000000000000001,0.0,0.0,0.05000000000000001,0.10473759080902846,5.0,3.75,11.176512891318199,sim_input.json
23,0,20,<bidder.IntegralGreedyBidder object at 0x0000028086CB7F28>,5,True,49,4.61937015878077,0.0,2.0,1,1,5.0,0.0,0.0,0,0.05000000000000001,0.0,0.0,0.05000000000000001,0.23096850793903853,5.0,3.75,11.176512891318199,sim_input.json
23,0,20,<bidder.IntegralGreedyBidder object at 0x0000028086CB7F28>,5,True,50,2.83465198845406,0.0,0.0,1,1,5.0,0.0,0.0,0,0.15000000000000002,0.0,0.0,0.15000000000000002,0.42519779826810905,5.0,3.75,11.176512891318199,sim_input.json
23,0,20,<bidder.IntegralGreedyBidder object at 0x0000028086CB7F28>,5,True,51,3.5312615959606886,0.0,4.0,0.75,1,5.0,0.0,0.0,0,0.0,0.0,0.0,0.0,0.0,5.0,3.75,11.176512891318199,sim_input.json
23,0,21,<bidder.IntegralGreedyBidder object at 0x0000028086CB7F98>,5,True,0,0.0,0.0,5.0,0.6,1,5.0,0.0,0.0,0,0.0,0.0,0.0,0.0,0.0,5.0,4.25,9.51615932074171,sim_input.json
23,0,21,<bidder.IntegralGreedyBidder object at 0x0000028086CB7F98>,5,True,1,7.6229785552601745,0.0,1.0,1,1,5.0,0.0,0.0,0,0.08181818181818183,0.0,0.0,0.08181818181818183,0.623698245430378,5.0,4.25,9.51615932074171,sim_input.json
23,0,21,<bidder.IntegralGreedyBidder object at 0x0000028086CB7F98>,5,True,2,0.5922592005146028,0.0,4.0,0.75,1,5.0,0.0,1.0,1,0.75,0.75,0.75,0.75,0.4441944003859521,5.0,4.25,9.51615932074171,sim_input.json
23,0,21,<bidder.IntegralGreedyBidder object at 0x0000028086CB7F98>,5,True,3,7.146553396117546,0.0,3.0,1,1,5.0,0.0,0.0,0,0.0,0.0,0.0,0.0,0.0,5.0,4.25,9.51615932074171,sim_input.json
23,0,21,<bidder.IntegralGreedyBidder object at 0x0000028086CB7F98>,5,True,4,7.658621796462693,0.0,5.0,0.6,1,5.0,0.0,0.0,0,0.0,0.0,0.0,0.0,0.0,5.0,4.25,9.51615932074171,sim_input.json
23,0,21,<bidder.IntegralGreedyBidder object at 0x0000028086CB7F98>,5,True,5,0.06150128985580272,0.0,3.0,1,1,5.0,0.0,1.0,1,1.0,1.0,1.0,1.0,0.06150128985580272,5.0,4.25,9.51615932074171,sim_input.json
23,0,21,<bidder.IntegralGreedyBidder object at 0x0000028086CB7F98>,5,True,6,2.7904674053694,0.0,0.0,1,1,5.0,0.0,0.0,0,0.12272727272727274,0.0,0.0,0.12272727272727274,0.34246645429533545,5.0,4.25,9.51615932074171,sim_input.json
23,0,21,<bidder.IntegralGreedyBidder object at 0x0000028086CB7F98>,5,True,7,5.227257267176301,0.0,2.0,1,1,5.0,0.0,0.0,0,0.040909090909090916,0.0,0.0,0.040909090909090916,0.21384234274812144,5.0,4.25,9.51615932074171,sim_input.json
23,0,21,<bidder.IntegralGreedyBidder object at 0x0000028086CB7F98>,5,True,8,6.638345226917731,0.0,1.0,1,1,5.0,0.0,0.0,0,0.08181818181818183,0.0,0.0,0.08181818181818183,0.5431373367478144,5.0,4.25,9.51615932074171,sim_input.json
23,0,21,<bidder.IntegralGreedyBidder object at 0x0000028086CB7F98>,5,True,9,0.0,0.0,4.0,0.75,1,5.0,0.0,0.0,0,0.0,0.0,0.0,0.0,0.0,5.0,4.25,9.51615932074171,sim_input.json
23,0,21,<bidder.IntegralGreedyBidder object at 0x0000028086CB7F98>,5,True,10,2.1384755153226838,0.0,1.0,1,1,5.0,0.0,0.0,0,0.08181818181818183,0.0,0.0,0.08181818181818183,0.17496617852640142,5.0,4.25,9.51615932074171,sim_input.json
23,0,21,<bidder.IntegralGreedyBidder object at 0x0000028086CB7F98>,5,True,11,0.0,0.0,1.0,1,1,5.0,0.0,0.0,0,0.0,0.0,0.0,0.0,0.0,5.0,4.25,9.51615932074171,sim_input.json
23,0,21,<bidder.IntegralGreedyBidder object at 0x0000028086CB7F98>,5,True,12,0.05405603745832366,0.0,3.0,1,1,5.0,0.0,1.0,1,1.0,1.0,1.0,1.0,0.05405603745832366,5.0,4.25,9.51615932074171,sim_input.json
23,0,21,<bidder.IntegralGreedyBidder object at 0x0000028086CB7F98>,5,True,13,0.0,0.0,6.0,0.5,1,5.0,0.0,0.0,0,0.0,0.0,0.0,0.0,0.0,5.0,4.25,9.51615932074171,sim_input.json
23,0,21,<bidder.IntegralGreedyBidder object at 0x0000028086CB7F98>,5,True,14,1.1874518537256664,0.0,3.0,1,1,5.0,0.0,0.0,0,0.0,0.0,0.0,0.0,0.0,5.0,4.25,9.51615932074171,sim_input.json
23,0,21,<bidder.IntegralGreedyBidder object at 0x0000028086CB7F98>,5,True,15,0.4712340550287297,0.0,3.0,1,1,5.0,0.0,1.0,1,1.0,1.0,1.0,1.0,0.4712340550287297,5.0,4.25,9.51615932074171,sim_input.json
23,0,21,<bidder.IntegralGreedyBidder object at 0x0000028086CB7F98>,5,True,16,0.0,0.0,2.0,1,1,5.0,0.0,0.0,0,0.0,0.0,0.0,0.0,0.0,5.0,4.25,9.51615932074171,sim_input.json
23,0,21,<bidder.IntegralGreedyBidder object at 0x0000028086CB7F98>,5,True,17,0.0,0.0,1.0,1,1,5.0,0.0,0.0,0,0.0,0.0,0.0,0.0,0.0,5.0,4.25,9.51615932074171,sim_input.json
23,0,21,<bidder.IntegralGreedyBidder object at 0x0000028086CB7F98>,5,True,18,0.8038666690620028,0.0,6.0,0.5,1,5.0,0.0,1.0,1,0.5,0.5,0.5,0.5,0.4019333345310014,5.0,4.25,9.51615932074171,sim_input.json
23,0,21,<bidder.IntegralGreedyBidder object at 0x0000028086CB7F98>,5,True,19,2.1012247090220377,0.0,2.0,1,1,5.0,0.0,0.0,0,0.040909090909090916,0.0,0.0,0.040909090909090916,0.08595919264181065,5.0,4.25,9.51615932074171,sim_input.json
23,0,21,<bidder.IntegralGreedyBidder object at 0x0000028086CB7F98>,5,True,20,2.15163078781743,0.0,0.0,1,1,5.0,0.0,0.0,0,0.12272727272727274,0.0,0.0,0.12272727272727274,0.2640637785048664,5.0,4.25,9.51615932074171,sim_input.json
23,0,21,<bidder.IntegralGreedyBidder object at 0x0000028086CB7F98>,5,True,21,0.0,0.0,1.0,1,1,5.0,0.0,0.0,0,0.0,0.0,0.0,0.0,0.0,5.0,4.25,9.51615932074171,sim_input.json
23,0,21,<bidder.IntegralGreedyBidder object at 0x0000028086CB7F98>,5,True,22,2.6657281104725987,0.0,3.0,1,1,5.0,0.0,0.0,0,0.0,0.0,0.0,0.0,0.0,5.0,4.25,9.51615932074171,sim_input.json
23,0,21,<bidder.IntegralGreedyBidder object at 0x0000028086CB7F98>,5,True,23,1.2343816531685219,0.0,1.0,1,1,5.0,0.0,0.0,0,0.08181818181818183,0.0,0.0,0.08181818181818183,0.10099486253196999,5.0,4.25,9.51615932074171,sim_input.json
23,0,21,<bidder.IntegralGreedyBidder object at 0x0000028086CB7F98>,5,True,24,6.056920904781192,0.0,2.0,1,1,5.0,0.0,0.0,0,0.040909090909090916,0.0,0.0,0.040909090909090916,0.247783127922867,5.0,4.25,9.51615932074171,sim_input.json
23,0,21,<bidder.IntegralGreedyBidder object at 0x0000028086CB7F98>,5,True,25,4.23162355749542,0.0,0.0,1,1,5.0,0.0,0.0,0,0.12272727272727274,0.0,0.0,0.12272727272727274,0.5193356184198925,5.0,4.25,9.51615932074171,sim_input.json
23,0,21,<bidder.IntegralGreedyBidder object at 0x0000028086CB7F98>,5,True,26,7.704322774936507,0.0,0.0,1,1,5.0,0.0,0.0,0,0.12272727272727274,0.0,0.0,0.12272727272727274,0.9455305223785715,5.0,4.25,9.51615932074171,sim_input.json
23,0,21,<bidder.IntegralGreedyBidder object at 0x0000028086CB7F98>,5,True,27,4.558038599782803,0.0,0.0,1,1,5.0,0.0,0.0,0,0.12272727272727274,0.0,0.0,0.12272727272727274,0.5593956463369804,5.0,4.25,9.51615932074171,sim_input.json
23,0,21,<bidder.IntegralGreedyBidder object at 0x0000028086CB7F98>,5,True,28,6.624495129645584,0.0,3.0,1,1,5.0,0.0,0.0,0,0.0,0.0,0.0,0.0,0.0,5.0,4.25,9.51615932074171,sim_input.json
23,0,21,<bidder.IntegralGreedyBidder object at 0x0000028086CB7F98>,5,True,29,6.5511877649353725,0.0,1.0,1,1,5.0,0.0,0.0,0,0.08181818181818183,0.0,0.0,0.08181818181818183,0.5360062716765306,5.0,4.25,9.51615932074171,sim_input.json
23,0,21,<bidder.IntegralGreedyBidder object at 0x0000028086CB7F98>,5,True,30,7.611193520577263,0.0,3.0,1,1,5.0,0.0,0.0,0,0.0,0.0,0.0,0.0,0.0,5.0,4.25,9.51615932074171,sim_input.json
23,0,21,<bidder.IntegralGreedyBidder object at 0x0000028086CB7F98>,5,True,31,4.940633546559601,0.0,3.0,1,1,5.0,0.0,0.0,0,0.0,0.0,0.0,0.0,0.0,5.0,4.25,9.51615932074171,sim_input.json
23,0,21,<bidder.IntegralGreedyBidder object at 0x0000028086CB7F98>,5,True,32,0.0,0.0,4.0,0.75,1,5.0,0.0,0.0,0,0.0,0.0,0.0,0.0,0.0,5.0,4.25,9.51615932074171,sim_input.json
23,0,21,<bidder.IntegralGreedyBidder object at 0x0000028086CB7F98>,5,True,33,6.925830241512566,0.0,2.0,1,1,5.0,0.0,0.0,0,0.040909090909090916,0.0,0.0,0.040909090909090916,0.28332941897096864,5.0,4.25,9.51615932074171,sim_input.json
23,0,21,<bidder.IntegralGreedyBidder object at 0x0000028086CB7F98>,5,True,34,6.192919181568804,0.0,4.0,0.75,1,5.0,0.0,0.0,0,0.0,0.0,0.0,0.0,0.0,5.0,4.25,9.51615932074171,sim_input.json
23,0,21,<bidder.IntegralGreedyBidder object at 0x0000028086CB7F98>,5,True,35,0.9479686284402136,0.0,2.0,1,1,5.0,0.0,0.0,0,0.040909090909090916,0.0,0.0,0.040909090909090916,0.038780534799826925,5.0,4.25,9.51615932074171,sim_input.json
23,0,21,<bidder.IntegralGreedyBidder object at 0x0000028086CB7F98>,5,True,36,0.0,0.0,1.0,1,1,5.0,0.0,0.0,0,0.0,0.0,0.0,0.0,0.0,5.0,4.25,9.51615932074171,sim_input.json
23,0,21,<bidder.IntegralGreedyBidder object at 0x0000028086CB7F98>,5,True,37,1.2965787514346152,0.0,6.0,0.5,1,5.0,0.0,0.0,0,0.0,0.0,0.0,0.0,0.0,5.0,4.25,9.51615932074171,sim_input.json
23,0,21,<bidder.IntegralGreedyBidder object at 0x0000028086CB7F98>,5,True,38,1.2377809485890203,0.0,3.0,1,1,5.0,0.0,0.0,0,0.0,0.0,0.0,0.0,0.0,5.0,4.25,9.51615932074171,sim_input.json
23,0,21,<bidder.IntegralGreedyBidder object at 0x0000028086CB7F98>,5,True,39,5.447805302063117,0.0,2.0,1,1,5.0,0.0,0.0,0,0.040909090909090916,0.0,0.0,0.040909090909090916,0.22286476235712757,5.0,4.25,9.51615932074171,sim_input.json
23,0,21,<bidder.IntegralGreedyBidder object at 0x0000028086CB7F98>,5,True,40,4.177076574576072,0.0,2.0,1,1,5.0,0.0,0.0,0,0.040909090909090916,0.0,0.0,0.040909090909090916,0.1708804053235666,5.0,4.25,9.51615932074171,sim_input.json
23,0,21,<bidder.IntegralGreedyBidder object at 0x0000028086CB7F98>,5,True,41,6.086880876704409,0.0,1.0,1,1,5.0,0.0,0.0,0,0.08181818181818183,0.0,0.0,0.08181818181818183,0.4980175262758154,5.0,4.25,9.51615932074171,sim_input.json
23,0,21,<bidder.IntegralGreedyBidder object at 0x0000028086CB7F98>,5,True,42,6.25982647541084,0.0,3.0,1,1,5.0,0.0,0.0,0,0.0,0.0,0.0,0.0,0.0,5.0,4.25,9.51615932074171,sim_input.json
23,0,21,<bidder.IntegralGreedyBidder object at 0x0000028086CB7F98>,5,True,43,1.167751993141401,0.0,4.0,0.75,1,5.0,0.0,0.0,0,0.0,0.0,0.0,0.0,0.0,5.0,4.25,9.51615932074171,sim_input.json
23,0,21,<bidder.IntegralGreedyBidder object at 0x0000028086CB7F98>,5,True,44,5.730378985511484,0.0,1.0,1,1,5.0,0.0,0.0,0,0.08181818181818183,0.0,0.0,0.08181818181818183,0.46884918972366696,5.0,4.25,9.51615932074171,sim_input.json
23,0,21,<bidder.IntegralGreedyBidder object at 0x0000028086CB7F98>,5,True,45,2.970178880467194,0.0,1.0,1,1,5.0,0.0,0.0,0,0.08181818181818183,0.0,0.0,0.08181818181818183,0.24301463567458864,5.0,4.25,9.51615932074171,sim_input.json
23,0,21,<bidder.IntegralGreedyBidder object at 0x0000028086CB7F98>,5,True,46,2.1984338555024934,0.0,0.0,1,1,5.0,0.0,0.0,0,0.12272727272727274,0.0,0.0,0.12272727272727274,0.26980779135712424,5.0,4.25,9.51615932074171,sim_input.json
23,0,21,<bidder.IntegralGreedyBidder object at 0x0000028086CB7F98>,5,True,47,7.945572442533103,0.0,3.0,1,1,5.0,0.0,0.0,0,0.0,0.0,0.0,0.0,0.0,5.0,4.25,9.51615932074171,sim_input.json
23,0,21,<bidder.IntegralGreedyBidder object at 0x0000028086CB7F98>,5,True,48,6.818390049275289,0.0,2.0,1,1,5.0,0.0,0.0,0,0.040909090909090916,0.0,0.0,0.040909090909090916,0.2789341383794437,5.0,4.25,9.51615932074171,sim_input.json
23,0,21,<bidder.IntegralGreedyBidder object at 0x0000028086CB7F98>,5,True,49,7.318023358651466,0.0,2.0,1,1,5.0,0.0,0.0,0,0.040909090909090916,0.0,0.0,0.040909090909090916,0.2993736828539237,5.0,4.25,9.51615932074171,sim_input.json
23,0,21,<bidder.IntegralGreedyBidder object at 0x0000028086CB7F98>,5,True,50,1.240217730109169,0.0,0.0,1,1,5.0,0.0,0.0,0,0.12272727272727274,0.0,0.0,0.12272727272727274,0.15220853960430714,5.0,4.25,9.51615932074171,sim_input.json
23,0,21,<bidder.IntegralGreedyBidder object at 0x0000028086CB7F98>,5,True,51,7.24243328727687,0.0,4.0,0.75,1,5.0,0.0,0.0,0,0.0,0.0,0.0,0.0,0.0,5.0,4.25,9.51615932074171,sim_input.json
23,0,22,<bidder.UniformBidder object at 0x0000028086CB7D68>,5,True,0,4.758219846509966,0.0,5.0,0.6,1,5.0,0.0,0.0,0,0.0,0.0,0.0,0.0,0.0,5.0,4.75,9.627080121408472,sim_input.json
23,0,22,<bidder.UniformBidder object at 0x0000028086CB7D68>,5,True,1,4.542294819389234,0.0,1.0,1,1,5.0,0.0,0.0,0,0.06363636363636364,0.0,0.0,0.06363636363636364,0.289055124870224,5.0,4.75,9.627080121408472,sim_input.json
23,0,22,<bidder.UniformBidder object at 0x0000028086CB7D68>,5,True,2,4.7854435349846876,0.0,4.0,0.75,1,5.0,0.0,0.0,0,0.0,0.0,0.0,0.0,0.0,5.0,4.75,9.627080121408472,sim_input.json
23,0,22,<bidder.UniformBidder object at 0x0000028086CB7D68>,5,True,3,3.299576955832204,0.0,3.0,1,1,5.0,0.0,0.0,0,0.0,0.0,0.0,0.0,0.0,5.0,4.75,9.627080121408472,sim_input.json
23,0,22,<bidder.UniformBidder object at 0x0000028086CB7D68>,5,True,4,0.948914506526623,0.0,5.0,0.6,1,5.0,0.0,0.0,0,0.0,0.0,0.0,0.0,0.0,5.0,4.75,9.627080121408472,sim_input.json
23,0,22,<bidder.UniformBidder object at 0x0000028086CB7D68>,5,True,5,0.5983306553972498,0.0,3.0,1,1,5.0,0.0,1.0,1,1.0,1.0,1.0,1.0,0.5983306553972498,5.0,4.75,9.627080121408472,sim_input.json
23,0,22,<bidder.UniformBidder object at 0x0000028086CB7D68>,5,True,6,4.821604461707216,0.0,0.0,1,1,5.0,0.0,0.0,0,0.09545454545454546,0.0,0.0,0.09545454545454546,0.46024406225387066,5.0,4.75,9.627080121408472,sim_input.json
23,0,22,<bidder.UniformBidder object at 0x0000028086CB7D68>,5,True,7,4.019130561798734,0.0,2.0,1,1,5.0,0.0,0.0,0,0.03181818181818182,0.0,0.0,0.03181818181818182,0.12788142696632337,5.0,4.75,9.627080121408472,sim_input.json
23,0,22,<bidder.UniformBidder object at 0x0000028086CB7D68>,5,True,8,7.727427443298637,0.0,1.0,1,1,5.0,0.0,0.0,0,0.06363636363636364,0.0,0.0,0.06363636363636364,0.4917453827553679,5.0,4.75,9.627080121408472,sim_input.json
23,0,22,<bidder.UniformBidder object at 0x0000028086CB7D68>,5,True,9,1.1968195888226,0.0,4.0,0.75,1,5.0,0.0,0.0,0,0.0,0.0,0.0,0.0,0.0,5.0,4.75,9.627080121408472,sim_input.json
23,0,22,<bidder.UniformBidder object at 0x0000028086CB7D68>,5,True,10,1.8281230376423934,0.0,1.0,1,1,5.0,0.0,0.0,0,0.06363636363636364,0.0,0.0,0.06363636363636364,0.11633510239542505,5.0,4.75,9.627080121408472,sim_input.json
23,0,22,<bidder.UniformBidder object at 0x0000028086CB7D68>,5,True,11,2.5886274063563093,0.0,1.0,1,1,5.0,0.0,0.0,0,0.06363636363636364,0.0,0.0,0.06363636363636364,0.16473083494994697,5.0,4.75,9.627080121408472,sim_input.json
23,0,22,<bidder.UniformBidder object at 0x0000028086CB7D68>,5,True,12,5.24058988372829,0.0,3.0,1,1,5.0,0.0,0.0,0,0.0,0.0,0.0,0.0,0.0,5.0,4.75,9.627080121408472,sim_input.json
23,0,22,<bidder.UniformBidder object at 0x0000028086CB7D68>,5,True,13,1.5719488850507684,0.0,6.0,0.5,1,5.0,0.0,0.0,0,0.0,0.0,0.0,0.0,0.0,5.0,4.75,9.627080121408472,sim_input.json
23,0,22,<bidder.UniformBidder object at 0x0000028086CB7D68>,5,True,14,3.4324794683531943,0.0,3.0,1,1,5.0,0.0,0.0,0,0.0,0.0,0.0,0.0,0.0,5.0,4.75,9.627080121408472,sim_input.json
23,0,22,<bidder.UniformBidder object at 0x0000028086CB7D68>,5,True,15,4.203446822009967,0.0,3.0,1,1,5.0,0.0,0.0,0,0.0,0.0,0.0,0.0,0.0,5.0,4.75,9.627080121408472,sim_input.json
23,0,22,<bidder.UniformBidder object at 0x0000028086CB7D68>,5,True,16,0.09100889898220343,0.0,2.0,1,1,5.0,0.0,1.0,1,1.0,1.0,1.0,1.0,0.09100889898220343,5.0,4.75,9.627080121408472,sim_input.json
23,0,22,<bidder.UniformBidder object at 0x0000028086CB7D68>,5,True,17,5.590154149957437,0.0,1.0,1,1,5.0,0.0,0.0,0,0.06363636363636364,0.0,0.0,0.06363636363636364,0.35573708227001877,5.0,4.75,9.627080121408472,sim_input.json
23,0,22,<bidder.UniformBidder object at 0x0000028086CB7D68>,5,True,18,6.914762830430781,0.0,6.0,0.5,1,5.0,0.0,0.0,0,0.0,0.0,0.0,0.0,0.0,5.0,4.75,9.627080121408472,sim_input.json
23,0,22,<bidder.UniformBidder object at 0x0000028086CB7D68>,5,True,19,3.604507798563038,0.0,2.0,1,1,5.0,0.0,0.0,0,0.03181818181818182,0.0,0.0,0.03181818181818182,0.11468888449973304,5.0,4.75,9.627080121408472,sim_input.json
23,0,22,<bidder.UniformBidder object at 0x0000028086CB7D68>,5,True,20,1.9396787089929086,0.0,0.0,1,1,5.0,0.0,0.0,0,0.09545454545454546,0.0,0.0,0.09545454545454546,0.18515114949477765,5.0,4.75,9.627080121408472,sim_input.json
23,0,22,<bidder.UniformBidder object at 0x0000028086CB7D68>,5,True,21,2.5617835007040832,0.0,1.0,1,1,5.0,0.0,0.0,0,0.06363636363636364,0.0,0.0,0.06363636363636364,0.16302258640844167,5.0,4.75,9.627080121408472,sim_input.json
23,0,22,<bidder.UniformBidder object at 0x0000028086CB7D68>,5,True,22,4.4288676676404,0.0,3.0,1,1,5.0,0.0,0.0,0,0.0,0.0,0.0,0.0,0.0,5.0,4.75,9.627080121408472,sim_input.json
23,0,22,<bidder.UniformBidder object at 0x0000028086CB7D68>,5,True,23,7.126968660833667,0.0,1.0,1,1,5.0,0.0,0.0,0,0.06363636363636364,0.0,0.0,0.06363636363636364,0.45353436932577884,5.0,4.75,9.627080121408472,sim_input.json
23,0,22,<bidder.UniformBidder object at 0x0000028086CB7D68>,5,True,24,4.51223084853991,0.0,2.0,1,1,5.0,0.0,0.0,0,0.03181818181818182,0.0,0.0,0.03181818181818182,0.1435709815444517,5.0,4.75,9.627080121408472,sim_input.json
23,0,22,<bidder.UniformBidder object at 0x0000028086CB7D68>,5,True,25,5.255891738743326,0.0,0.0,1,1,5.0,0.0,0.0,0,0.09545454545454546,0.0,0.0,0.09545454545454546,0.5016987568800448,5.0,4.75,9.627080121408472,sim_input.json
23,0,22,<bidder.UniformBidder object at 0x0000028086CB7D68>,5,True,26,3.865678114546947,0.0,0.0,1,1,5.0,0.0,0.0,0,0.09545454545454546,0.0,0.0,0.09545454545454546,0.3689965472976631,5.0,4.75,9.627080121408472,sim_input.json
23,0,22,<bidder.UniformBidder object at 0x0000028086CB7D68>,5,True,27,6.950554886136633,0.0,0.0,1,1,5.0,0.0,0.0,0,0.09545454545454546,0.0,0.0,0.09545454545454546,0.6634620573130423,5.0,4.75,9.627080121408472,sim_input.json
23,0,22,<bidder.UniformBidder object at 0x0000028086CB7D68>,5,True,28,7.422052891841081,0.0,3.0,1,1,5.0,0.0,0.0,0,0.0,0.0,0.0,0.0,0.0,5.0,4.75,9.627080121408472,sim_input.json
23,0,22,<bidder.UniformBidder object at 0x0000028086CB7D68>,5,True,29,6.16948978846499,0.0,1.0,1,1,5.0,0.0,0.0,0,0.06363636363636364,0.0,0.0,0.06363636363636364,0.3926038956295903,5.0,4.75,9.627080121408472,sim_input.json
23,0,22,<bidder.UniformBidder object at 0x0000028086CB7D68>,5,True,30,7.324371102144226,0.0,3.0,1,1,5.0,0.0,0.0,0,0.0,0.0,0.0,0.0,0.0,5.0,4.75,9.627080121408472,sim_input.json
23,0,22,<bidder.UniformBidder object at 0x0000028086CB7D68>,5,True,31,2.751251735016547,0.0,3.0,1,1,5.0,0.0,0.0,0,0.0,0.0,0.0,0.0,0.0,5.0,4.75,9.627080121408472,sim_input.json
23,0,22,<bidder.UniformBidder object at 0x0000028086CB7D68>,5,True,32,0.6047783068661026,0.0,4.0,0.75,1,5.0,0.0,1.0,1,0.75,0.75,0.75,0.75,0.4535837301495769,5.0,4.75,9.627080121408472,sim_input.json
23,0,22,<bidder.UniformBidder object at 0x0000028086CB7D68>,5,True,33,1.8330719025542463,0.0,2.0,1,1,5.0,0.0,0.0,0,0.03181818181818182,0.0,0.0,0.03181818181818182,0.058325015081271483,5.0,4.75,9.627080121408472,sim_input.json
23,0,22,<bidder.UniformBidder object at 0x0000028086CB7D68>,5,True,34,1.4397275738106239,0.0,4.0,0.75,1,5.0,0.0,0.0,0,0.0,0.0,0.0,0.0,0.0,5.0,4.75,9.627080121408472,sim_input.json
23,0,22,<bidder.UniformBidder object at 0x0000028086CB7D68>,5,True,35,2.1853301852114932,0.0,2.0,1,1,5.0,0.0,0.0,0,0.03181818181818182,0.0,0.0,0.03181818181818182,0.06953323316582025,5.0,4.75,9.627080121408472,sim_input.json
23,0,22,<bidder.UniformBidder object at 0x0000028086CB7D68>,5,True,36,6.015341987774654,0.0,1.0,1,1,5.0,0.0,0.0,0,0.06363636363636364,0.0,0.0,0.06363636363636364,0.3827944901311144,5.0,4.75,9.627080121408472,sim_input.json
23,0,22,<bidder.UniformBidder object at 0x0000028086CB7D68>,5,True,37,5.887578902032378,0.0,6.0,0.5,1,5.0,0.0,0.0,0,0.0,0.0,0.0,0.0,0.0,5.0,4.75,9.627080121408472,sim_input.json
23,0,22,<bidder.UniformBidder object at 0x0000028086CB7D68>,5,True,38,3.3736824078749237,0.0,3.0,1,1,5.0,0.0,0.0,0,0.0,0.0,0.0,0.0,0.0,5.0,4.75,9.627080121408472,sim_input.json
23,0,22,<bidder.UniformBidder object at 0x0000028086CB7D68>,5,True,39,0.5941790358582417,0.0,2.0,1,1,5.0,0.0,1.0,1,1.0,1.0,1.0,1.0,0.5941790358582417,5.0,4.75,9.627080121408472,sim_input.json
23,0,22,<bidder.UniformBidder object at 0x0000028086CB7D68>,5,True,40,6.8364909549281325,0.0,2.0,1,1,5.0,0.0,0.0,0,0.03181818181818182,0.0,0.0,0.03181818181818182,0.21752471220225877,5.0,4.75,9.627080121408472,sim_input.json
23,0,22,<bidder.UniformBidder object at 0x0000028086CB7D68>,5,True,41,5.751229453904242,0.0,1.0,1,1,5.0,0.0,0.0,0,0.06363636363636364,0.0,0.0,0.06363636363636364,0.36598732888481544,5.0,4.75,9.627080121408472,sim_input.json
23,0,22,<bidder.UniformBidder object at 0x0000028086CB7D68>,5,True,42,1.4709296692282592,0.0,3.0,1,1,5.0,0.0,0.0,0,0.0,0.0,0.0,0.0,0.0,5.0,4.75,9.627080121408472,sim_input.json
23,0,22,<bidder.UniformBidder object at 0x0000028086CB7D68>,5,True,43,3.9203149057738695,0.0,4.0,0.75,1,5.0,0.0,0.0,0,0.0,0.0,0.0,0.0,0.0,5.0,4.75,9.627080121408472,sim_input.json
23,0,22,<bidder.UniformBidder object at 0x0000028086CB7D68>,5,True,44,4.221720002811179,0.0,1.0,1,1,5.0,0.0,0.0,0,0.06363636363636364,0.0,0.0,0.06363636363636364,0.26865490926980234,5.0,4.75,9.627080121408472,sim_input.json
23,0,22,<bidder.UniformBidder object at 0x0000028086CB7D68>,5,True,45,0.1616093155568934,0.0,1.0,1,1,5.0,0.0,1.0,1,1.0,1.0,1.0,1.0,0.1616093155568934,5.0,4.75,9.627080121408472,sim_input.json
23,0,22,<bidder.UniformBidder object at 0x0000028086CB7D68>,5,True,46,5.554517068127428,0.0,0.0,1,1,5.0,0.0,0.0,0,0.09545454545454546,0.0,0.0,0.09545454545454546,0.5302039019576181,5.0,4.75,9.627080121408472,sim_input.json
23,0,22,<bidder.UniformBidder object at 0x0000028086CB7D68>,5,True,47,6.228191849929317,0.0,3.0,1,1,5.0,0.0,0.0,0,0.0,0.0,0.0,0.0,0.0,5.0,4.75,9.627080121408472,sim_input.json
23,0,22,<bidder.UniformBidder object at 0x0000028086CB7D68>,5,True,48,5.243502108030342,0.0,2.0,1,1,5.0,0.0,0.0,0,0.03181818181818182,0.0,0.0,0.03181818181818182,0.1668387034373291,5.0,4.75,9.627080121408472,sim_input.json
23,0,22,<bidder.UniformBidder object at 0x0000028086CB7D68>,5,True,49,4.217233065783269,0.0,2.0,1,1,5.0,0.0,0.0,0,0.03181818181818182,0.0,0.0,0.03181818181818182,0.1341846884567404,5.0,4.75,9.627080121408472,sim_input.json
23,0,22,<bidder.UniformBidder object at 0x0000028086CB7D68>,5,True,50,5.676662703096388,0.0,0.0,1,1,5.0,0.0,0.0,0,0.09545454545454546,0.0,0.0,0.09545454545454546,0.5418632580228371,5.0,4.75,9.627080121408472,sim_input.json
23,0,22,<bidder.UniformBidder object at 0x0000028086CB7D68>,5,True,51,7.131511518345322,0.0,4.0,0.75,1,5.0,0.0,0.0,0,0.0,0.0,0.0,0.0,0.0,5.0,4.75,9.627080121408472,sim_input.json
23,0,23,<bidder.IntegralGreedyBidder object at 0x0000028086CB7F60>,5,True,0,3.326465915416624,0.0,5.0,0.6,1,5.0,0.0,0.0,0,0.0,0.0,0.0,0.0,0.0,5.0,4.6,9.771501578223162,sim_input.json
23,0,23,<bidder.IntegralGreedyBidder object at 0x0000028086CB7F60>,5,True,1,6.383578840874052,0.0,1.0,1,1,5.0,0.0,0.0,0,0.06909090909090912,0.0,0.0,0.06909090909090912,0.44104726536948013,5.0,4.6,9.771501578223162,sim_input.json
23,0,23,<bidder.IntegralGreedyBidder object at 0x0000028086CB7F60>,5,True,2,5.777733865376913,0.0,4.0,0.75,1,5.0,0.0,0.0,0,0.0,0.0,0.0,0.0,0.0,5.0,4.6,9.771501578223162,sim_input.json
23,0,23,<bidder.IntegralGreedyBidder object at 0x0000028086CB7F60>,5,True,3,0.32183510594691145,0.0,3.0,1,1,5.0,0.0,1.0,1,1.0,1.0,1.0,1.0,0.32183510594691145,5.0,4.6,9.771501578223162,sim_input.json
23,0,23,<bidder.IntegralGreedyBidder object at 0x0000028086CB7F60>,5,True,4,0.11203044487435265,0.0,5.0,0.6,1,5.0,0.0,1.0,1,0.6,0.6,0.6,0.6,0.0672182669246116,5.0,4.6,9.771501578223162,sim_input.json
23,0,23,<bidder.IntegralGreedyBidder object at 0x0000028086CB7F60>,5,True,5,6.238051875517214,0.0,3.0,1,1,5.0,0.0,0.0,0,0.0,0.0,0.0,0.0,0.0,5.0,4.6,9.771501578223162,sim_input.json
23,0,23,<bidder.IntegralGreedyBidder object at 0x0000028086CB7F60>,5,True,6,1.0902216900730695,0.0,0.0,1,1,5.0,0.0,0.0,0,0.10363636363636368,0.0,0.0,0.10363636363636368,0.11298661151666362,5.0,4.6,9.771501578223162,sim_input.json
23,0,23,<bidder.IntegralGreedyBidder object at 0x0000028086CB7F60>,5,True,7,5.934011249329166,0.0,2.0,1,1,5.0,0.0,0.0,0,0.03454545454545456,0.0,0.0,0.03454545454545456,0.20499311588591673,5.0,4.6,9.771501578223162,sim_input.json
23,0,23,<bidder.IntegralGreedyBidder object at 0x0000028086CB7F60>,5,True,8,1.6946956602228478,0.0,1.0,1,1,5.0,0.0,0.0,0,0.06909090909090912,0.0,0.0,0.06909090909090912,0.11708806379721498,5.0,4.6,9.771501578223162,sim_input.json
23,0,23,<bidder.IntegralGreedyBidder object at 0x0000028086CB7F60>,5,True,9,0.0,0.0,4.0,0.75,1,5.0,0.0,0.0,0,0.0,0.0,0.0,0.0,0.0,5.0,4.6,9.771501578223162,sim_input.json
23,0,23,<bidder.IntegralGreedyBidder object at 0x0000028086CB7F60>,5,True,10,0.7620691102456787,0.0,1.0,1,1,5.0,0.0,0.0,0,0.06909090909090912,0.0,0.0,0.06909090909090912,0.05265204761697419,5.0,4.6,9.771501578223162,sim_input.json
23,0,23,<bidder.IntegralGreedyBidder object at 0x0000028086CB7F60>,5,True,11,2.281956461693687,0.0,1.0,1,1,5.0,0.0,0.0,0,0.06909090909090912,0.0,0.0,0.06909090909090912,0.15766244644429117,5.0,4.6,9.771501578223162,sim_input.json
23,0,23,<bidder.IntegralGreedyBidder object at 0x0000028086CB7F60>,5,True,12,5.242870705752605,0.0,3.0,1,1,5.0,0.0,0.0,0,0.0,0.0,0.0,0.0,0.0,5.0,4.6,9.771501578223162,sim_input.json
23,0,23,<bidder.IntegralGreedyBidder object at 0x0000028086CB7F60>,5,True,13,6.625174290067435,0.0,6.0,0.5,1,5.0,0.0,0.0,0,0.0,0.0,0.0,0.0,0.0,5.0,4.6,9.771501578223162,sim_input.json
23,0,23,<bidder.IntegralGreedyBidder object at 0x0000028086CB7F60>,5,True,14,4.875787558883553,0.0,3.0,1,1,5.0,0.0,0.0,0,0.0,0.0,0.0,0.0,0.0,5.0,4.6,9.771501578223162,sim_input.json
23,0,23,<bidder.IntegralGreedyBidder object at 0x0000028086CB7F60>,5,True,15,4.917015568045109,0.0,3.0,1,1,5.0,0.0,0.0,0,0.0,0.0,0.0,0.0,0.0,5.0,4.6,9.771501578223162,sim_input.json
23,0,23,<bidder.IntegralGreedyBidder object at 0x0000028086CB7F60>,5,True,16,0.6065467268383707,0.0,2.0,1,1,5.0,0.0,1.0,1,1.0,1.0,1.0,1.0,0.6065467268383707,5.0,4.6,9.771501578223162,sim_input.json
23,0,23,<bidder.IntegralGreedyBidder object at 0x0000028086CB7F60>,5,True,17,6.813525512416465,0.0,1.0,1,1,5.0,0.0,0.0,0,0.06909090909090912,0.0,0.0,0.06909090909090912,0.47075267176695595,5.0,4.6,9.771501578223162,sim_input.json
23,0,23,<bidder.IntegralGreedyBidder object at 0x0000028086CB7F60>,5,True,18,4.661934232177896,0.0,6.0,0.5,1,5.0,0.0,0.0,0,0.0,0.0,0.0,0.0,0.0,5.0,4.6,9.771501578223162,sim_input.json
23,0,23,<bidder.IntegralGreedyBidder object at 0x0000028086CB7F60>,5,True,19,4.110757354047453,0.0,2.0,1,1,5.0,0.0,0.0,0,0.03454545454545456,0.0,0.0,0.03454545454545456,0.14200798132163936,5.0,4.6,9.771501578223162,sim_input.json
23,0,23,<bidder.IntegralGreedyBidder object at 0x0000028086CB7F60>,5,True,20,5.947635063017609,0.0,0.0,1,1,5.0,0.0,0.0,0,0.10363636363636368,0.0,0.0,0.10363636363636368,0.6163912701672797,5.0,4.6,9.771501578223162,sim_input.json
23,0,23,<bidder.IntegralGreedyBidder object at 0x0000028086CB7F60>,5,True,21,4.079372470354275,0.0,1.0,1,1,5.0,0.0,0.0,0,0.06909090909090912,0.0,0.0,0.06909090909090912,0.28184755249720456,5.0,4.6,9.771501578223162,sim_input.json
23,0,23,<bidder.IntegralGreedyBidder object at 0x0000028086CB7F60>,5,True,22,4.701169443442113,0.0,3.0,1,1,5.0,0.0,0.0,0,0.0,0.0,0.0,0.0,0.0,5.0,4.6,9.771501578223162,sim_input.json
23,0,23,<bidder.IntegralGreedyBidder object at 0x0000028086CB7F60>,5,True,23,2.13162806912714,0.0,1.0,1,1,5.0,0.0,0.0,0,0.06909090909090912,0.0,0.0,0.06909090909090912,0.14727612113969338,5.0,4.6,9.771501578223162,sim_input.json
23,0,23,<bidder.IntegralGreedyBidder object at 0x0000028086CB7F60>,5,True,24,0.0,0.0,2.0,1,1,5.0,0.0,0.0,0,0.0,0.0,0.0,0.0,0.0,5.0,4.6,9.771501578223162,sim_input.json
23,0,23,<bidder.IntegralGreedyBidder object at 0x0000028086CB7F60>,5,True,25,6.449650627635239,0.0,0.0,1,1,5.0,0.0,0.0,0,0.10363636363636368,0.0,0.0,0.10363636363636368,0.6684183377731069,5.0,4.6,9.771501578223162,sim_input.json
23,0,23,<bidder.IntegralGreedyBidder object at 0x0000028086CB7F60>,5,True,26,5.400874198091677,0.0,0.0,1,1,5.0,0.0,0.0,0,0.10363636363636368,0.0,0.0,0.10363636363636368,0.5597269623476832,5.0,4.6,9.771501578223162,sim_input.json
23,0,23,<bidder.IntegralGreedyBidder object at 0x0000028086CB7F60>,5,True,27,3.9530215047622277,0.0,0.0,1,1,5.0,0.0,0.0,0,0.10363636363636368,0.0,0.0,0.10363636363636368,0.4096767741299038,5.0,4.6,9.771501578223162,sim_input.json
23,0,23,<bidder.IntegralGreedyBidder object at 0x0000028086CB7F60>,5,True,28,6.507904544732049,0.0,3.0,1,1,5.0,0.0,0.0,0,0.0,0.0,0.0,0.0,0.0,5.0,4.6,9.771501578223162,sim_input.json
23,0,23,<bidder.IntegralGreedyBidder object at 0x0000028086CB7F60>,5,True,29,6.017568576333193,0.0,1.0,1,1,5.0,0.0,0.0,0,0.06909090909090912,0.0,0.0,0.06909090909090912,0.4157592834557481,5.0,4.6,9.771501578223162,sim_input.json
23,0,23,<bidder.IntegralGreedyBidder object at 0x0000028086CB7F60>,5,True,30,6.32680989330274,0.0,3.0,1,1,5.0,0.0,0.0,0,0.0,0.0,0.0,0.0,0.0,5.0,4.6,9.771501578223162,sim_input.json
23,0,23,<bidder.IntegralGreedyBidder object at 0x0000028086CB7F60>,5,True,31,1.0752070064975978,0.0,3.0,1,1,5.0,0.0,0.0,0,0.0,0.0,0.0,0.0,0.0,5.0,4.6,9.771501578223162,sim_input.json
23,0,23,<bidder.IntegralGreedyBidder object at 0x0000028086CB7F60>,5,True,32,0.7045890662403079,0.0,4.0,0.75,1,5.0,0.0,0.0,0,0.0,0.0,0.0,0.0,0.0,5.0,4.6,9.771501578223162,sim_input.json
23,0,23,<bidder.IntegralGreedyBidder object at 0x0000028086CB7F60>,5,True,33,4.760760508343476,0.0,2.0,1,1,5.0,0.0,0.0,0,0.03454545454545456,0.0,0.0,0.03454545454545456,0.1644626357427747,5.0,4.6,9.771501578223162,sim_input.json
23,0,23,<bidder.IntegralGreedyBidder object at 0x0000028086CB7F60>,5,True,34,1.8991742488318497,0.0,4.0,0.75,1,5.0,0.0,0.0,0,0.0,0.0,0.0,0.0,0.0,5.0,4.6,9.771501578223162,sim_input.json
23,0,23,<bidder.IntegralGreedyBidder object at 0x0000028086CB7F60>,5,True,35,7.25928040889195,0.0,2.0,1,1,5.0,0.0,0.0,0,0.03454545454545456,0.0,0.0,0.03454545454545456,0.25077514139808565,5.0,4.6,9.771501578223162,sim_input.json
23,0,23,<bidder.IntegralGreedyBidder object at 0x0000028086CB7F60>,5,True,36,7.613865651716596,0.0,1.0,1,1,5.0,0.0,0.0,0,0.06909090909090912,0.0,0.0,0.06909090909090912,0.5260488995731468,5.0,4.6,9.771501578223162,sim_input.json
23,0,23,<bidder.IntegralGreedyBidder object at 0x0000028086CB7F60>,5,True,37,4.964431310154906,0.0,6.0,0.5,1,5.0,0.0,0.0,0,0.0,0.0,0.0,0.0,0.0,5.0,4.6,9.771501578223162,sim_input.json
23,0,23,<bidder.IntegralGreedyBidder object at 0x0000028086CB7F60>,5,True,38,7.1979326238757455,0.0,3.0,1,1,5.0,0.0,0.0,0,0.0,0.0,0.0,0.0,0.0,5.0,4.6,9.771501578223162,sim_input.json
23,0,23,<bidder.IntegralGreedyBidder object at 0x0000028086CB7F60>,5,True,39,0.5500444014858574,0.0,2.0,1,1,5.0,0.0,1.0,1,1.0,1.0,1.0,1.0,0.5500444014858574,5.0,4.6,9.771501578223162,sim_input.json
23,0,23,<bidder.IntegralGreedyBidder object at 0x0000028086CB7F60>,5,True,40,6.197291960927986,0.0,2.0,1,1,5.0,0.0,0.0,0,0.03454545454545456,0.0,0.0,0.03454545454545456,0.2140882677411487,5.0,4.6,9.771501578223162,sim_input.json
23,0,23,<bidder.IntegralGreedyBidder object at 0x0000028086CB7F60>,5,True,41,4.379200942470751,0.0,1.0,1,1,5.0,0.0,0.0,0,0.06909090909090912,0.0,0.0,0.06909090909090912,0.30256297420707023,5.0,4.6,9.771501578223162,sim_input.json
23,0,23,<bidder.IntegralGreedyBidder object at 0x0000028086CB7F60>,5,True,42,0.012712139893595209,0.0,3.0,1,1,5.0,0.0,1.0,1,1.0,1.0,1.0,1.0,0.012712139893595209,5.0,4.6,9.771501578223162,sim_input.json
23,0,23,<bidder.IntegralGreedyBidder object at 0x0000028086CB7F60>,5,True,43,3.41120792447546,0.0,4.0,0.75,1,5.0,0.0,0.0,0,0.0,0.0,0.0,0.0,0.0,5.0,4.6,9.771501578223162,sim_input.json
23,0,23,<bidder.IntegralGreedyBidder object at 0x0000028086CB7F60>,5,True,44,7.743568360056109,0.0,1.0,1,1,5.0,0.0,0.0,0,0.06909090909090912,0.0,0.0,0.06909090909090912,0.5350101776038768,5.0,4.6,9.771501578223162,sim_input.json
23,0,23,<bidder.IntegralGreedyBidder object at 0x0000028086CB7F60>,5,True,45,0.9841760450907646,0.0,1.0,1,1,5.0,0.0,0.0,0,0.06909090909090912,0.0,0.0,0.06909090909090912,0.0679976176608165,5.0,4.6,9.771501578223162,sim_input.json
23,0,23,<bidder.IntegralGreedyBidder object at 0x0000028086CB7F60>,5,True,46,4.770230357836953,0.0,0.0,1,1,5.0,0.0,0.0,0,0.10363636363636368,0.0,0.0,0.10363636363636368,0.4943693279940117,5.0,4.6,9.771501578223162,sim_input.json
23,0,23,<bidder.IntegralGreedyBidder object at 0x0000028086CB7F60>,5,True,47,5.047120917808993,0.0,3.0,1,1,5.0,0.0,0.0,0,0.0,0.0,0.0,0.0,0.0,5.0,4.6,9.771501578223162,sim_input.json
23,0,23,<bidder.IntegralGreedyBidder object at 0x0000028086CB7F60>,5,True,48,1.5363609150047288,0.0,2.0,1,1,5.0,0.0,0.0,0,0.03454545454545456,0.0,0.0,0.03454545454545456,0.053074286154708834,5.0,4.6,9.771501578223162,sim_input.json
23,0,23,<bidder.IntegralGreedyBidder object at 0x0000028086CB7F60>,5,True,49,5.0875585100423,0.0,2.0,1,1,5.0,0.0,0.0,0,0.03454545454545456,0.0,0.0,0.03454545454545456,0.1757520212560068,5.0,4.6,9.771501578223162,sim_input.json
23,0,23,<bidder.IntegralGreedyBidder object at 0x0000028086CB7F60>,5,True,50,6.085866586225041,0.0,0.0,1,1,5.0,0.0,0.0,0,0.10363636363636368,0.0,0.0,0.10363636363636368,0.6307170825724137,5.0,4.6,9.771501578223162,sim_input.json
23,0,23,<bidder.IntegralGreedyBidder object at 0x0000028086CB7F60>,5,True,51,6.513593637920466,0.0,4.0,0.75,1,5.0,0.0,0.0,0,0.0,0.0,0.0,0.0,0.0,5.0,4.6,9.771501578223162,sim_input.json
23,0,VB,VB,VB,VB,0,1,VB,VB,VB,VB,VB,VB,VB,VB,VB,0.0,0.0,0.0,0.0,VB,VB,5.84272727272727,sim_input.json
23,0,VB,VB,VB,VB,1,1,VB,VB,VB,VB,VB,VB,VB,VB,VB,2.0,2.0,0.2509090909090901,0.2509090909090901,VB,VB,5.84272727272727,sim_input.json
23,0,VB,VB,VB,VB,2,1,VB,VB,VB,VB,VB,VB,VB,VB,VB,0.0,0.0,0.0,0.0,VB,VB,5.84272727272727,sim_input.json
23,0,VB,VB,VB,VB,3,1,VB,VB,VB,VB,VB,VB,VB,VB,VB,0.0,0.0,0.0,0.0,VB,VB,5.84272727272727,sim_input.json
23,0,VB,VB,VB,VB,4,1,VB,VB,VB,VB,VB,VB,VB,VB,VB,0.0,0.0,0.0,0.0,VB,VB,5.84272727272727,sim_input.json
23,0,VB,VB,VB,VB,5,1,VB,VB,VB,VB,VB,VB,VB,VB,VB,0.0,0.0,0.0,0.0,VB,VB,5.84272727272727,sim_input.json
23,0,VB,VB,VB,VB,6,1,VB,VB,VB,VB,VB,VB,VB,VB,VB,3.0,3.0,0.6027272727272734,0.6027272727272734,VB,VB,5.84272727272727,sim_input.json
23,0,VB,VB,VB,VB,7,1,VB,VB,VB,VB,VB,VB,VB,VB,VB,1.0,1.0,0.07545454545454566,0.07545454545454566,VB,VB,5.84272727272727,sim_input.json
23,0,VB,VB,VB,VB,8,1,VB,VB,VB,VB,VB,VB,VB,VB,VB,2.0,2.0,0.3199999999999994,0.3199999999999994,VB,VB,5.84272727272727,sim_input.json
23,0,VB,VB,VB,VB,9,1,VB,VB,VB,VB,VB,VB,VB,VB,VB,0.0,0.0,0.0,0.0,VB,VB,5.84272727272727,sim_input.json
23,0,VB,VB,VB,VB,10,1,VB,VB,VB,VB,VB,VB,VB,VB,VB,2.0,2.0,0.3199999999999994,0.3199999999999994,VB,VB,5.84272727272727,sim_input.json
23,0,VB,VB,VB,VB,11,1,VB,VB,VB,VB,VB,VB,VB,VB,VB,2.0,2.0,0.5763636363636357,0.5763636363636357,VB,VB,5.84272727272727,sim_input.json
23,0,VB,VB,VB,VB,12,1,VB,VB,VB,VB,VB,VB,VB,VB,VB,0.0,0.0,0.0,0.0,VB,VB,5.84272727272727,sim_input.json
23,0,VB,VB,VB,VB,13,1,VB,VB,VB,VB,VB,VB,VB,VB,VB,0.0,0.0,0.0,0.0,VB,VB,5.84272727272727,sim_input.json
23,0,VB,VB,VB,VB,14,1,VB,VB,VB,VB,VB,VB,VB,VB,VB,0.0,0.0,0.0,0.0,VB,VB,5.84272727272727,sim_input.json
23,0,VB,VB,VB,VB,15,1,VB,VB,VB,VB,VB,VB,VB,VB,VB,0.0,0.0,0.0,0.0,VB,VB,5.84272727272727,sim_input.json
23,0,VB,VB,VB,VB,16,1,VB,VB,VB,VB,VB,VB,VB,VB,VB,1.0,1.0,0.31636363636363596,0.31636363636363596,VB,VB,5.84272727272727,sim_input.json
23,0,VB,VB,VB,VB,17,1,VB,VB,VB,VB,VB,VB,VB,VB,VB,2.0,2.0,0.5799999999999992,0.5799999999999992,VB,VB,5.84272727272727,sim_input.json
23,0,VB,VB,VB,VB,18,1,VB,VB,VB,VB,VB,VB,VB,VB,VB,0.0,0.0,0.0,0.0,VB,VB,5.84272727272727,sim_input.json
23,0,VB,VB,VB,VB,19,1,VB,VB,VB,VB,VB,VB,VB,VB,VB,1.0,1.0,0.07545454545454611,0.07545454545454611,VB,VB,5.84272727272727,sim_input.json
23,0,VB,VB,VB,VB,20,1,VB,VB,VB,VB,VB,VB,VB,VB,VB,3.0,3.0,0.0,0.0,VB,VB,5.84272727272727,sim_input.json
23,0,VB,VB,VB,VB,21,1,VB,VB,VB,VB,VB,VB,VB,VB,VB,2.0,2.0,0.39636363636363603,0.39636363636363603,VB,VB,5.84272727272727,sim_input.json
23,0,VB,VB,VB,VB,22,1,VB,VB,VB,VB,VB,VB,VB,VB,VB,0.0,0.0,0.0,0.0,VB,VB,5.84272727272727,sim_input.json
23,0,VB,VB,VB,VB,23,1,VB,VB,VB,VB,VB,VB,VB,VB,VB,2.0,2.0,0.0872727272727265,0.0872727272727265,VB,VB,5.84272727272727,sim_input.json
23,0,VB,VB,VB,VB,24,1,VB,VB,VB,VB,VB,VB,VB,VB,VB,1.0,1.0,0.26818181818181897,0.26818181818181897,VB,VB,5.84272727272727,sim_input.json
23,0,VB,VB,VB,VB,25,1,VB,VB,VB,VB,VB,VB,VB,VB,VB,3.0,3.0,0.0,0.0,VB,VB,5.84272727272727,sim_input.json
23,0,VB,VB,VB,VB,26,1,VB,VB,VB,VB,VB,VB,VB,VB,VB,3.0,3.0,0.10909090909090935,0.10909090909090935,VB,VB,5.84272727272727,sim_input.json
23,0,VB,VB,VB,VB,27,1,VB,VB,VB,VB,VB,VB,VB,VB,VB,3.0,3.0,0.2590909090909088,0.2590909090909088,VB,VB,5.84272727272727,sim_input.json
23,0,VB,VB,VB,VB,28,1,VB,VB,VB,VB,VB,VB,VB,VB,VB,0.0,0.0,0.0,0.0,VB,VB,5.84272727272727,sim_input.json
23,0,VB,VB,VB,VB,29,1,VB,VB,VB,VB,VB,VB,VB,VB,VB,2.0,2.0,0.25999999999999934,0.25999999999999934,VB,VB,5.84272727272727,sim_input.json
23,0,VB,VB,VB,VB,30,1,VB,VB,VB,VB,VB,VB,VB,VB,VB,0.0,0.0,0.0,0.0,VB,VB,5.84272727272727,sim_input.json
23,0,VB,VB,VB,VB,31,1,VB,VB,VB,VB,VB,VB,VB,VB,VB,0.0,0.0,0.0,0.0,VB,VB,5.84272727272727,sim_input.json
23,0,VB,VB,VB,VB,32,1,VB,VB,VB,VB,VB,VB,VB,VB,VB,0.0,0.0,0.0,0.0,VB,VB,5.84272727272727,sim_input.json
23,0,VB,VB,VB,VB,33,1,VB,VB,VB,VB,VB,VB,VB,VB,VB,1.0,1.0,0.16909090909090985,0.16909090909090985,VB,VB,5.84272727272727,sim_input.json
23,0,VB,VB,VB,VB,34,1,VB,VB,VB,VB,VB,VB,VB,VB,VB,0.0,0.0,0.0,0.0,VB,VB,5.84272727272727,sim_input.json
23,0,VB,VB,VB,VB,35,1,VB,VB,VB,VB,VB,VB,VB,VB,VB,1.0,1.0,0.15909090909090962,0.15909090909090962,VB,VB,5.84272727272727,sim_input.json
23,0,VB,VB,VB,VB,36,1,VB,VB,VB,VB,VB,VB,VB,VB,VB,2.0,2.0,0.23272727272727245,0.23272727272727245,VB,VB,5.84272727272727,sim_input.json
23,0,VB,VB,VB,VB,37,1,VB,VB,VB,VB,VB,VB,VB,VB,VB,0.0,0.0,0.0,0.0,VB,VB,5.84272727272727,sim_input.json
23,0,VB,VB,VB,VB,38,1,VB,VB,VB,VB,VB,VB,VB,VB,VB,0.0,0.0,0.0,0.0,VB,VB,5.84272727272727,sim_input.json
23,0,VB,VB,VB,VB,39,1,VB,VB,VB,VB,VB,VB,VB,VB,VB,1.0,1.0,0.06636363636363596,0.06636363636363596,VB,VB,5.84272727272727,sim_input.json
23,0,VB,VB,VB,VB,40,1,VB,VB,VB,VB,VB,VB,VB,VB,VB,1.0,1.0,0.0727272727272732,0.0727272727272732,VB,VB,5.84272727272727,sim_input.json
23,0,VB,VB,VB,VB,41,1,VB,VB,VB,VB,VB,VB,VB,VB,VB,2.0,2.0,0.07818181818181769,0.07818181818181769,VB,VB,5.84272727272727,sim_input.json
23,0,VB,VB,VB,VB,42,1,VB,VB,VB,VB,VB,VB,VB,VB,VB,0.0,0.0,0.0,0.0,VB,VB,5.84272727272727,sim_input.json
23,0,VB,VB,VB,VB,43,1,VB,VB,VB,VB,VB,VB,VB,VB,VB,0.0,0.0,0.0,0.0,VB,VB,5.84272727272727,sim_input.json
23,0,VB,VB,VB,VB,44,1,VB,VB,VB,VB,VB,VB,VB,VB,VB,2.0,2.0,0.07272727272727231,0.07272727272727231,VB,VB,5.84272727272727,sim_input.json
23,0,VB,VB,VB,VB,45,1,VB,VB,VB,VB,VB,VB,VB,VB,VB,2.0,2.0,0.0636363636363626,0.0636363636363626,VB,VB,5.84272727272727,sim_input.json
23,0,VB,VB,VB,VB,46,1,VB,VB,VB,VB,VB,VB,VB,VB,VB,3.0,3.0,0.10909090909090935,0.10909090909090935,VB,VB,5.84272727272727,sim_input.json
23,0,VB,VB,VB,VB,47,1,VB,VB,VB,VB,VB,VB,VB,VB,VB,0.0,0.0,0.0,0.0,VB,VB,5.84272727272727,sim_input.json
23,0,VB,VB,VB,VB,48,1,VB,VB,VB,VB,VB,VB,VB,VB,VB,1.0,1.0,0.205454545454546,0.205454545454546,VB,VB,5.84272727272727,sim_input.json
23,0,VB,VB,VB,VB,49,1,VB,VB,VB,VB,VB,VB,VB,VB,VB,1.0,1.0,0.11636363636363756,0.11636363636363756,VB,VB,5.84272727272727,sim_input.json
23,0,VB,VB,VB,VB,50,1,VB,VB,VB,VB,VB,VB,VB,VB,VB,3.0,3.0,0.0,0.0,VB,VB,5.84272727272727,sim_input.json
23,0,VB,VB,VB,VB,51,1,VB,VB,VB,VB,VB,VB,VB,VB,VB,0.0,0.0,0.0,0.0,VB,VB,5.84272727272727,sim_input.json
47,1,0,<bidder.IntegralGreedyBidder object at 0x00000280FFA40470>,5,True,0,0.40474492755964775,5.0,6.0,0.5,0.6,6.1,1.0,1.0,1,0.5,0.5,0.5,0.5,0.20237246377982387,7.0,5.75,6.500285621297099,sim_input.json
47,1,0,<bidder.IntegralGreedyBidder object at 0x00000280FFA40470>,5,True,1,3.1129788522040034,1.0,1.0,1,1,6.1,0.0,0.0,0,0.045112781954887216,0.0,0.0,0.045112781954887216,0.14043513618965428,7.0,5.75,6.500285621297099,sim_input.json
47,1,0,<bidder.IntegralGreedyBidder object at 0x00000280FFA40470>,5,True,2,7.152018098724376,4.0,4.0,0.75,0.6,6.1,0.0,0.0,0,0.0,0.0,0.0,0.0,0.0,7.0,5.75,6.500285621297099,sim_input.json
47,1,0,<bidder.IntegralGreedyBidder object at 0x00000280FFA40470>,5,True,3,0.0,3.0,3.0,1,0.75,6.1,0.0,0.0,0,0.0,0.0,0.0,0.0,0.0,7.0,5.75,6.500285621297099,sim_input.json
47,1,0,<bidder.IntegralGreedyBidder object at 0x00000280FFA40470>,5,True,4,6.49370827357277,5.0,5.0,0.6,0.5,6.1,0.0,0.0,0,0.0,0.0,0.0,0.0,0.0,7.0,5.75,6.500285621297099,sim_input.json
47,1,0,<bidder.IntegralGreedyBidder object at 0x00000280FFA40470>,5,True,5,2.7104103122595786,3.0,3.0,1,0.75,6.1,0.0,0.0,0,0.0,0.0,0.0,0.0,0.0,7.0,5.75,6.500285621297099,sim_input.json
47,1,0,<bidder.IntegralGreedyBidder object at 0x00000280FFA40470>,5,True,6,0.0,0.0,0.0,1,1,6.1,0.0,0.0,0,0.0,0.0,0.0,0.0,0.0,7.0,5.75,6.500285621297099,sim_input.json
47,1,0,<bidder.IntegralGreedyBidder object at 0x00000280FFA40470>,5,True,7,4.960833865930199,2.0,3.0,1,1,6.1,0.0,0.0,0,0.0008354218880534706,0.0,0.0,0.0008354218880534706,0.004144389194595004,7.0,5.75,6.500285621297099,sim_input.json
47,1,0,<bidder.IntegralGreedyBidder object at 0x00000280FFA40470>,5,True,8,2.3005669076477755,1.0,2.0,1,1,6.1,0.0,0.0,0,0.023391812865497078,0.0,0.0,0.023391812865497078,0.05381443058825206,7.0,5.75,6.500285621297099,sim_input.json
47,1,0,<bidder.IntegralGreedyBidder object at 0x00000280FFA40470>,5,True,9,2.5157467121518,4.0,4.0,0.75,0.6,6.1,0.0,0.0,0,0.0,0.0,0.0,0.0,0.0,7.0,5.75,6.500285621297099,sim_input.json
47,1,0,<bidder.IntegralGreedyBidder object at 0x00000280FFA40470>,5,True,10,3.7333861479385755,1.0,2.0,1,1,6.1,0.0,0.0,0,0.022556390977443608,0.0,0.0,0.022556390977443608,0.08421171762267463,7.0,5.75,6.500285621297099,sim_input.json
47,1,0,<bidder.IntegralGreedyBidder object at 0x00000280FFA40470>,5,True,11,0.0,1.0,2.0,1,1,6.1,0.0,0.0,0,0.0,0.0,0.0,0.0,0.0,7.0,5.75,6.500285621297099,sim_input.json
47,1,0,<bidder.IntegralGreedyBidder object at 0x00000280FFA40470>,5,True,12,4.341664884145883,3.0,3.0,1,0.75,6.1,0.0,0.0,0,0.0,0.0,0.0,0.0,0.0,7.0,5.75,6.500285621297099,sim_input.json
47,1,0,<bidder.IntegralGreedyBidder object at 0x00000280FFA40470>,5,True,13,2.354394332059072,6.0,6.0,0.5,0.42857142857142855,6.1,0.0,0.0,0,0.0004177109440267353,0.0,0.0,0.0004177109440267353,0.0009834562790555898,7.0,5.75,6.500285621297099,sim_input.json
47,1,0,<bidder.IntegralGreedyBidder object at 0x00000280FFA40470>,5,True,14,1.1551207671020922,3.0,3.0,1,0.75,6.1,0.0,0.0,0,0.0,0.0,0.0,0.0,0.0,7.0,5.75,6.500285621297099,sim_input.json
47,1,0,<bidder.IntegralGreedyBidder object at 0x00000280FFA40470>,5,True,15,7.859242434556574,3.0,3.0,1,0.75,6.1,0.0,0.0,0,0.0,0.0,0.0,0.0,0.0,7.0,5.75,6.500285621297099,sim_input.json
47,1,0,<bidder.IntegralGreedyBidder object at 0x00000280FFA40470>,5,True,16,5.959086751932838,2.0,3.0,1,1,6.1,0.0,0.0,0,0.0,0.0,0.0,0.0,0.0,7.0,5.75,6.500285621297099,sim_input.json
47,1,0,<bidder.IntegralGreedyBidder object at 0x00000280FFA40470>,5,True,17,0.0,1.0,4.0,0.75,1,6.1,0.0,0.0,0,0.0,0.0,0.0,0.0,0.0,7.0,5.75,6.500285621297099,sim_input.json
47,1,0,<bidder.IntegralGreedyBidder object at 0x00000280FFA40470>,5,True,18,1.1240683238667308,6.0,6.0,0.5,0.42857142857142855,6.1,0.0,0.0,0,0.0,0.0,0.0,0.0,0.0,7.0,5.75,6.500285621297099,sim_input.json
47,1,0,<bidder.IntegralGreedyBidder object at 0x00000280FFA40470>,5,True,19,7.53314764909758,2.0,2.0,1,1,6.1,0.0,0.0,0,0.022556390977443608,0.0,0.0,0.022556390977443608,0.16992062366385519,7.0,5.75,6.500285621297099,sim_input.json
47,1,0,<bidder.IntegralGreedyBidder object at 0x00000280FFA40470>,5,True,20,5.682050372792104,0.0,1.0,1,1,6.1,0.0,0.0,0,0.045112781954887216,0.0,0.0,0.045112781954887216,0.2563330995244558,7.0,5.75,6.500285621297099,sim_input.json
47,1,0,<bidder.IntegralGreedyBidder object at 0x00000280FFA40470>,5,True,21,3.9064689749940946,1.0,1.0,1,1,6.1,0.0,0.0,0,0.045112781954887216,0.0,0.0,0.045112781954887216,0.17623168308244036,7.0,5.75,6.500285621297099,sim_input.json
47,1,0,<bidder.IntegralGreedyBidder object at 0x00000280FFA40470>,5,True,22,4.566546377988473,3.0,3.0,1,0.75,6.1,0.0,0.0,0,0.0,0.0,0.0,0.0,0.0,7.0,5.75,6.500285621297099,sim_input.json
47,1,0,<bidder.IntegralGreedyBidder object at 0x00000280FFA40470>,5,True,23,0.9258072951513721,1.0,3.0,1,1,6.1,0.0,1.0,1,1.0,1.0,1.0,1.0,0.9258072951513721,7.0,5.75,6.500285621297099,sim_input.json
47,1,0,<bidder.IntegralGreedyBidder object at 0x00000280FFA40470>,5,True,24,0.9364705880071014,2.0,4.0,0.75,1,6.1,0.0,0.0,0,0.0006265664160400979,0.0,0.0,0.0006265664160400979,0.0005867610200545726,7.0,5.75,6.500285621297099,sim_input.json
47,1,0,<bidder.IntegralGreedyBidder object at 0x00000280FFA40470>,5,True,25,6.175383469304375,0.0,1.0,1,1,6.1,0.0,0.0,0,0.045112781954887216,0.0,0.0,0.045112781954887216,0.2785887279385432,7.0,5.75,6.500285621297099,sim_input.json
47,1,0,<bidder.IntegralGreedyBidder object at 0x00000280FFA40470>,5,True,26,1.4765410374372685,0.0,1.0,1,1,6.1,0.0,0.0,0,0.045112781954887216,0.0,0.0,0.045112781954887216,0.06661087386935045,7.0,5.75,6.500285621297099,sim_input.json
47,1,0,<bidder.IntegralGreedyBidder object at 0x00000280FFA40470>,5,True,27,5.6512373002824035,0.0,0.0,1,1,6.1,0.0,0.0,0,0.06766917293233082,0.0,0.0,0.06766917293233082,0.3824145541544483,7.0,5.75,6.500285621297099,sim_input.json
47,1,0,<bidder.IntegralGreedyBidder object at 0x00000280FFA40470>,5,True,28,0.6072289426266817,3.0,3.0,1,1,6.1,1.0,1.0,1,1.0,1.0,1.0,1.0,0.6072289426266817,7.0,5.75,6.500285621297099,sim_input.json
47,1,0,<bidder.IntegralGreedyBidder object at 0x00000280FFA40470>,5,True,29,0.20756510208076884,1.0,2.0,1,1,6.1,1.0,1.0,1,1.0,1.0,1.0,1.0,0.20756510208076884,7.0,5.75,6.500285621297099,sim_input.json
47,1,0,<bidder.IntegralGreedyBidder object at 0x00000280FFA40470>,5,True,30,0.5807758003235093,3.0,4.0,0.75,1,6.1,1.0,1.0,1,0.75,0.75,0.75,0.75,0.43558185024263196,7.0,5.75,6.500285621297099,sim_input.json
47,1,0,<bidder.IntegralGreedyBidder object at 0x00000280FFA40470>,5,True,31,3.7539921814128077,3.0,3.0,1,0.75,6.1,0.0,0.0,0,0.0,0.0,0.0,0.0,0.0,7.0,5.75,6.500285621297099,sim_input.json
47,1,0,<bidder.IntegralGreedyBidder object at 0x00000280FFA40470>,5,True,32,0.6699161157667464,4.0,4.0,0.75,0.6,6.1,0.0,0.0,0,0.0,0.0,0.0,0.0,0.0,7.0,5.75,6.500285621297099,sim_input.json
47,1,0,<bidder.IntegralGreedyBidder object at 0x00000280FFA40470>,5,True,33,0.0,2.0,2.0,1,1,6.1,0.0,0.0,0,0.0,0.0,0.0,0.0,0.0,7.0,5.75,6.500285621297099,sim_input.json
47,1,0,<bidder.IntegralGreedyBidder object at 0x00000280FFA40470>,5,True,34,4.647040145707326,4.0,4.0,0.75,0.6,6.1,0.0,0.0,0,0.0006265664160400979,0.0,0.0,0.0006265664160400979,0.0029116792892902935,7.0,5.75,6.500285621297099,sim_input.json
47,1,0,<bidder.IntegralGreedyBidder object at 0x00000280FFA40470>,5,True,35,7.950926914239851,2.0,4.0,0.75,1,6.1,0.0,0.0,0,0.0,0.0,0.0,0.0,0.0,7.0,5.75,6.500285621297099,sim_input.json
47,1,0,<bidder.IntegralGreedyBidder object at 0x00000280FFA40470>,5,True,36,7.459477340143826,1.0,3.0,1,1,6.1,0.0,0.0,0,0.0,0.0,0.0,0.0,0.0,7.0,5.75,6.500285621297099,sim_input.json
47,1,0,<bidder.IntegralGreedyBidder object at 0x00000280FFA40470>,5,True,37,0.07174413530750723,6.0,6.0,0.5,0.5,6.1,1.0,1.0,1,0.5,0.5,0.5,0.5,0.035872067653753614,7.0,5.75,6.500285621297099,sim_input.json
47,1,0,<bidder.IntegralGreedyBidder object at 0x00000280FFA40470>,5,True,38,7.84138769731078,3.0,3.0,1,0.75,6.1,0.0,0.0,0,0.0,0.0,0.0,0.0,0.0,7.0,5.75,6.500285621297099,sim_input.json
47,1,0,<bidder.IntegralGreedyBidder object at 0x00000280FFA40470>,5,True,39,6.5278345893843115,2.0,3.0,1,1,6.1,0.0,0.0,0,0.0,0.0,0.0,0.0,0.0,7.0,5.75,6.500285621297099,sim_input.json
47,1,0,<bidder.IntegralGreedyBidder object at 0x00000280FFA40470>,5,True,40,1.868903540700209,2.0,4.0,0.75,1,6.1,0.0,0.0,0,0.0,0.0,0.0,0.0,0.0,7.0,5.75,6.500285621297099,sim_input.json
47,1,0,<bidder.IntegralGreedyBidder object at 0x00000280FFA40470>,5,True,41,5.802148773557635,1.0,1.0,1,1,6.1,0.0,0.0,0,0.045112781954887216,0.0,0.0,0.045112781954887216,0.26175107249132185,7.0,5.75,6.500285621297099,sim_input.json
47,1,0,<bidder.IntegralGreedyBidder object at 0x00000280FFA40470>,5,True,42,4.165462913760967,3.0,3.0,1,0.75,6.1,0.0,0.0,0,0.0008354218880534706,0.0,0.0,0.0008354218880534706,0.003479918892030898,7.0,5.75,6.500285621297099,sim_input.json
47,1,0,<bidder.IntegralGreedyBidder object at 0x00000280FFA40470>,5,True,43,7.836203455899966,4.0,4.0,0.75,0.6,6.1,0.0,0.0,0,0.0006265664160400979,0.0,0.0,0.0006265664160400979,0.0049099019147242715,7.0,5.75,6.500285621297099,sim_input.json
47,1,0,<bidder.IntegralGreedyBidder object at 0x00000280FFA40470>,5,True,44,0.8140080107956215,1.0,3.0,1,1,6.1,0.0,1.0,1,1.0,1.0,1.0,1.0,0.8140080107956215,7.0,5.75,6.500285621297099,sim_input.json
47,1,0,<bidder.IntegralGreedyBidder object at 0x00000280FFA40470>,5,True,45,5.976926182553732,1.0,1.0,1,1,6.1,0.0,0.0,0,0.045112781954887216,0.0,0.0,0.045112781954887216,0.26963576763400293,7.0,5.75,6.500285621297099,sim_input.json
47,1,0,<bidder.IntegralGreedyBidder object at 0x00000280FFA40470>,5,True,46,6.708591144122919,0.0,0.0,1,1,6.1,0.0,0.0,0,0.06766917293233082,0.0,0.0,0.06766917293233082,0.4539648142639569,7.0,5.75,6.500285621297099,sim_input.json
47,1,0,<bidder.IntegralGreedyBidder object at 0x00000280FFA40470>,5,True,47,6.862732664536702,3.0,4.0,0.75,0.75,6.1,0.0,0.0,0,0.0,0.0,0.0,0.0,0.0,7.0,5.75,6.500285621297099,sim_input.json
47,1,0,<bidder.IntegralGreedyBidder object at 0x00000280FFA40470>,5,True,48,6.474166071590236,2.0,2.0,1,1,6.1,0.0,0.0,0,0.023391812865497078,0.0,0.0,0.023391812865497078,0.15144248120678916,7.0,5.75,6.500285621297099,sim_input.json
47,1,0,<bidder.IntegralGreedyBidder object at 0x00000280FFA40470>,5,True,49,2.9185189517340486,2.0,3.0,1,1,6.1,0.0,0.0,0,0.0,0.0,0.0,0.0,0.0,7.0,5.75,6.500285621297099,sim_input.json
47,1,0,<bidder.IntegralGreedyBidder object at 0x00000280FFA40470>,5,True,50,7.528964491060475,0.0,0.0,1,1,6.1,0.0,0.0,0,0.06766917293233082,0.0,0.0,0.06766917293233082,0.5094788001469495,7.0,5.75,6.500285621297099,sim_input.json
47,1,0,<bidder.IntegralGreedyBidder object at 0x00000280FFA40470>,5,True,51,2.9249939971740844,4.0,4.0,0.75,0.6,6.1,0.0,0.0,0,0.0,0.0,0.0,0.0,0.0,7.0,5.75,6.500285621297099,sim_input.json
47,1,1,<bidder.IntegralGreedyBidder object at 0x0000028086D3F9B0>,5,True,0,0.6575057478488306,5.0,6.0,0.5,0.6,6.85,1.0,1.0,1,0.5,0.5,0.5,0.5,0.3287528739244153,8.0,6.25,5.1502213862760735,sim_input.json
47,1,1,<bidder.IntegralGreedyBidder object at 0x0000028086D3F9B0>,5,True,1,5.2000224004375335,1.0,1.0,1,1,6.85,0.0,0.0,0,0.015037593984962405,0.0,0.0,0.015037593984962405,0.07819582557048922,8.0,6.25,5.1502213862760735,sim_input.json
47,1,1,<bidder.IntegralGreedyBidder object at 0x0000028086D3F9B0>,5,True,2,1.17871012897366,4.0,4.0,0.75,0.6,6.85,0.0,0.0,0,0.0,0.0,0.0,0.0,0.0,8.0,6.25,5.1502213862760735,sim_input.json
47,1,1,<bidder.IntegralGreedyBidder object at 0x0000028086D3F9B0>,5,True,3,0.9777662818456491,3.0,3.0,1,0.75,6.85,0.0,0.0,0,0.0,0.0,0.0,0.0,0.0,8.0,6.25,5.1502213862760735,sim_input.json
47,1,1,<bidder.IntegralGreedyBidder object at 0x0000028086D3F9B0>,5,True,4,3.989235697366923,5.0,5.0,0.6,0.5,6.85,0.0,0.0,0,0.0,0.0,0.0,0.0,0.0,8.0,6.25,5.1502213862760735,sim_input.json
47,1,1,<bidder.IntegralGreedyBidder object at 0x0000028086D3F9B0>,5,True,5,5.102565209129395,3.0,3.0,1,0.75,6.85,0.0,0.0,0,0.0,0.0,0.0,0.0,0.0,8.0,6.25,5.1502213862760735,sim_input.json
47,1,1,<bidder.IntegralGreedyBidder object at 0x0000028086D3F9B0>,5,True,6,6.40959758082949,0.0,0.0,1,1,6.85,0.0,0.0,0,0.022556390977443608,0.0,0.0,0.022556390977443608,0.14457738904126669,8.0,6.25,5.1502213862760735,sim_input.json
47,1,1,<bidder.IntegralGreedyBidder object at 0x0000028086D3F9B0>,5,True,7,4.839341439659255,2.0,3.0,1,1,6.85,0.0,0.0,0,0.00027847396268449023,0.0,0.0,0.00027847396268449023,0.0013476305874851786,8.0,6.25,5.1502213862760735,sim_input.json
47,1,1,<bidder.IntegralGreedyBidder object at 0x0000028086D3F9B0>,5,True,8,7.601683711145476,1.0,2.0,1,1,6.85,0.0,0.0,0,0.0077972709551656924,0.0,0.0,0.0077972709551656924,0.05927238761127077,8.0,6.25,5.1502213862760735,sim_input.json
47,1,1,<bidder.IntegralGreedyBidder object at 0x0000028086D3F9B0>,5,True,9,0.268510241556113,4.0,4.0,0.75,0.75,6.85,1.0,1.0,1,0.75,0.75,0.75,0.75,0.20138268116708477,8.0,6.25,5.1502213862760735,sim_input.json
47,1,1,<bidder.IntegralGreedyBidder object at 0x0000028086D3F9B0>,5,True,10,1.4092108184134209,1.0,2.0,1,1,6.85,0.0,0.0,0,0.007518796992481203,0.0,0.0,0.007518796992481203,0.010595570063258803,8.0,6.25,5.1502213862760735,sim_input.json
47,1,1,<bidder.IntegralGreedyBidder object at 0x0000028086D3F9B0>,5,True,11,0.9488580586641294,1.0,2.0,1,1,6.85,0.0,1.0,1,1.0,1.0,1.0,1.0,0.9488580586641294,8.0,6.25,5.1502213862760735,sim_input.json
47,1,1,<bidder.IntegralGreedyBidder object at 0x0000028086D3F9B0>,5,True,12,5.278105336859403,3.0,3.0,1,0.75,6.85,0.0,0.0,0,0.0,0.0,0.0,0.0,0.0,8.0,6.25,5.1502213862760735,sim_input.json
47,1,1,<bidder.IntegralGreedyBidder object at 0x0000028086D3F9B0>,5,True,13,6.649402695398994,6.0,6.0,0.5,0.42857142857142855,6.85,0.0,0.0,0,0.00013923698134224512,0.0,0.0,0.00013923698134224512,0.000925842759036344,8.0,6.25,5.1502213862760735,sim_input.json
47,1,1,<bidder.IntegralGreedyBidder object at 0x0000028086D3F9B0>,5,True,14,4.369106829452829,3.0,3.0,1,0.75,6.85,0.0,0.0,0,0.0,0.0,0.0,0.0,0.0,8.0,6.25,5.1502213862760735,sim_input.json
47,1,1,<bidder.IntegralGreedyBidder object at 0x0000028086D3F9B0>,5,True,15,7.156052518555271,3.0,3.0,1,0.75,6.85,0.0,0.0,0,0.0,0.0,0.0,0.0,0.0,8.0,6.25,5.1502213862760735,sim_input.json
47,1,1,<bidder.IntegralGreedyBidder object at 0x0000028086D3F9B0>,5,True,16,3.3554711181286097,2.0,3.0,1,1,6.85,0.0,0.0,0,0.0,0.0,0.0,0.0,0.0,8.0,6.25,5.1502213862760735,sim_input.json
47,1,1,<bidder.IntegralGreedyBidder object at 0x0000028086D3F9B0>,5,True,17,1.2233566067373052,1.0,4.0,0.75,1,6.85,0.0,1.0,1,0.75,0.75,0.75,0.75,0.9175174550529789,8.0,6.25,5.1502213862760735,sim_input.json
47,1,1,<bidder.IntegralGreedyBidder object at 0x0000028086D3F9B0>,5,True,18,0.2798323299377907,6.0,6.0,0.5,0.5,6.85,1.0,1.0,1,0.5,0.5,0.5,0.5,0.13991616496889536,8.0,6.25,5.1502213862760735,sim_input.json
47,1,1,<bidder.IntegralGreedyBidder object at 0x0000028086D3F9B0>,5,True,19,4.833507476488093,2.0,2.0,1,1,6.85,0.0,0.0,0,0.007518796992481203,0.0,0.0,0.007518796992481203,0.036342161477354085,8.0,6.25,5.1502213862760735,sim_input.json
47,1,1,<bidder.IntegralGreedyBidder object at 0x0000028086D3F9B0>,5,True,20,5.249551678033292,0.0,1.0,1,1,6.85,0.0,0.0,0,0.015037593984962405,0.0,0.0,0.015037593984962405,0.07894062673734273,8.0,6.25,5.1502213862760735,sim_input.json
47,1,1,<bidder.IntegralGreedyBidder object at 0x0000028086D3F9B0>,5,True,21,7.089943252234851,1.0,1.0,1,1,6.85,0.0,0.0,0,0.015037593984962405,0.0,0.0,0.015037593984962405,0.10661568800353158,8.0,6.25,5.1502213862760735,sim_input.json
47,1,1,<bidder.IntegralGreedyBidder object at 0x0000028086D3F9B0>,5,True,22,0.5995949761430923,3.0,3.0,1,1,6.85,1.0,1.0,1,1.0,1.0,1.0,1.0,0.5995949761430923,8.0,6.25,5.1502213862760735,sim_input.json
47,1,1,<bidder.IntegralGreedyBidder object at 0x0000028086D3F9B0>,5,True,23,5.300902595137463,1.0,3.0,1,1,6.85,0.0,0.0,0,0.0,0.0,0.0,0.0,0.0,8.0,6.25,5.1502213862760735,sim_input.json
47,1,1,<bidder.IntegralGreedyBidder object at 0x0000028086D3F9B0>,5,True,24,5.040931535589814,2.0,4.0,0.75,1,6.85,0.0,0.0,0,0.000208855472013366,0.0,0.0,0.000208855472013366,0.0010528261352526725,8.0,6.25,5.1502213862760735,sim_input.json
47,1,1,<bidder.IntegralGreedyBidder object at 0x0000028086D3F9B0>,5,True,25,4.830813096039857,0.0,1.0,1,1,6.85,0.0,0.0,0,0.015037593984962405,0.0,0.0,0.015037593984962405,0.07264380595548657,8.0,6.25,5.1502213862760735,sim_input.json
47,1,1,<bidder.IntegralGreedyBidder object at 0x0000028086D3F9B0>,5,True,26,4.682908887360497,0.0,1.0,1,1,6.85,0.0,0.0,0,0.015037593984962405,0.0,0.0,0.015037593984962405,0.07041968251669921,8.0,6.25,5.1502213862760735,sim_input.json
47,1,1,<bidder.IntegralGreedyBidder object at 0x0000028086D3F9B0>,5,True,27,2.4322850068261985,0.0,0.0,1,1,6.85,0.0,0.0,0,0.022556390977443608,0.0,0.0,0.022556390977443608,0.05486357158254583,8.0,6.25,5.1502213862760735,sim_input.json
47,1,1,<bidder.IntegralGreedyBidder object at 0x0000028086D3F9B0>,5,True,28,0.11795869413191562,3.0,3.0,1,1,6.85,1.0,1.0,1,1.0,1.0,1.0,1.0,0.11795869413191562,8.0,6.25,5.1502213862760735,sim_input.json
47,1,1,<bidder.IntegralGreedyBidder object at 0x0000028086D3F9B0>,5,True,29,1.6634714905431562,1.0,2.0,1,1,6.85,0.0,0.0,0,0.007518796992481203,0.0,0.0,0.007518796992481203,0.012507304440174106,8.0,6.25,5.1502213862760735,sim_input.json
47,1,1,<bidder.IntegralGreedyBidder object at 0x0000028086D3F9B0>,5,True,30,5.017933348306916,3.0,4.0,0.75,0.75,6.85,0.0,0.0,0,0.0,0.0,0.0,0.0,0.0,8.0,6.25,5.1502213862760735,sim_input.json
47,1,1,<bidder.IntegralGreedyBidder object at 0x0000028086D3F9B0>,5,True,31,2.441631260418172,3.0,3.0,1,0.75,6.85,0.0,0.0,0,0.0,0.0,0.0,0.0,0.0,8.0,6.25,5.1502213862760735,sim_input.json
47,1,1,<bidder.IntegralGreedyBidder object at 0x0000028086D3F9B0>,5,True,32,6.0412207485307095,4.0,4.0,0.75,0.6,6.85,0.0,0.0,0,0.0,0.0,0.0,0.0,0.0,8.0,6.25,5.1502213862760735,sim_input.json
47,1,1,<bidder.IntegralGreedyBidder object at 0x0000028086D3F9B0>,5,True,33,3.2992885128576237,2.0,2.0,1,1,6.85,0.0,0.0,0,0.007518796992481203,0.0,0.0,0.007518796992481203,0.02480668054780168,8.0,6.25,5.1502213862760735,sim_input.json
47,1,1,<bidder.IntegralGreedyBidder object at 0x0000028086D3F9B0>,5,True,34,0.0,4.0,4.0,0.75,0.6,6.85,0.0,0.0,0,0.0,0.0,0.0,0.0,0.0,8.0,6.25,5.1502213862760735,sim_input.json
47,1,1,<bidder.IntegralGreedyBidder object at 0x0000028086D3F9B0>,5,True,35,3.903307294819018,2.0,4.0,0.75,1,6.85,0.0,0.0,0,0.0,0.0,0.0,0.0,0.0,8.0,6.25,5.1502213862760735,sim_input.json
47,1,1,<bidder.IntegralGreedyBidder object at 0x0000028086D3F9B0>,5,True,36,1.5609661350212996,1.0,3.0,1,1,6.85,0.0,0.0,0,0.0,0.0,0.0,0.0,0.0,8.0,6.25,5.1502213862760735,sim_input.json
47,1,1,<bidder.IntegralGreedyBidder object at 0x0000028086D3F9B0>,5,True,37,7.857223288372322,6.0,6.0,0.5,0.42857142857142855,6.85,0.0,0.0,0,0.0,0.0,0.0,0.0,0.0,8.0,6.25,5.1502213862760735,sim_input.json
47,1,1,<bidder.IntegralGreedyBidder object at 0x0000028086D3F9B0>,5,True,38,4.216588338667611,3.0,3.0,1,0.75,6.85,0.0,0.0,0,0.0,0.0,0.0,0.0,0.0,8.0,6.25,5.1502213862760735,sim_input.json
47,1,1,<bidder.IntegralGreedyBidder object at 0x0000028086D3F9B0>,5,True,39,7.872234257446798,2.0,3.0,1,1,6.85,0.0,0.0,0,0.0,0.0,0.0,0.0,0.0,8.0,6.25,5.1502213862760735,sim_input.json
47,1,1,<bidder.IntegralGreedyBidder object at 0x0000028086D3F9B0>,5,True,40,0.9774441952486184,2.0,4.0,0.75,1,6.85,0.0,1.0,1,0.75,0.75,0.75,0.75,0.7330831464364638,8.0,6.25,5.1502213862760735,sim_input.json
47,1,1,<bidder.IntegralGreedyBidder object at 0x0000028086D3F9B0>,5,True,41,6.58458421617252,1.0,1.0,1,1,6.85,0.0,0.0,0,0.015037593984962405,0.0,0.0,0.015037593984962405,0.09901630400259429,8.0,6.25,5.1502213862760735,sim_input.json
47,1,1,<bidder.IntegralGreedyBidder object at 0x0000028086D3F9B0>,5,True,42,4.826936213892162,3.0,3.0,1,0.75,6.85,0.0,0.0,0,0.00027847396268449023,0.0,0.0,0.00027847396268449023,0.0013441760551078203,8.0,6.25,5.1502213862760735,sim_input.json
47,1,1,<bidder.IntegralGreedyBidder object at 0x0000028086D3F9B0>,5,True,43,2.754073533004644,4.0,4.0,0.75,0.6,6.85,0.0,0.0,0,0.000208855472013366,0.0,0.0,0.000208855472013366,0.0005752033276952035,8.0,6.25,5.1502213862760735,sim_input.json
47,1,1,<bidder.IntegralGreedyBidder object at 0x0000028086D3F9B0>,5,True,44,6.036024093542144,1.0,3.0,1,1,6.85,0.0,0.0,0,0.0,0.0,0.0,0.0,0.0,8.0,6.25,5.1502213862760735,sim_input.json
47,1,1,<bidder.IntegralGreedyBidder object at 0x0000028086D3F9B0>,5,True,45,2.420916884235319,1.0,1.0,1,1,6.85,0.0,0.0,0,0.015037593984962405,0.0,0.0,0.015037593984962405,0.036404765176470955,8.0,6.25,5.1502213862760735,sim_input.json
47,1,1,<bidder.IntegralGreedyBidder object at 0x0000028086D3F9B0>,5,True,46,4.613448907515634,0.0,0.0,1,1,6.85,0.0,0.0,0,0.022556390977443608,0.0,0.0,0.022556390977443608,0.10406275731238272,8.0,6.25,5.1502213862760735,sim_input.json
47,1,1,<bidder.IntegralGreedyBidder object at 0x0000028086D3F9B0>,5,True,47,2.6721318116013535,3.0,4.0,0.75,0.75,6.85,0.0,0.0,0,0.0,0.0,0.0,0.0,0.0,8.0,6.25,5.1502213862760735,sim_input.json
47,1,1,<bidder.IntegralGreedyBidder object at 0x0000028086D3F9B0>,5,True,48,7.850237254865233,2.0,2.0,1,1,6.85,0.0,0.0,0,0.0077972709551656924,0.0,0.0,0.0077972709551656924,0.061210426938520336,8.0,6.25,5.1502213862760735,sim_input.json
47,1,1,<bidder.IntegralGreedyBidder object at 0x0000028086D3F9B0>,5,True,49,4.079458528264674,2.0,3.0,1,1,6.85,0.0,0.0,0,0.0,0.0,0.0,0.0,0.0,8.0,6.25,5.1502213862760735,sim_input.json
47,1,1,<bidder.IntegralGreedyBidder object at 0x0000028086D3F9B0>,5,True,50,4.76302747424308,0.0,0.0,1,1,6.85,0.0,0.0,0,0.022556390977443608,0.0,0.0,0.022556390977443608,0.10743670994533262,8.0,6.25,5.1502213862760735,sim_input.json
47,1,1,<bidder.IntegralGreedyBidder object at 0x0000028086D3F9B0>,5,True,51,7.8802531805707865,4.0,4.0,0.75,0.6,6.85,0.0,0.0,0,0.0,0.0,0.0,0.0,0.0,8.0,6.25,5.1502213862760735,sim_input.json
47,1,2,<bidder.UniformBidder object at 0x0000028086D3F6D8>,5,True,0,3.4874982891958286,5.0,6.0,0.5,0.5,4.25,0.0,0.0,0,0.0,0.0,0.0,0.0,0.0,5.0,4.25,14.663792873484075,sim_input.json
47,1,2,<bidder.UniformBidder object at 0x0000028086D3F6D8>,5,True,1,6.200198268438893,1.0,1.0,1,1,4.25,0.0,0.0,0,0.13533834586466165,0.0,0.0,0.13533834586466165,0.8391245776834592,5.0,4.25,14.663792873484075,sim_input.json
47,1,2,<bidder.UniformBidder object at 0x0000028086D3F6D8>,5,True,2,0.9815633010536252,4.0,4.0,0.75,0.75,4.25,1.0,1.0,1,0.75,0.75,0.75,0.75,0.7361724757902189,5.0,4.25,14.663792873484075,sim_input.json
47,1,2,<bidder.UniformBidder object at 0x0000028086D3F6D8>,5,True,3,4.013055990741604,3.0,3.0,1,0.75,4.25,0.0,0.0,0,0.0,0.0,0.0,0.0,0.0,5.0,4.25,14.663792873484075,sim_input.json
47,1,2,<bidder.UniformBidder object at 0x0000028086D3F6D8>,5,True,4,6.46153401755921,5.0,5.0,0.6,0.5,4.25,0.0,0.0,0,0.0,0.0,0.0,0.0,0.0,5.0,4.25,14.663792873484075,sim_input.json
47,1,2,<bidder.UniformBidder object at 0x0000028086D3F6D8>,5,True,5,6.75520722480911,3.0,3.0,1,0.75,4.25,0.0,0.0,0,0.0,0.0,0.0,0.0,0.0,5.0,4.25,14.663792873484075,sim_input.json
47,1,2,<bidder.UniformBidder object at 0x0000028086D3F6D8>,5,True,6,6.340124428520772,0.0,0.0,1,1,4.25,0.0,0.0,0,0.20300751879699247,0.0,0.0,0.20300751879699247,1.2870929290982018,5.0,4.25,14.663792873484075,sim_input.json
47,1,2,<bidder.UniformBidder object at 0x0000028086D3F6D8>,5,True,7,1.5312366807868287,2.0,3.0,1,1,4.25,0.0,0.0,0,0.002506265664160412,0.0,0.0,0.002506265664160412,0.0038376859167589864,5.0,4.25,14.663792873484075,sim_input.json
47,1,2,<bidder.UniformBidder object at 0x0000028086D3F6D8>,5,True,8,4.331717761866408,1.0,2.0,1,1,4.25,0.0,0.0,0,0.07017543859649124,0.0,0.0,0.07017543859649124,0.30398019381518654,5.0,4.25,14.663792873484075,sim_input.json
47,1,2,<bidder.UniformBidder object at 0x0000028086D3F6D8>,5,True,9,2.755797751770463,4.0,4.0,0.75,0.6,4.25,0.0,0.0,0,0.0,0.0,0.0,0.0,0.0,5.0,4.25,14.663792873484075,sim_input.json
47,1,2,<bidder.UniformBidder object at 0x0000028086D3F6D8>,5,True,10,3.7449188230411927,1.0,2.0,1,1,4.25,0.0,0.0,0,0.06766917293233082,0.0,0.0,0.06766917293233082,0.2534155594539153,5.0,4.25,14.663792873484075,sim_input.json
47,1,2,<bidder.UniformBidder object at 0x0000028086D3F6D8>,5,True,11,5.922362804052556,1.0,2.0,1,1,4.25,0.0,0.0,0,0.06766917293233082,0.0,0.0,0.06766917293233082,0.4007613927554361,5.0,4.25,14.663792873484075,sim_input.json
47,1,2,<bidder.UniformBidder object at 0x0000028086D3F6D8>,5,True,12,0.9179070526887595,3.0,3.0,1,1,4.25,1.0,1.0,1,1.0,1.0,1.0,1.0,0.9179070526887595,5.0,4.25,14.663792873484075,sim_input.json
47,1,2,<bidder.UniformBidder object at 0x0000028086D3F6D8>,5,True,13,0.0,6.0,6.0,0.5,0.42857142857142855,4.25,0.0,0.0,0,0.0,0.0,0.0,0.0,0.0,5.0,4.25,14.663792873484075,sim_input.json
47,1,2,<bidder.UniformBidder object at 0x0000028086D3F6D8>,5,True,14,1.3599052607005282,3.0,3.0,1,1,4.25,1.0,1.0,1,1.0,1.0,1.0,1.0,1.3599052607005282,5.0,4.25,14.663792873484075,sim_input.json
47,1,2,<bidder.UniformBidder object at 0x0000028086D3F6D8>,5,True,15,0.4130229953056712,3.0,3.0,1,1,4.25,1.0,1.0,1,1.0,1.0,1.0,1.0,0.4130229953056712,5.0,4.25,14.663792873484075,sim_input.json
47,1,2,<bidder.UniformBidder object at 0x0000028086D3F6D8>,5,True,16,0.0,2.0,3.0,1,1,4.25,0.0,0.0,0,0.0,0.0,0.0,0.0,0.0,5.0,4.25,14.663792873484075,sim_input.json
47,1,2,<bidder.UniformBidder object at 0x0000028086D3F6D8>,5,True,17,0.0,1.0,4.0,0.75,1,4.25,0.0,0.0,0,0.0,0.0,0.0,0.0,0.0,5.0,4.25,14.663792873484075,sim_input.json
47,1,2,<bidder.UniformBidder object at 0x0000028086D3F6D8>,5,True,18,4.870140196816825,6.0,6.0,0.5,0.42857142857142855,4.25,0.0,0.0,0,0.0,0.0,0.0,0.0,0.0,5.0,4.25,14.663792873484075,sim_input.json
47,1,2,<bidder.UniformBidder object at 0x0000028086D3F6D8>,5,True,19,2.3262699573745804,2.0,2.0,1,1,4.25,0.0,0.0,0,0.06766917293233082,0.0,0.0,0.06766917293233082,0.15741676403286634,5.0,4.25,14.663792873484075,sim_input.json
47,1,2,<bidder.UniformBidder object at 0x0000028086D3F6D8>,5,True,20,7.078765081773668,0.0,1.0,1,1,4.25,0.0,0.0,0,0.13533834586466165,0.0,0.0,0.13533834586466165,0.9580283569317745,5.0,4.25,14.663792873484075,sim_input.json
47,1,2,<bidder.UniformBidder object at 0x0000028086D3F6D8>,5,True,21,0.0,1.0,1.0,1,1,4.25,0.0,0.0,0,0.0,0.0,0.0,0.0,0.0,5.0,4.25,14.663792873484075,sim_input.json
47,1,2,<bidder.UniformBidder object at 0x0000028086D3F6D8>,5,True,22,3.1077588974646453,3.0,3.0,1,0.75,4.25,0.0,0.0,0,0.0,0.0,0.0,0.0,0.0,5.0,4.25,14.663792873484075,sim_input.json
47,1,2,<bidder.UniformBidder object at 0x0000028086D3F6D8>,5,True,23,4.688056072305459,1.0,3.0,1,1,4.25,0.0,0.0,0,0.0,0.0,0.0,0.0,0.0,5.0,4.25,14.663792873484075,sim_input.json
47,1,2,<bidder.UniformBidder object at 0x0000028086D3F6D8>,5,True,24,2.587217450304631,2.0,4.0,0.75,1,4.25,0.0,0.0,0,0.001879699248120294,0.0,0.0,0.001879699248120294,0.004863190696061319,5.0,4.25,14.663792873484075,sim_input.json
47,1,2,<bidder.UniformBidder object at 0x0000028086D3F6D8>,5,True,25,3.577294882586507,0.0,1.0,1,1,4.25,0.0,0.0,0,0.13533834586466165,0.0,0.0,0.13533834586466165,0.4841451720793769,5.0,4.25,14.663792873484075,sim_input.json
47,1,2,<bidder.UniformBidder object at 0x0000028086D3F6D8>,5,True,26,4.803994172886424,0.0,1.0,1,1,4.25,0.0,0.0,0,0.13533834586466165,0.0,0.0,0.13533834586466165,0.650164624901922,5.0,4.25,14.663792873484075,sim_input.json
47,1,2,<bidder.UniformBidder object at 0x0000028086D3F6D8>,5,True,27,4.897451455416844,0.0,0.0,1,1,4.25,0.0,0.0,0,0.20300751879699247,0.0,0.0,0.20300751879699247,0.9942194683928931,5.0,4.25,14.663792873484075,sim_input.json
47,1,2,<bidder.UniformBidder object at 0x0000028086D3F6D8>,5,True,28,5.596859274167985,3.0,3.0,1,0.75,4.25,0.0,0.0,0,0.0,0.0,0.0,0.0,0.0,5.0,4.25,14.663792873484075,sim_input.json
47,1,2,<bidder.UniformBidder object at 0x0000028086D3F6D8>,5,True,29,3.7692676022440406,1.0,2.0,1,1,4.25,0.0,0.0,0,0.06766917293233082,0.0,0.0,0.06766917293233082,0.25506322120448394,5.0,4.25,14.663792873484075,sim_input.json
47,1,2,<bidder.UniformBidder object at 0x0000028086D3F6D8>,5,True,30,2.6501441684518126,3.0,4.0,0.75,0.75,4.25,0.0,0.0,0,0.0,0.0,0.0,0.0,0.0,5.0,4.25,14.663792873484075,sim_input.json
47,1,2,<bidder.UniformBidder object at 0x0000028086D3F6D8>,5,True,31,7.668105912575628,3.0,3.0,1,0.75,4.25,0.0,0.0,0,0.0,0.0,0.0,0.0,0.0,5.0,4.25,14.663792873484075,sim_input.json
47,1,2,<bidder.UniformBidder object at 0x0000028086D3F6D8>,5,True,32,0.0,4.0,4.0,0.75,0.6,4.25,0.0,0.0,0,0.0,0.0,0.0,0.0,0.0,5.0,4.25,14.663792873484075,sim_input.json
47,1,2,<bidder.UniformBidder object at 0x0000028086D3F6D8>,5,True,33,4.565751132868371,2.0,2.0,1,1,4.25,0.0,0.0,0,0.06766917293233082,0.0,0.0,0.06766917293233082,0.30896060297605515,5.0,4.25,14.663792873484075,sim_input.json
47,1,2,<bidder.UniformBidder object at 0x0000028086D3F6D8>,5,True,34,2.1147999733090757,4.0,4.0,0.75,0.6,4.25,0.0,0.0,0,0.001879699248120294,0.0,0.0,0.001879699248120294,0.0039751879197538875,5.0,4.25,14.663792873484075,sim_input.json
47,1,2,<bidder.UniformBidder object at 0x0000028086D3F6D8>,5,True,35,3.2948360114408697,2.0,4.0,0.75,1,4.25,0.0,0.0,0,0.0,0.0,0.0,0.0,0.0,5.0,4.25,14.663792873484075,sim_input.json
47,1,2,<bidder.UniformBidder object at 0x0000028086D3F6D8>,5,True,36,3.0280799436529966,1.0,3.0,1,1,4.25,0.0,0.0,0,0.0,0.0,0.0,0.0,0.0,5.0,4.25,14.663792873484075,sim_input.json
47,1,2,<bidder.UniformBidder object at 0x0000028086D3F6D8>,5,True,37,1.233474395553126,6.0,6.0,0.5,0.5,4.25,1.0,1.0,1,0.5,0.5,0.5,0.5,0.616737197776563,5.0,4.25,14.663792873484075,sim_input.json
47,1,2,<bidder.UniformBidder object at 0x0000028086D3F6D8>,5,True,38,7.247012743739594,3.0,3.0,1,0.75,4.25,0.0,0.0,0,0.0,0.0,0.0,0.0,0.0,5.0,4.25,14.663792873484075,sim_input.json
47,1,2,<bidder.UniformBidder object at 0x0000028086D3F6D8>,5,True,39,3.2189910966877715,2.0,3.0,1,1,4.25,0.0,0.0,0,0.0,0.0,0.0,0.0,0.0,5.0,4.25,14.663792873484075,sim_input.json
47,1,2,<bidder.UniformBidder object at 0x0000028086D3F6D8>,5,True,40,7.753218136342371,2.0,4.0,0.75,1,4.25,0.0,0.0,0,0.0,0.0,0.0,0.0,0.0,5.0,4.25,14.663792873484075,sim_input.json
47,1,2,<bidder.UniformBidder object at 0x0000028086D3F6D8>,5,True,41,4.7997916176644075,1.0,1.0,1,1,4.25,0.0,0.0,0,0.13533834586466165,0.0,0.0,0.13533834586466165,0.6495958580297694,5.0,4.25,14.663792873484075,sim_input.json
47,1,2,<bidder.UniformBidder object at 0x0000028086D3F6D8>,5,True,42,7.434272576113679,3.0,3.0,1,0.75,4.25,0.0,0.0,0,0.002506265664160412,0.0,0.0,0.002506265664160412,0.01863226209552309,5.0,4.25,14.663792873484075,sim_input.json
47,1,2,<bidder.UniformBidder object at 0x0000028086D3F6D8>,5,True,43,5.141859802136029,4.0,4.0,0.75,0.6,4.25,0.0,0.0,0,0.001879699248120294,0.0,0.0,0.001879699248120294,0.009665150004015056,5.0,4.25,14.663792873484075,sim_input.json
47,1,2,<bidder.UniformBidder object at 0x0000028086D3F6D8>,5,True,44,6.713578911349173,1.0,3.0,1,1,4.25,0.0,0.0,0,0.0,0.0,0.0,0.0,0.0,5.0,4.25,14.663792873484075,sim_input.json
47,1,2,<bidder.UniformBidder object at 0x0000028086D3F6D8>,5,True,45,7.9565744021401414,1.0,1.0,1,1,4.25,0.0,0.0,0,0.13533834586466165,0.0,0.0,0.13533834586466165,1.0768296183347559,5.0,4.25,14.663792873484075,sim_input.json
47,1,2,<bidder.UniformBidder object at 0x0000028086D3F6D8>,5,True,46,1.994479138355957,0.0,0.0,1,1,4.25,0.0,0.0,0,0.20300751879699247,0.0,0.0,0.20300751879699247,0.40489426117000626,5.0,4.25,14.663792873484075,sim_input.json
47,1,2,<bidder.UniformBidder object at 0x0000028086D3F6D8>,5,True,47,7.14282567874152,3.0,4.0,0.75,0.75,4.25,0.0,0.0,0,0.0,0.0,0.0,0.0,0.0,5.0,4.25,14.663792873484075,sim_input.json
47,1,2,<bidder.UniformBidder object at 0x0000028086D3F6D8>,5,True,48,5.74540850294712,2.0,2.0,1,1,4.25,0.0,0.0,0,0.07017543859649124,0.0,0.0,0.07017543859649124,0.40318656161032423,5.0,4.25,14.663792873484075,sim_input.json
47,1,2,<bidder.UniformBidder object at 0x0000028086D3F6D8>,5,True,49,1.4684277214453978,2.0,3.0,1,1,4.25,0.0,0.0,0,0.0,0.0,0.0,0.0,0.0,5.0,4.25,14.663792873484075,sim_input.json
47,1,2,<bidder.UniformBidder object at 0x0000028086D3F6D8>,5,True,50,5.675628464145661,0.0,0.0,1,1,4.25,0.0,0.0,0,0.20300751879699247,0.0,0.0,0.20300751879699247,1.1521952521197958,5.0,4.25,14.663792873484075,sim_input.json
47,1,2,<bidder.UniformBidder object at 0x0000028086D3F6D8>,5,True,51,1.6087138493134163,4.0,4.0,0.75,0.6,4.25,0.0,0.0,0,0.0,0.0,0.0,0.0,0.0,5.0,4.25,14.663792873484075,sim_input.json
47,1,3,<bidder.IntegralGreedyBidder object at 0x0000028086D3FC88>,5,True,0,6.741544306571647,5.0,6.0,0.5,0.5,6.5,0.0,0.0,0,0.0,0.0,0.0,0.0,0.0,7.0,5.75,2.3954221734153487,sim_input.json
47,1,3,<bidder.IntegralGreedyBidder object at 0x0000028086D3FC88>,5,True,1,0.0,1.0,1.0,1,1,6.5,0.0,0.0,0,0.0,0.0,0.0,0.0,0.0,7.0,5.75,2.3954221734153487,sim_input.json
47,1,3,<bidder.IntegralGreedyBidder object at 0x0000028086D3FC88>,5,True,2,0.032981919666189574,4.0,4.0,0.75,0.75,6.5,1.0,1.0,1,0.75,0.75,0.75,0.75,0.02473643974964218,7.0,5.75,2.3954221734153487,sim_input.json
47,1,3,<bidder.IntegralGreedyBidder object at 0x0000028086D3FC88>,5,True,3,0.3876883648082703,3.0,3.0,1,0.75,6.5,0.0,0.0,0,0.0,0.0,0.0,0.0,0.0,7.0,5.75,2.3954221734153487,sim_input.json
47,1,3,<bidder.IntegralGreedyBidder object at 0x0000028086D3FC88>,5,True,4,3.7673283637432733,5.0,5.0,0.6,0.5,6.5,0.0,0.0,0,0.0,0.0,0.0,0.0,0.0,7.0,5.75,2.3954221734153487,sim_input.json
47,1,3,<bidder.IntegralGreedyBidder object at 0x0000028086D3FC88>,5,True,5,7.236949648384954,3.0,3.0,1,0.75,6.5,0.0,0.0,0,0.0,0.0,0.0,0.0,0.0,7.0,5.75,2.3954221734153487,sim_input.json
47,1,3,<bidder.IntegralGreedyBidder object at 0x0000028086D3FC88>,5,True,6,0.7835421863396062,0.0,0.0,1,1,6.5,0.0,0.0,0,0.06766917293233082,0.0,0.0,0.06766917293233082,0.05302165170719139,7.0,5.75,2.3954221734153487,sim_input.json
47,1,3,<bidder.IntegralGreedyBidder object at 0x0000028086D3FC88>,5,True,7,2.757388239325172,2.0,3.0,1,1,6.5,0.0,0.0,0,0.0008354218880534706,0.0,0.0,0.0008354218880534706,0.00230358248899347,7.0,5.75,2.3954221734153487,sim_input.json
47,1,3,<bidder.IntegralGreedyBidder object at 0x0000028086D3FC88>,5,True,8,1.3595409024040297,1.0,2.0,1,1,6.5,0.0,0.0,0,0.023391812865497078,0.0,0.0,0.023391812865497078,0.03180212637202409,7.0,5.75,2.3954221734153487,sim_input.json
47,1,3,<bidder.IntegralGreedyBidder object at 0x0000028086D3FC88>,5,True,9,0.0,4.0,4.0,0.75,0.6,6.5,0.0,0.0,0,0.0,0.0,0.0,0.0,0.0,7.0,5.75,2.3954221734153487,sim_input.json
47,1,3,<bidder.IntegralGreedyBidder object at 0x0000028086D3FC88>,5,True,10,3.0550869345204603,1.0,2.0,1,1,6.5,0.0,0.0,0,0.022556390977443608,0.0,0.0,0.022556390977443608,0.06891173536512316,7.0,5.75,2.3954221734153487,sim_input.json
47,1,3,<bidder.IntegralGreedyBidder object at 0x0000028086D3FC88>,5,True,11,1.267588713003254,1.0,2.0,1,1,6.5,0.0,0.0,0,0.022556390977443608,0.0,0.0,0.022556390977443608,0.028592226609095953,7.0,5.75,2.3954221734153487,sim_input.json
47,1,3,<bidder.IntegralGreedyBidder object at 0x0000028086D3FC88>,5,True,12,5.921359754191728,3.0,3.0,1,0.75,6.5,0.0,0.0,0,0.0,0.0,0.0,0.0,0.0,7.0,5.75,2.3954221734153487,sim_input.json
47,1,3,<bidder.IntegralGreedyBidder object at 0x0000028086D3FC88>,5,True,13,0.0,6.0,6.0,0.5,0.42857142857142855,6.5,0.0,0.0,0,0.0,0.0,0.0,0.0,0.0,7.0,5.75,2.3954221734153487,sim_input.json
47,1,3,<bidder.IntegralGreedyBidder object at 0x0000028086D3FC88>,5,True,14,0.0,3.0,3.0,1,0.75,6.5,0.0,0.0,0,0.0,0.0,0.0,0.0,0.0,7.0,5.75,2.3954221734153487,sim_input.json
47,1,3,<bidder.IntegralGreedyBidder object at 0x0000028086D3FC88>,5,True,15,2.4664964029247605,3.0,3.0,1,0.75,6.5,0.0,0.0,0,0.0,0.0,0.0,0.0,0.0,7.0,5.75,2.3954221734153487,sim_input.json
47,1,3,<bidder.IntegralGreedyBidder object at 0x0000028086D3FC88>,5,True,16,0.0,2.0,3.0,1,1,6.5,0.0,0.0,0,0.0,0.0,0.0,0.0,0.0,7.0,5.75,2.3954221734153487,sim_input.json
47,1,3,<bidder.IntegralGreedyBidder object at 0x0000028086D3FC88>,5,True,17,1.932963352706536,1.0,4.0,0.75,1,6.5,0.0,0.0,0,0.0,0.0,0.0,0.0,0.0,7.0,5.75,2.3954221734153487,sim_input.json
47,1,3,<bidder.IntegralGreedyBidder object at 0x0000028086D3FC88>,5,True,18,1.66755228940045,6.0,6.0,0.5,0.42857142857142855,6.5,0.0,0.0,0,0.0,0.0,0.0,0.0,0.0,7.0,5.75,2.3954221734153487,sim_input.json
47,1,3,<bidder.IntegralGreedyBidder object at 0x0000028086D3FC88>,5,True,19,5.242637312218198,2.0,2.0,1,1,6.5,0.0,0.0,0,0.022556390977443608,0.0,0.0,0.022556390977443608,0.11825497696732777,7.0,5.75,2.3954221734153487,sim_input.json
47,1,3,<bidder.IntegralGreedyBidder object at 0x0000028086D3FC88>,5,True,20,2.1094139100803098,0.0,1.0,1,1,6.5,0.0,0.0,0,0.045112781954887216,0.0,0.0,0.045112781954887216,0.09516152977805908,7.0,5.75,2.3954221734153487,sim_input.json
47,1,3,<bidder.IntegralGreedyBidder object at 0x0000028086D3FC88>,5,True,21,2.971048807038738,1.0,1.0,1,1,6.5,0.0,0.0,0,0.045112781954887216,0.0,0.0,0.045112781954887216,0.13403227700926637,7.0,5.75,2.3954221734153487,sim_input.json
47,1,3,<bidder.IntegralGreedyBidder object at 0x0000028086D3FC88>,5,True,22,4.4743523189334145,3.0,3.0,1,0.75,6.5,0.0,0.0,0,0.0,0.0,0.0,0.0,0.0,7.0,5.75,2.3954221734153487,sim_input.json
47,1,3,<bidder.IntegralGreedyBidder object at 0x0000028086D3FC88>,5,True,23,7.508557250965324,1.0,3.0,1,1,6.5,0.0,0.0,0,0.0,0.0,0.0,0.0,0.0,7.0,5.75,2.3954221734153487,sim_input.json
47,1,3,<bidder.IntegralGreedyBidder object at 0x0000028086D3FC88>,5,True,24,0.0,2.0,4.0,0.75,1,6.5,0.0,0.0,0,0.0,0.0,0.0,0.0,0.0,7.0,5.75,2.3954221734153487,sim_input.json
47,1,3,<bidder.IntegralGreedyBidder object at 0x0000028086D3FC88>,5,True,25,0.5017013674776616,0.0,1.0,1,1,6.5,0.0,0.0,0,0.045112781954887216,0.0,0.0,0.045112781954887216,0.02263314439748849,7.0,5.75,2.3954221734153487,sim_input.json
47,1,3,<bidder.IntegralGreedyBidder object at 0x0000028086D3FC88>,5,True,26,0.0,0.0,1.0,1,1,6.5,0.0,0.0,0,0.0,0.0,0.0,0.0,0.0,7.0,5.75,2.3954221734153487,sim_input.json
47,1,3,<bidder.IntegralGreedyBidder object at 0x0000028086D3FC88>,5,True,27,0.0,0.0,0.0,1,1,6.5,0.0,0.0,0,0.0,0.0,0.0,0.0,0.0,7.0,5.75,2.3954221734153487,sim_input.json
47,1,3,<bidder.IntegralGreedyBidder object at 0x0000028086D3FC88>,5,True,28,0.0,3.0,3.0,1,0.75,6.5,0.0,0.0,0,0.0,0.0,0.0,0.0,0.0,7.0,5.75,2.3954221734153487,sim_input.json
47,1,3,<bidder.IntegralGreedyBidder object at 0x0000028086D3FC88>,5,True,29,0.0,1.0,2.0,1,1,6.5,0.0,0.0,0,0.0,0.0,0.0,0.0,0.0,7.0,5.75,2.3954221734153487,sim_input.json
47,1,3,<bidder.IntegralGreedyBidder object at 0x0000028086D3FC88>,5,True,30,0.0,3.0,4.0,0.75,0.75,6.5,0.0,0.0,0,0.0,0.0,0.0,0.0,0.0,7.0,5.75,2.3954221734153487,sim_input.json
47,1,3,<bidder.IntegralGreedyBidder object at 0x0000028086D3FC88>,5,True,31,1.189447714047669,3.0,3.0,1,0.75,6.5,0.0,0.0,0,0.0,0.0,0.0,0.0,0.0,7.0,5.75,2.3954221734153487,sim_input.json
47,1,3,<bidder.IntegralGreedyBidder object at 0x0000028086D3FC88>,5,True,32,0.11731771725792361,4.0,4.0,0.75,0.75,6.5,1.0,1.0,1,0.75,0.75,0.75,0.75,0.08798828794344271,7.0,5.75,2.3954221734153487,sim_input.json
47,1,3,<bidder.IntegralGreedyBidder object at 0x0000028086D3FC88>,5,True,33,7.672344500198829,2.0,2.0,1,1,6.5,0.0,0.0,0,0.022556390977443608,0.0,0.0,0.022556390977443608,0.17306040226012395,7.0,5.75,2.3954221734153487,sim_input.json
47,1,3,<bidder.IntegralGreedyBidder object at 0x0000028086D3FC88>,5,True,34,3.1879966558546418,4.0,4.0,0.75,0.6,6.5,0.0,0.0,0,0.0006265664160400979,0.0,0.0,0.0006265664160400979,0.00199749163900666,7.0,5.75,2.3954221734153487,sim_input.json
47,1,3,<bidder.IntegralGreedyBidder object at 0x0000028086D3FC88>,5,True,35,0.32878322821187234,2.0,4.0,0.75,1,6.5,0.0,1.0,1,0.75,0.75,0.75,0.75,0.24658742115890425,7.0,5.75,2.3954221734153487,sim_input.json
47,1,3,<bidder.IntegralGreedyBidder object at 0x0000028086D3FC88>,5,True,36,0.4998254028064625,1.0,3.0,1,1,6.5,0.0,1.0,1,1.0,1.0,1.0,1.0,0.4998254028064625,7.0,5.75,2.3954221734153487,sim_input.json
47,1,3,<bidder.IntegralGreedyBidder object at 0x0000028086D3FC88>,5,True,37,0.8681535692194006,6.0,6.0,0.5,0.42857142857142855,6.5,0.0,0.0,0,0.0,0.0,0.0,0.0,0.0,7.0,5.75,2.3954221734153487,sim_input.json
47,1,3,<bidder.IntegralGreedyBidder object at 0x0000028086D3FC88>,5,True,38,0.07976082140304619,3.0,3.0,1,1,6.5,1.0,1.0,1,1.0,1.0,1.0,1.0,0.07976082140304619,7.0,5.75,2.3954221734153487,sim_input.json
47,1,3,<bidder.IntegralGreedyBidder object at 0x0000028086D3FC88>,5,True,39,6.18171099785614,2.0,3.0,1,1,6.5,0.0,0.0,0,0.0,0.0,0.0,0.0,0.0,7.0,5.75,2.3954221734153487,sim_input.json
47,1,3,<bidder.IntegralGreedyBidder object at 0x0000028086D3FC88>,5,True,40,0.05923762623039952,2.0,4.0,0.75,1,6.5,1.0,1.0,1,0.75,0.75,0.75,0.75,0.04442821967279964,7.0,5.75,2.3954221734153487,sim_input.json
47,1,3,<bidder.IntegralGreedyBidder object at 0x0000028086D3FC88>,5,True,41,1.7843369206448703,1.0,1.0,1,1,6.5,0.0,0.0,0,0.045112781954887216,0.0,0.0,0.045112781954887216,0.08049640243510693,7.0,5.75,2.3954221734153487,sim_input.json
47,1,3,<bidder.IntegralGreedyBidder object at 0x0000028086D3FC88>,5,True,42,0.7300464727525946,3.0,3.0,1,0.75,6.5,0.0,0.0,0,0.0008354218880534706,0.0,0.0,0.0008354218880534706,0.0006098968026337491,7.0,5.75,2.3954221734153487,sim_input.json
47,1,3,<bidder.IntegralGreedyBidder object at 0x0000028086D3FC88>,5,True,43,1.5990269179440897,4.0,4.0,0.75,0.6,6.5,0.0,0.0,0,0.0006265664160400979,0.0,0.0,0.0006265664160400979,0.001001896565127872,7.0,5.75,2.3954221734153487,sim_input.json
47,1,3,<bidder.IntegralGreedyBidder object at 0x0000028086D3FC88>,5,True,44,4.076616432543953,1.0,3.0,1,1,6.5,0.0,0.0,0,0.0,0.0,0.0,0.0,0.0,7.0,5.75,2.3954221734153487,sim_input.json
47,1,3,<bidder.IntegralGreedyBidder object at 0x0000028086D3FC88>,5,True,45,7.014439044162069,1.0,1.0,1,1,6.5,0.0,0.0,0,0.045112781954887216,0.0,0.0,0.045112781954887216,0.3164408591351309,7.0,5.75,2.3954221734153487,sim_input.json
47,1,3,<bidder.IntegralGreedyBidder object at 0x0000028086D3FC88>,5,True,46,1.4990991577913115,0.0,0.0,1,1,6.5,0.0,0.0,0,0.06766917293233082,0.0,0.0,0.06766917293233082,0.10144280015129176,7.0,5.75,2.3954221734153487,sim_input.json
47,1,3,<bidder.IntegralGreedyBidder object at 0x0000028086D3FC88>,5,True,47,0.0813707857926178,3.0,4.0,0.75,1,6.5,1.0,1.0,1,0.75,0.75,0.75,0.75,0.061028089344463354,7.0,5.75,2.3954221734153487,sim_input.json
47,1,3,<bidder.IntegralGreedyBidder object at 0x0000028086D3FC88>,5,True,48,3.329135984266615,2.0,2.0,1,1,6.5,0.0,0.0,0,0.023391812865497078,0.0,0.0,0.023391812865497078,0.07787452594775708,7.0,5.75,2.3954221734153487,sim_input.json
47,1,3,<bidder.IntegralGreedyBidder object at 0x0000028086D3FC88>,5,True,49,1.135540128143338,2.0,3.0,1,1,6.5,0.0,0.0,0,0.0,0.0,0.0,0.0,0.0,7.0,5.75,2.3954221734153487,sim_input.json
47,1,3,<bidder.IntegralGreedyBidder object at 0x0000028086D3FC88>,5,True,50,0.6417983820974061,0.0,0.0,1,1,6.5,0.0,0.0,0,0.06766917293233082,0.0,0.0,0.06766917293233082,0.04342996570583951,7.0,5.75,2.3954221734153487,sim_input.json
47,1,3,<bidder.IntegralGreedyBidder object at 0x0000028086D3FC88>,5,True,51,1.7518865437856985,4.0,4.0,0.75,0.6,6.5,0.0,0.0,0,0.0,0.0,0.0,0.0,0.0,7.0,5.75,2.3954221734153487,sim_input.json
47,1,4,<bidder.IntegralGreedyBidder object at 0x0000028086D3FC18>,5,True,0,1.0135057376175625,5.0,6.0,0.5,0.5,5.35,0.0,1.0,1,0.5,0.5,0.5,0.5,0.5067528688087812,7.0,5.35,9.383332212479111,sim_input.json
47,1,4,<bidder.IntegralGreedyBidder object at 0x0000028086D3FC18>,5,True,1,5.850381682740632,1.0,1.0,1,1,5.35,0.0,0.0,0,0.0691729323308271,0.0,0.0,0.0691729323308271,0.40468805624972803,7.0,5.35,9.383332212479111,sim_input.json
47,1,4,<bidder.IntegralGreedyBidder object at 0x0000028086D3FC18>,5,True,2,1.548459233296428,4.0,4.0,0.75,0.6,5.35,0.0,0.0,0,0.0,0.0,0.0,0.0,0.0,7.0,5.35,9.383332212479111,sim_input.json
47,1,4,<bidder.IntegralGreedyBidder object at 0x0000028086D3FC18>,5,True,3,7.814663968939427,3.0,3.0,1,0.75,5.35,0.0,0.0,0,0.0,0.0,0.0,0.0,0.0,7.0,5.35,9.383332212479111,sim_input.json
47,1,4,<bidder.IntegralGreedyBidder object at 0x0000028086D3FC18>,5,True,4,0.13977371206374045,5.0,5.0,0.6,0.6,5.35,1.0,1.0,1,0.6,0.6,0.6,0.6,0.08386422723824427,7.0,5.35,9.383332212479111,sim_input.json
47,1,4,<bidder.IntegralGreedyBidder object at 0x0000028086D3FC18>,5,True,5,0.6281092382274119,3.0,3.0,1,1,5.35,1.0,1.0,1,1.0,1.0,1.0,1.0,0.6281092382274119,7.0,5.35,9.383332212479111,sim_input.json
47,1,4,<bidder.IntegralGreedyBidder object at 0x0000028086D3FC18>,5,True,6,4.636728561910443,0.0,0.0,1,1,5.35,0.0,0.0,0,0.10375939849624063,0.0,0.0,0.10375939849624063,0.48110416657416644,7.0,5.35,9.383332212479111,sim_input.json
47,1,4,<bidder.IntegralGreedyBidder object at 0x0000028086D3FC18>,5,True,7,4.865264114947292,2.0,3.0,1,1,5.35,0.0,0.0,0,0.0012809802283486557,0.0,0.0,0.0012809802283486557,0.006232307136941703,7.0,5.35,9.383332212479111,sim_input.json
47,1,4,<bidder.IntegralGreedyBidder object at 0x0000028086D3FC18>,5,True,8,2.656699629470654,1.0,2.0,1,1,5.35,0.0,0.0,0,0.0358674463937622,0.0,0.0,0.0358674463937622,0.09528903154436658,7.0,5.35,9.383332212479111,sim_input.json
47,1,4,<bidder.IntegralGreedyBidder object at 0x0000028086D3FC18>,5,True,9,7.4749301932613585,4.0,4.0,0.75,0.6,5.35,0.0,0.0,0,0.0,0.0,0.0,0.0,0.0,7.0,5.35,9.383332212479111,sim_input.json
47,1,4,<bidder.IntegralGreedyBidder object at 0x0000028086D3FC18>,5,True,10,0.7943379889738635,1.0,2.0,1,1,5.35,1.0,1.0,1,1.0,1.0,1.0,1.0,0.7943379889738635,7.0,5.35,9.383332212479111,sim_input.json
47,1,4,<bidder.IntegralGreedyBidder object at 0x0000028086D3FC18>,5,True,11,2.754086332821963,1.0,2.0,1,1,5.35,0.0,0.0,0,0.03458646616541355,0.0,0.0,0.03458646616541355,0.0952541137667747,7.0,5.35,9.383332212479111,sim_input.json
47,1,4,<bidder.IntegralGreedyBidder object at 0x0000028086D3FC18>,5,True,12,2.1746852372898733,3.0,3.0,1,0.75,5.35,0.0,0.0,0,0.0,0.0,0.0,0.0,0.0,7.0,5.35,9.383332212479111,sim_input.json
47,1,4,<bidder.IntegralGreedyBidder object at 0x0000028086D3FC18>,5,True,13,6.561020108527495,6.0,6.0,0.5,0.42857142857142855,5.35,0.0,0.0,0,0.0006404901141743278,0.0,0.0,0.0006404901141743278,0.004202268518410835,7.0,5.35,9.383332212479111,sim_input.json
47,1,4,<bidder.IntegralGreedyBidder object at 0x0000028086D3FC18>,5,True,14,2.643292972546533,3.0,3.0,1,0.75,5.35,0.0,0.0,0,0.0,0.0,0.0,0.0,0.0,7.0,5.35,9.383332212479111,sim_input.json
47,1,4,<bidder.IntegralGreedyBidder object at 0x0000028086D3FC18>,5,True,15,6.418369464729285,3.0,3.0,1,0.75,5.35,0.0,0.0,0,0.0,0.0,0.0,0.0,0.0,7.0,5.35,9.383332212479111,sim_input.json
47,1,4,<bidder.IntegralGreedyBidder object at 0x0000028086D3FC18>,5,True,16,1.1419718812212252,2.0,3.0,1,1,5.35,0.0,1.0,1,1.0,1.0,1.0,1.0,1.1419718812212252,7.0,5.35,9.383332212479111,sim_input.json
47,1,4,<bidder.IntegralGreedyBidder object at 0x0000028086D3FC18>,5,True,17,3.167515695247708,1.0,4.0,0.75,1,5.35,0.0,0.0,0,0.0,0.0,0.0,0.0,0.0,7.0,5.35,9.383332212479111,sim_input.json
47,1,4,<bidder.IntegralGreedyBidder object at 0x0000028086D3FC18>,5,True,18,0.18690109386217035,6.0,6.0,0.5,0.5,5.35,1.0,1.0,1,0.5,0.5,0.5,0.5,0.09345054693108518,7.0,5.35,9.383332212479111,sim_input.json
47,1,4,<bidder.IntegralGreedyBidder object at 0x0000028086D3FC18>,5,True,19,6.393240997340507,2.0,2.0,1,1,5.35,0.0,0.0,0,0.03458646616541355,0.0,0.0,0.03458646616541355,0.2211196134418522,7.0,5.35,9.383332212479111,sim_input.json
47,1,4,<bidder.IntegralGreedyBidder object at 0x0000028086D3FC18>,5,True,20,6.954076575259914,0.0,1.0,1,1,5.35,0.0,0.0,0,0.0691729323308271,0.0,0.0,0.0691729323308271,0.4810338683638439,7.0,5.35,9.383332212479111,sim_input.json
47,1,4,<bidder.IntegralGreedyBidder object at 0x0000028086D3FC18>,5,True,21,2.2358821598848087,1.0,1.0,1,1,5.35,0.0,0.0,0,0.0691729323308271,0.0,0.0,0.0691729323308271,0.15466252534541539,7.0,5.35,9.383332212479111,sim_input.json
47,1,4,<bidder.IntegralGreedyBidder object at 0x0000028086D3FC18>,5,True,22,1.6558041015218743,3.0,3.0,1,0.75,5.35,0.0,0.0,0,0.0,0.0,0.0,0.0,0.0,7.0,5.35,9.383332212479111,sim_input.json
47,1,4,<bidder.IntegralGreedyBidder object at 0x0000028086D3FC18>,5,True,23,5.858794660851899,1.0,3.0,1,1,5.35,0.0,0.0,0,0.0,0.0,0.0,0.0,0.0,7.0,5.35,9.383332212479111,sim_input.json
47,1,4,<bidder.IntegralGreedyBidder object at 0x0000028086D3FC18>,5,True,24,2.8153860855088597,2.0,4.0,0.75,1,5.35,0.0,0.0,0,0.000960735171261484,0.0,0.0,0.000960735171261484,0.0027048404330285536,7.0,5.35,9.383332212479111,sim_input.json
47,1,4,<bidder.IntegralGreedyBidder object at 0x0000028086D3FC18>,5,True,25,4.8512376611201296,0.0,1.0,1,1,5.35,0.0,0.0,0,0.0691729323308271,0.0,0.0,0.0691729323308271,0.3355743344534226,7.0,5.35,9.383332212479111,sim_input.json
47,1,4,<bidder.IntegralGreedyBidder object at 0x0000028086D3FC18>,5,True,26,5.243695618972653,0.0,1.0,1,1,5.35,0.0,0.0,0,0.0691729323308271,0.0,0.0,0.0691729323308271,0.36272180221464984,7.0,5.35,9.383332212479111,sim_input.json
47,1,4,<bidder.IntegralGreedyBidder object at 0x0000028086D3FC18>,5,True,27,2.9320149071084463,0.0,0.0,1,1,5.35,0.0,0.0,0,0.10375939849624063,0.0,0.0,0.10375939849624063,0.3042241031435832,7.0,5.35,9.383332212479111,sim_input.json
47,1,4,<bidder.IntegralGreedyBidder object at 0x0000028086D3FC18>,5,True,28,2.7548681425444075,3.0,3.0,1,0.75,5.35,0.0,0.0,0,0.0,0.0,0.0,0.0,0.0,7.0,5.35,9.383332212479111,sim_input.json
47,1,4,<bidder.IntegralGreedyBidder object at 0x0000028086D3FC18>,5,True,29,7.081413686691462,1.0,2.0,1,1,5.35,0.0,0.0,0,0.03458646616541355,0.0,0.0,0.03458646616541355,0.24492107487805068,7.0,5.35,9.383332212479111,sim_input.json
47,1,4,<bidder.IntegralGreedyBidder object at 0x0000028086D3FC18>,5,True,30,2.5607042941407734,3.0,4.0,0.75,0.75,5.35,0.0,0.0,0,0.0,0.0,0.0,0.0,0.0,7.0,5.35,9.383332212479111,sim_input.json
47,1,4,<bidder.IntegralGreedyBidder object at 0x0000028086D3FC18>,5,True,31,2.4314870508931516,3.0,3.0,1,0.75,5.35,0.0,0.0,0,0.0,0.0,0.0,0.0,0.0,7.0,5.35,9.383332212479111,sim_input.json
47,1,4,<bidder.IntegralGreedyBidder object at 0x0000028086D3FC18>,5,True,32,1.904593736409363,4.0,4.0,0.75,0.6,5.35,0.0,0.0,0,0.0,0.0,0.0,0.0,0.0,7.0,5.35,9.383332212479111,sim_input.json
47,1,4,<bidder.IntegralGreedyBidder object at 0x0000028086D3FC18>,5,True,33,5.37007259264627,2.0,2.0,1,1,5.35,0.0,0.0,0,0.03458646616541355,0.0,0.0,0.03458646616541355,0.18573183403137483,7.0,5.35,9.383332212479111,sim_input.json
47,1,4,<bidder.IntegralGreedyBidder object at 0x0000028086D3FC18>,5,True,34,3.218045110988003,4.0,4.0,0.75,0.6,5.35,0.0,0.0,0,0.000960735171261484,0.0,0.0,0.000960735171261484,0.0030916891208322404,7.0,5.35,9.383332212479111,sim_input.json
47,1,4,<bidder.IntegralGreedyBidder object at 0x0000028086D3FC18>,5,True,35,2.9336809804496182,2.0,4.0,0.75,1,5.35,0.0,0.0,0,0.0,0.0,0.0,0.0,0.0,7.0,5.35,9.383332212479111,sim_input.json
47,1,4,<bidder.IntegralGreedyBidder object at 0x0000028086D3FC18>,5,True,36,2.2510355140447142,1.0,3.0,1,1,5.35,0.0,0.0,0,0.0,0.0,0.0,0.0,0.0,7.0,5.35,9.383332212479111,sim_input.json
47,1,4,<bidder.IntegralGreedyBidder object at 0x0000028086D3FC18>,5,True,37,5.838284291507506,6.0,6.0,0.5,0.42857142857142855,5.35,0.0,0.0,0,0.0,0.0,0.0,0.0,0.0,7.0,5.35,9.383332212479111,sim_input.json
47,1,4,<bidder.IntegralGreedyBidder object at 0x0000028086D3FC18>,5,True,38,6.48898320614098,3.0,3.0,1,0.75,5.35,0.0,0.0,0,0.0,0.0,0.0,0.0,0.0,7.0,5.35,9.383332212479111,sim_input.json
47,1,4,<bidder.IntegralGreedyBidder object at 0x0000028086D3FC18>,5,True,39,3.7153282775882426,2.0,3.0,1,1,5.35,0.0,0.0,0,0.0,0.0,0.0,0.0,0.0,7.0,5.35,9.383332212479111,sim_input.json
47,1,4,<bidder.IntegralGreedyBidder object at 0x0000028086D3FC18>,5,True,40,7.744860470938704,2.0,4.0,0.75,1,5.35,0.0,0.0,0,0.0,0.0,0.0,0.0,0.0,7.0,5.35,9.383332212479111,sim_input.json
47,1,4,<bidder.IntegralGreedyBidder object at 0x0000028086D3FC18>,5,True,41,7.10387395394767,1.0,1.0,1,1,5.35,0.0,0.0,0,0.0691729323308271,0.0,0.0,0.0691729323308271,0.4913957923031473,7.0,5.35,9.383332212479111,sim_input.json
47,1,4,<bidder.IntegralGreedyBidder object at 0x0000028086D3FC18>,5,True,42,7.231438964259559,3.0,3.0,1,0.75,5.35,0.0,0.0,0,0.0012809802283486557,0.0,0.0,0.0012809802283486557,0.009263330335726575,7.0,5.35,9.383332212479111,sim_input.json
47,1,4,<bidder.IntegralGreedyBidder object at 0x0000028086D3FC18>,5,True,43,5.951084944240083,4.0,4.0,0.75,0.6,5.35,0.0,0.0,0,0.000960735171261484,0.0,0.0,0.000960735171261484,0.005717416613096136,7.0,5.35,9.383332212479111,sim_input.json
47,1,4,<bidder.IntegralGreedyBidder object at 0x0000028086D3FC18>,5,True,44,5.399200740117754,1.0,3.0,1,1,5.35,0.0,0.0,0,0.0,0.0,0.0,0.0,0.0,7.0,5.35,9.383332212479111,sim_input.json
47,1,4,<bidder.IntegralGreedyBidder object at 0x0000028086D3FC18>,5,True,45,4.8634449998191895,1.0,1.0,1,1,5.35,0.0,0.0,0,0.0691729323308271,0.0,0.0,0.0691729323308271,0.33641875186719217,7.0,5.35,9.383332212479111,sim_input.json
47,1,4,<bidder.IntegralGreedyBidder object at 0x0000028086D3FC18>,5,True,46,4.8511827475052085,0.0,0.0,1,1,5.35,0.0,0.0,0,0.10375939849624063,0.0,0.0,0.10375939849624063,0.5033558038764805,7.0,5.35,9.383332212479111,sim_input.json
47,1,4,<bidder.IntegralGreedyBidder object at 0x0000028086D3FC18>,5,True,47,1.6553284617285122,3.0,4.0,0.75,0.75,5.35,0.0,0.0,0,0.0,0.0,0.0,0.0,0.0,7.0,5.35,9.383332212479111,sim_input.json
47,1,4,<bidder.IntegralGreedyBidder object at 0x0000028086D3FC18>,5,True,48,6.592341936800601,2.0,2.0,1,1,5.35,0.0,0.0,0,0.0358674463937622,0.0,0.0,0.0358674463937622,0.23645047102754604,7.0,5.35,9.383332212479111,sim_input.json
47,1,4,<bidder.IntegralGreedyBidder object at 0x0000028086D3FC18>,5,True,49,3.638223897560707,2.0,3.0,1,1,5.35,0.0,0.0,0,0.0,0.0,0.0,0.0,0.0,7.0,5.35,9.383332212479111,sim_input.json
47,1,4,<bidder.IntegralGreedyBidder object at 0x0000028086D3FC18>,5,True,50,7.294821838878862,0.0,0.0,1,1,5.35,0.0,0.0,0,0.10375939849624063,0.0,0.0,0.10375939849624063,0.7569063261393107,7.0,5.35,9.383332212479111,sim_input.json
47,1,4,<bidder.IntegralGreedyBidder object at 0x0000028086D3FC18>,5,True,51,0.5503759195994135,4.0,4.0,0.75,0.75,5.35,1.0,1.0,1,0.75,0.75,0.75,0.75,0.4127819396995601,7.0,5.35,9.383332212479111,sim_input.json
47,1,5,<bidder.UniformBidder object at 0x0000028086D3F4A8>,5,True,0,0.18368193926799636,5.0,6.0,0.5,0.6,4.1,1.0,1.0,1,0.5,0.5,0.5,0.5,0.09184096963399818,5.0,3.75,14.094736389432196,sim_input.json
47,1,5,<bidder.UniformBidder object at 0x0000028086D3F4A8>,5,True,1,5.265467012804321,1.0,1.0,1,1,4.1,0.0,0.0,0,0.16541353383458646,0.0,0.0,0.16541353383458646,0.8709795058774065,5.0,3.75,14.094736389432196,sim_input.json
47,1,5,<bidder.UniformBidder object at 0x0000028086D3F4A8>,5,True,2,1.6521816394467908,4.0,4.0,0.75,0.6,4.1,0.0,0.0,0,0.0,0.0,0.0,0.0,0.0,5.0,3.75,14.094736389432196,sim_input.json
47,1,5,<bidder.UniformBidder object at 0x0000028086D3F4A8>,5,True,3,1.8984128859514506,3.0,3.0,1,0.75,4.1,0.0,0.0,0,0.0,0.0,0.0,0.0,0.0,5.0,3.75,14.094736389432196,sim_input.json
47,1,5,<bidder.UniformBidder object at 0x0000028086D3F4A8>,5,True,4,1.5928006711185954,5.0,5.0,0.6,0.5,4.1,0.0,0.0,0,0.0,0.0,0.0,0.0,0.0,5.0,3.75,14.094736389432196,sim_input.json
47,1,5,<bidder.UniformBidder object at 0x0000028086D3F4A8>,5,True,5,4.910524642025561,3.0,3.0,1,0.75,4.1,0.0,0.0,0,0.0,0.0,0.0,0.0,0.0,5.0,3.75,14.094736389432196,sim_input.json
47,1,5,<bidder.UniformBidder object at 0x0000028086D3F4A8>,5,True,6,5.851221219861574,0.0,0.0,1,1,4.1,0.0,0.0,0,0.24812030075187969,0.0,0.0,0.24812030075187969,1.451806768837834,5.0,3.75,14.094736389432196,sim_input.json
47,1,5,<bidder.UniformBidder object at 0x0000028086D3F4A8>,5,True,7,2.425461708816071,2.0,3.0,1,1,4.1,0.0,0.0,0,0.0030632135895293923,0.0,0.0,0.0030632135895293923,0.0074297072673285705,5.0,3.75,14.094736389432196,sim_input.json
47,1,5,<bidder.UniformBidder object at 0x0000028086D3F4A8>,5,True,8,0.3917863648925538,1.0,2.0,1,1,4.1,1.0,1.0,1,1.0,1.0,1.0,1.0,0.3917863648925538,5.0,3.75,14.094736389432196,sim_input.json
47,1,5,<bidder.UniformBidder object at 0x0000028086D3F4A8>,5,True,9,0.9732976995381614,4.0,4.0,0.75,0.6,4.1,0.0,0.0,0,0.0,0.0,0.0,0.0,0.0,5.0,3.75,14.094736389432196,sim_input.json
47,1,5,<bidder.UniformBidder object at 0x0000028086D3F4A8>,5,True,10,4.502108511790775,1.0,2.0,1,1,4.1,0.0,0.0,0,0.08270676691729323,0.0,0.0,0.08270676691729323,0.3723548393210415,5.0,3.75,14.094736389432196,sim_input.json
47,1,5,<bidder.UniformBidder object at 0x0000028086D3F4A8>,5,True,11,6.501752943670571,1.0,2.0,1,1,4.1,0.0,0.0,0,0.08270676691729323,0.0,0.0,0.08270676691729323,0.5377389652659871,5.0,3.75,14.094736389432196,sim_input.json
47,1,5,<bidder.UniformBidder object at 0x0000028086D3F4A8>,5,True,12,5.693742696449023,3.0,3.0,1,0.75,4.1,0.0,0.0,0,0.0,0.0,0.0,0.0,0.0,5.0,3.75,14.094736389432196,sim_input.json
47,1,5,<bidder.UniformBidder object at 0x0000028086D3F4A8>,5,True,13,4.612054077377796,6.0,6.0,0.5,0.42857142857142855,4.1,0.0,0.0,0,0.0015316067947646961,0.0,0.0,0.0015316067947646961,0.007063853362734055,5.0,3.75,14.094736389432196,sim_input.json
47,1,5,<bidder.UniformBidder object at 0x0000028086D3F4A8>,5,True,14,6.885860304604163,3.0,3.0,1,0.75,4.1,0.0,0.0,0,0.0,0.0,0.0,0.0,0.0,5.0,3.75,14.094736389432196,sim_input.json
47,1,5,<bidder.UniformBidder object at 0x0000028086D3F4A8>,5,True,15,3.163271739340688,3.0,3.0,1,0.75,4.1,0.0,0.0,0,0.0,0.0,0.0,0.0,0.0,5.0,3.75,14.094736389432196,sim_input.json
47,1,5,<bidder.UniformBidder object at 0x0000028086D3F4A8>,5,True,16,6.073940278733316,2.0,3.0,1,1,4.1,0.0,0.0,0,0.0,0.0,0.0,0.0,0.0,5.0,3.75,14.094736389432196,sim_input.json
47,1,5,<bidder.UniformBidder object at 0x0000028086D3F4A8>,5,True,17,0.8631078181268228,1.0,4.0,0.75,1,4.1,0.0,0.0,0,0.0,0.0,0.0,0.0,0.0,5.0,3.75,14.094736389432196,sim_input.json
47,1,5,<bidder.UniformBidder object at 0x0000028086D3F4A8>,5,True,18,4.565711890652305,6.0,6.0,0.5,0.42857142857142855,4.1,0.0,0.0,0,0.0,0.0,0.0,0.0,0.0,5.0,3.75,14.094736389432196,sim_input.json
47,1,5,<bidder.UniformBidder object at 0x0000028086D3F4A8>,5,True,19,1.770169100842498,2.0,2.0,1,1,4.1,0.0,0.0,0,0.08270676691729323,0.0,0.0,0.08270676691729323,0.146404963227575,5.0,3.75,14.094736389432196,sim_input.json
47,1,5,<bidder.UniformBidder object at 0x0000028086D3F4A8>,5,True,20,2.9082035739053516,0.0,1.0,1,1,4.1,0.0,0.0,0,0.16541353383458646,0.0,0.0,0.16541353383458646,0.4810562302700581,5.0,3.75,14.094736389432196,sim_input.json
47,1,5,<bidder.UniformBidder object at 0x0000028086D3F4A8>,5,True,21,6.1801628805591955,1.0,1.0,1,1,4.1,0.0,0.0,0,0.16541353383458646,0.0,0.0,0.16541353383458646,1.022282581746634,5.0,3.75,14.094736389432196,sim_input.json
47,1,5,<bidder.UniformBidder object at 0x0000028086D3F4A8>,5,True,22,1.9585843281420683,3.0,3.0,1,0.75,4.1,0.0,0.0,0,0.0,0.0,0.0,0.0,0.0,5.0,3.75,14.094736389432196,sim_input.json
47,1,5,<bidder.UniformBidder object at 0x0000028086D3F4A8>,5,True,23,2.186930655782076,1.0,3.0,1,1,4.1,0.0,0.0,0,0.0,0.0,0.0,0.0,0.0,5.0,3.75,14.094736389432196,sim_input.json
47,1,5,<bidder.UniformBidder object at 0x0000028086D3F4A8>,5,True,24,0.6889675214134975,2.0,4.0,0.75,1,4.1,1.0,1.0,1,0.752297410192147,0.75,0.75,0.752297410192147,0.5183084820658768,5.0,3.75,14.094736389432196,sim_input.json
47,1,5,<bidder.UniformBidder object at 0x0000028086D3F4A8>,5,True,25,5.4120826711437955,0.0,1.0,1,1,4.1,0.0,0.0,0,0.16541353383458646,0.0,0.0,0.16541353383458646,0.8952317200388232,5.0,3.75,14.094736389432196,sim_input.json
47,1,5,<bidder.UniformBidder object at 0x0000028086D3F4A8>,5,True,26,2.3932979734301014,0.0,1.0,1,1,4.1,0.0,0.0,0,0.16541353383458646,0.0,0.0,0.16541353383458646,0.3958838753042273,5.0,3.75,14.094736389432196,sim_input.json
47,1,5,<bidder.UniformBidder object at 0x0000028086D3F4A8>,5,True,27,3.190986983065244,0.0,0.0,1,1,4.1,0.0,0.0,0,0.24812030075187969,0.0,0.0,0.24812030075187969,0.7917486499334816,5.0,3.75,14.094736389432196,sim_input.json
47,1,5,<bidder.UniformBidder object at 0x0000028086D3F4A8>,5,True,28,1.071064716752674,3.0,3.0,1,0.75,4.1,0.0,0.0,0,0.0,0.0,0.0,0.0,0.0,5.0,3.75,14.094736389432196,sim_input.json
47,1,5,<bidder.UniformBidder object at 0x0000028086D3F4A8>,5,True,29,2.8096323635982143,1.0,2.0,1,1,4.1,0.0,0.0,0,0.08270676691729323,0.0,0.0,0.08270676691729323,0.23237560901940119,5.0,3.75,14.094736389432196,sim_input.json
47,1,5,<bidder.UniformBidder object at 0x0000028086D3F4A8>,5,True,30,3.1358007272200465,3.0,4.0,0.75,0.75,4.1,0.0,0.0,0,0.0,0.0,0.0,0.0,0.0,5.0,3.75,14.094736389432196,sim_input.json
47,1,5,<bidder.UniformBidder object at 0x0000028086D3F4A8>,5,True,31,4.567337008594841,3.0,3.0,1,0.75,4.1,0.0,0.0,0,0.0,0.0,0.0,0.0,0.0,5.0,3.75,14.094736389432196,sim_input.json
47,1,5,<bidder.UniformBidder object at 0x0000028086D3F4A8>,5,True,32,4.016941760336675,4.0,4.0,0.75,0.6,4.1,0.0,0.0,0,0.0,0.0,0.0,0.0,0.0,5.0,3.75,14.094736389432196,sim_input.json
47,1,5,<bidder.UniformBidder object at 0x0000028086D3F4A8>,5,True,33,3.5932248959184614,2.0,2.0,1,1,4.1,0.0,0.0,0,0.08270676691729323,0.0,0.0,0.08270676691729323,0.2971840139481434,5.0,3.75,14.094736389432196,sim_input.json
47,1,5,<bidder.UniformBidder object at 0x0000028086D3F4A8>,5,True,34,1.2950435601295696,4.0,4.0,0.75,0.6,4.1,0.0,0.0,0,0.002297410192147026,0.0,0.0,0.002297410192147026,0.002975246274316043,5.0,3.75,14.094736389432196,sim_input.json
47,1,5,<bidder.UniformBidder object at 0x0000028086D3F4A8>,5,True,35,7.575054604078642,2.0,4.0,0.75,1,4.1,0.0,0.0,0,0.0,0.0,0.0,0.0,0.0,5.0,3.75,14.094736389432196,sim_input.json
47,1,5,<bidder.UniformBidder object at 0x0000028086D3F4A8>,5,True,36,4.087782218974354,1.0,3.0,1,1,4.1,0.0,0.0,0,0.0,0.0,0.0,0.0,0.0,5.0,3.75,14.094736389432196,sim_input.json
47,1,5,<bidder.UniformBidder object at 0x0000028086D3F4A8>,5,True,37,0.6180527959613906,6.0,6.0,0.5,0.5,4.1,1.0,1.0,1,0.5,0.5,0.5,0.5,0.3090263979806953,5.0,3.75,14.094736389432196,sim_input.json
47,1,5,<bidder.UniformBidder object at 0x0000028086D3F4A8>,5,True,38,6.13689495791064,3.0,3.0,1,0.75,4.1,0.0,0.0,0,0.0,0.0,0.0,0.0,0.0,5.0,3.75,14.094736389432196,sim_input.json
47,1,5,<bidder.UniformBidder object at 0x0000028086D3F4A8>,5,True,39,1.3509383186214396,2.0,3.0,1,1,4.1,0.0,0.0,0,0.0,0.0,0.0,0.0,0.0,5.0,3.75,14.094736389432196,sim_input.json
47,1,5,<bidder.UniformBidder object at 0x0000028086D3F4A8>,5,True,40,4.68706292024865,2.0,4.0,0.75,1,4.1,0.0,0.0,0,0.0,0.0,0.0,0.0,0.0,5.0,3.75,14.094736389432196,sim_input.json
47,1,5,<bidder.UniformBidder object at 0x0000028086D3F4A8>,5,True,41,7.824217270358661,1.0,1.0,1,1,4.1,0.0,0.0,0,0.16541353383458646,0.0,0.0,0.16541353383458646,1.294231428179628,5.0,3.75,14.094736389432196,sim_input.json
47,1,5,<bidder.UniformBidder object at 0x0000028086D3F4A8>,5,True,42,6.972410195114083,3.0,3.0,1,0.75,4.1,0.0,0.0,0,0.0030632135895293923,0.0,0.0,0.0030632135895293923,0.02135798166144674,5.0,3.75,14.094736389432196,sim_input.json
47,1,5,<bidder.UniformBidder object at 0x0000028086D3F4A8>,5,True,43,3.5161361656704937,4.0,4.0,0.75,0.6,4.1,0.0,0.0,0,0.002297410192147026,0.0,0.0,0.002297410192147026,0.008078007063988155,5.0,3.75,14.094736389432196,sim_input.json
47,1,5,<bidder.UniformBidder object at 0x0000028086D3F4A8>,5,True,44,5.399227862430765,1.0,3.0,1,1,4.1,0.0,0.0,0,0.0,0.0,0.0,0.0,0.0,5.0,3.75,14.094736389432196,sim_input.json
47,1,5,<bidder.UniformBidder object at 0x0000028086D3F4A8>,5,True,45,6.469284010931048,1.0,1.0,1,1,4.1,0.0,0.0,0,0.16541353383458646,0.0,0.0,0.16541353383458646,1.070107129627692,5.0,3.75,14.094736389432196,sim_input.json
47,1,5,<bidder.UniformBidder object at 0x0000028086D3F4A8>,5,True,46,3.5217855457309684,0.0,0.0,1,1,4.1,0.0,0.0,0,0.24812030075187969,0.0,0.0,0.24812030075187969,0.8738264887903906,5.0,3.75,14.094736389432196,sim_input.json
47,1,5,<bidder.UniformBidder object at 0x0000028086D3F4A8>,5,True,47,2.485296965769141,3.0,4.0,0.75,0.75,4.1,0.0,0.0,0,0.0,0.0,0.0,0.0,0.0,5.0,3.75,14.094736389432196,sim_input.json
47,1,5,<bidder.UniformBidder object at 0x0000028086D3F4A8>,5,True,48,0.18033560900011292,2.0,2.0,1,1,4.1,1.0,1.0,1,1.0,1.0,1.0,1.0,0.18033560900011292,5.0,3.75,14.094736389432196,sim_input.json
47,1,5,<bidder.UniformBidder object at 0x0000028086D3F4A8>,5,True,49,1.0123701436986718,2.0,3.0,1,1,4.1,0.0,0.0,0,0.0,0.0,0.0,0.0,0.0,5.0,3.75,14.094736389432196,sim_input.json
47,1,5,<bidder.UniformBidder object at 0x0000028086D3F4A8>,5,True,50,7.348536154903912,0.0,0.0,1,1,4.1,0.0,0.0,0,0.24812030075187969,0.0,0.0,0.24812030075187969,1.8233210008408203,5.0,3.75,14.094736389432196,sim_input.json
47,1,5,<bidder.UniformBidder object at 0x0000028086D3F4A8>,5,True,51,4.318833813623868,4.0,4.0,0.75,0.6,4.1,0.0,0.0,0,0.0,0.0,0.0,0.0,0.0,5.0,3.75,14.094736389432196,sim_input.json
47,1,6,<bidder.UniformBidder object at 0x0000028086D3F5F8>,5,True,0,1.1664227615704832,5.0,6.0,0.5,0.5,4.5,0.0,0.0,0,0.0,0.0,0.0,0.0,0.0,5.0,4.25,10.089217023407157,sim_input.json
47,1,6,<bidder.UniformBidder object at 0x0000028086D3F5F8>,5,True,1,5.8006645273076485,1.0,1.0,1,1,4.5,0.0,0.0,0,0.13533834586466165,0.0,0.0,0.13533834586466165,0.7850523420416365,5.0,4.25,10.089217023407157,sim_input.json
47,1,6,<bidder.UniformBidder object at 0x0000028086D3F5F8>,5,True,2,1.5271983683736994,4.0,4.0,0.75,0.6,4.5,0.0,0.0,0,0.0,0.0,0.0,0.0,0.0,5.0,4.25,10.089217023407157,sim_input.json
47,1,6,<bidder.UniformBidder object at 0x0000028086D3F5F8>,5,True,3,1.1831811687608722,3.0,3.0,1,0.75,4.5,0.0,0.0,0,0.0,0.0,0.0,0.0,0.0,5.0,4.25,10.089217023407157,sim_input.json
47,1,6,<bidder.UniformBidder object at 0x0000028086D3F5F8>,5,True,4,1.3692115498337063,5.0,5.0,0.6,0.5,4.5,0.0,0.0,0,0.0,0.0,0.0,0.0,0.0,5.0,4.25,10.089217023407157,sim_input.json
47,1,6,<bidder.UniformBidder object at 0x0000028086D3F5F8>,5,True,5,7.606223916387531,3.0,3.0,1,0.75,4.5,0.0,0.0,0,0.0,0.0,0.0,0.0,0.0,5.0,4.25,10.089217023407157,sim_input.json
47,1,6,<bidder.UniformBidder object at 0x0000028086D3F5F8>,5,True,6,0.0,0.0,0.0,1,1,4.5,0.0,0.0,0,0.0,0.0,0.0,0.0,0.0,5.0,4.25,10.089217023407157,sim_input.json
47,1,6,<bidder.UniformBidder object at 0x0000028086D3F5F8>,5,True,7,3.664097501406115,2.0,3.0,1,1,4.5,0.0,0.0,0,0.002506265664160412,0.0,0.0,0.002506265664160412,0.009183201757910103,5.0,4.25,10.089217023407157,sim_input.json
47,1,6,<bidder.UniformBidder object at 0x0000028086D3F5F8>,5,True,8,3.2601226837151875,1.0,2.0,1,1,4.5,0.0,0.0,0,0.07017543859649124,0.0,0.0,0.07017543859649124,0.22878053920808336,5.0,4.25,10.089217023407157,sim_input.json
47,1,6,<bidder.UniformBidder object at 0x0000028086D3F5F8>,5,True,9,1.4954164935300662,4.0,4.0,0.75,0.6,4.5,0.0,0.0,0,0.0,0.0,0.0,0.0,0.0,5.0,4.25,10.089217023407157,sim_input.json
47,1,6,<bidder.UniformBidder object at 0x0000028086D3F5F8>,5,True,10,0.0,1.0,2.0,1,1,4.5,0.0,0.0,0,0.0,0.0,0.0,0.0,0.0,5.0,4.25,10.089217023407157,sim_input.json
47,1,6,<bidder.UniformBidder object at 0x0000028086D3F5F8>,5,True,11,6.110195880012527,1.0,2.0,1,1,4.5,0.0,0.0,0,0.06766917293233082,0.0,0.0,0.06766917293233082,0.413471901654983,5.0,4.25,10.089217023407157,sim_input.json
47,1,6,<bidder.UniformBidder object at 0x0000028086D3F5F8>,5,True,12,5.131437756520082,3.0,3.0,1,0.75,4.5,0.0,0.0,0,0.0,0.0,0.0,0.0,0.0,5.0,4.25,10.089217023407157,sim_input.json
47,1,6,<bidder.UniformBidder object at 0x0000028086D3F5F8>,5,True,13,5.930423052991093,6.0,6.0,0.5,0.42857142857142855,4.5,0.0,0.0,0,0.001253132832080206,0.0,0.0,0.001253132832080206,0.00743160783582847,5.0,4.25,10.089217023407157,sim_input.json
47,1,6,<bidder.UniformBidder object at 0x0000028086D3F5F8>,5,True,14,6.981192417347684,3.0,3.0,1,0.75,4.5,0.0,0.0,0,0.0,0.0,0.0,0.0,0.0,5.0,4.25,10.089217023407157,sim_input.json
47,1,6,<bidder.UniformBidder object at 0x0000028086D3F5F8>,5,True,15,3.754127844921003,3.0,3.0,1,0.75,4.5,0.0,0.0,0,0.0,0.0,0.0,0.0,0.0,5.0,4.25,10.089217023407157,sim_input.json
47,1,6,<bidder.UniformBidder object at 0x0000028086D3F5F8>,5,True,16,7.5760105141499405,2.0,3.0,1,1,4.5,0.0,0.0,0,0.0,0.0,0.0,0.0,0.0,5.0,4.25,10.089217023407157,sim_input.json
47,1,6,<bidder.UniformBidder object at 0x0000028086D3F5F8>,5,True,17,1.8781156929750424,1.0,4.0,0.75,1,4.5,0.0,0.0,0,0.0,0.0,0.0,0.0,0.0,5.0,4.25,10.089217023407157,sim_input.json
47,1,6,<bidder.UniformBidder object at 0x0000028086D3F5F8>,5,True,18,0.551650813212094,6.0,6.0,0.5,0.5,4.5,1.0,1.0,1,0.5,0.5,0.5,0.5,0.275825406606047,5.0,4.25,10.089217023407157,sim_input.json
47,1,6,<bidder.UniformBidder object at 0x0000028086D3F5F8>,5,True,19,0.5265116096310908,2.0,2.0,1,1,4.5,1.0,1.0,1,1.0,1.0,1.0,1.0,0.5265116096310908,5.0,4.25,10.089217023407157,sim_input.json
47,1,6,<bidder.UniformBidder object at 0x0000028086D3F5F8>,5,True,20,3.788473771395787,0.0,1.0,1,1,4.5,0.0,0.0,0,0.13533834586466165,0.0,0.0,0.13533834586466165,0.5127257735723622,5.0,4.25,10.089217023407157,sim_input.json
47,1,6,<bidder.UniformBidder object at 0x0000028086D3F5F8>,5,True,21,1.518333423136788,1.0,1.0,1,1,4.5,0.0,0.0,0,0.13533834586466165,0.0,0.0,0.13533834586466165,0.20548873395836229,5.0,4.25,10.089217023407157,sim_input.json
47,1,6,<bidder.UniformBidder object at 0x0000028086D3F5F8>,5,True,22,7.331646151784916,3.0,3.0,1,0.75,4.5,0.0,0.0,0,0.0,0.0,0.0,0.0,0.0,5.0,4.25,10.089217023407157,sim_input.json
47,1,6,<bidder.UniformBidder object at 0x0000028086D3F5F8>,5,True,23,2.6674799890289194,1.0,3.0,1,1,4.5,0.0,0.0,0,0.0,0.0,0.0,0.0,0.0,5.0,4.25,10.089217023407157,sim_input.json
47,1,6,<bidder.UniformBidder object at 0x0000028086D3F5F8>,5,True,24,1.7316067836249374,2.0,4.0,0.75,1,4.5,0.0,0.0,0,0.001879699248120294,0.0,0.0,0.001879699248120294,0.0032548999692197955,5.0,4.25,10.089217023407157,sim_input.json
47,1,6,<bidder.UniformBidder object at 0x0000028086D3F5F8>,5,True,25,2.962639112727776,0.0,1.0,1,1,4.5,0.0,0.0,0,0.13533834586466165,0.0,0.0,0.13533834586466165,0.400958676910526,5.0,4.25,10.089217023407157,sim_input.json
47,1,6,<bidder.UniformBidder object at 0x0000028086D3F5F8>,5,True,26,4.816360552470227,0.0,1.0,1,1,4.5,0.0,0.0,0,0.13533834586466165,0.0,0.0,0.13533834586466165,0.6518382702591284,5.0,4.25,10.089217023407157,sim_input.json
47,1,6,<bidder.UniformBidder object at 0x0000028086D3F5F8>,5,True,27,5.0444895880217535,0.0,0.0,1,1,4.5,0.0,0.0,0,0.20300751879699247,0.0,0.0,0.20300751879699247,1.024069314861559,5.0,4.25,10.089217023407157,sim_input.json
47,1,6,<bidder.UniformBidder object at 0x0000028086D3F5F8>,5,True,28,0.6958506487953531,3.0,3.0,1,1,4.5,1.0,1.0,1,1.0,1.0,1.0,1.0,0.6958506487953531,5.0,4.25,10.089217023407157,sim_input.json
47,1,6,<bidder.UniformBidder object at 0x0000028086D3F5F8>,5,True,29,1.4497248644199283,1.0,2.0,1,1,4.5,0.0,0.0,0,0.06766917293233082,0.0,0.0,0.06766917293233082,0.09810168255473199,5.0,4.25,10.089217023407157,sim_input.json
47,1,6,<bidder.UniformBidder object at 0x0000028086D3F5F8>,5,True,30,0.8229530317878327,3.0,4.0,0.75,1,4.5,1.0,1.0,1,0.75,0.75,0.75,0.75,0.6172147738408745,5.0,4.25,10.089217023407157,sim_input.json
47,1,6,<bidder.UniformBidder object at 0x0000028086D3F5F8>,5,True,31,1.9951782740667534,3.0,3.0,1,0.75,4.5,0.0,0.0,0,0.0,0.0,0.0,0.0,0.0,5.0,4.25,10.089217023407157,sim_input.json
47,1,6,<bidder.UniformBidder object at 0x0000028086D3F5F8>,5,True,32,6.4494395761304215,4.0,4.0,0.75,0.6,4.5,0.0,0.0,0,0.0,0.0,0.0,0.0,0.0,5.0,4.25,10.089217023407157,sim_input.json
47,1,6,<bidder.UniformBidder object at 0x0000028086D3F5F8>,5,True,33,6.814580192873227,2.0,2.0,1,1,4.5,0.0,0.0,0,0.06766917293233082,0.0,0.0,0.06766917293233082,0.46113700553277476,5.0,4.25,10.089217023407157,sim_input.json
47,1,6,<bidder.UniformBidder object at 0x0000028086D3F5F8>,5,True,34,7.595490503309035,4.0,4.0,0.75,0.6,4.5,0.0,0.0,0,0.001879699248120294,0.0,0.0,0.001879699248120294,0.014277237788174826,5.0,4.25,10.089217023407157,sim_input.json
47,1,6,<bidder.UniformBidder object at 0x0000028086D3F5F8>,5,True,35,0.0,2.0,4.0,0.75,1,4.5,0.0,0.0,0,0.0,0.0,0.0,0.0,0.0,5.0,4.25,10.089217023407157,sim_input.json
47,1,6,<bidder.UniformBidder object at 0x0000028086D3F5F8>,5,True,36,6.0382387885744215,1.0,3.0,1,1,4.5,0.0,0.0,0,0.0,0.0,0.0,0.0,0.0,5.0,4.25,10.089217023407157,sim_input.json
47,1,6,<bidder.UniformBidder object at 0x0000028086D3F5F8>,5,True,37,0.0,6.0,6.0,0.5,0.42857142857142855,4.5,0.0,0.0,0,0.0,0.0,0.0,0.0,0.0,5.0,4.25,10.089217023407157,sim_input.json
47,1,6,<bidder.UniformBidder object at 0x0000028086D3F5F8>,5,True,38,0.0,3.0,3.0,1,0.75,4.5,0.0,0.0,0,0.0,0.0,0.0,0.0,0.0,5.0,4.25,10.089217023407157,sim_input.json
47,1,6,<bidder.UniformBidder object at 0x0000028086D3F5F8>,5,True,39,6.139758567417981,2.0,3.0,1,1,4.5,0.0,0.0,0,0.0,0.0,0.0,0.0,0.0,5.0,4.25,10.089217023407157,sim_input.json
47,1,6,<bidder.UniformBidder object at 0x0000028086D3F5F8>,5,True,40,2.6179792902974177,2.0,4.0,0.75,1,4.5,0.0,0.0,0,0.0,0.0,0.0,0.0,0.0,5.0,4.25,10.089217023407157,sim_input.json
47,1,6,<bidder.UniformBidder object at 0x0000028086D3F5F8>,5,True,41,6.130875701691005,1.0,1.0,1,1,4.5,0.0,0.0,0,0.13533834586466165,0.0,0.0,0.13533834586466165,0.8297425761687075,5.0,4.25,10.089217023407157,sim_input.json
47,1,6,<bidder.UniformBidder object at 0x0000028086D3F5F8>,5,True,42,1.0112813846287065,3.0,3.0,1,0.75,4.5,0.0,0.0,0,0.002506265664160412,0.0,0.0,0.002506265664160412,0.0025345398110995262,5.0,4.25,10.089217023407157,sim_input.json
47,1,6,<bidder.UniformBidder object at 0x0000028086D3F5F8>,5,True,43,0.0,4.0,4.0,0.75,0.6,4.5,0.0,0.0,0,0.0,0.0,0.0,0.0,0.0,5.0,4.25,10.089217023407157,sim_input.json
47,1,6,<bidder.UniformBidder object at 0x0000028086D3F5F8>,5,True,44,5.134829538283309,1.0,3.0,1,1,4.5,0.0,0.0,0,0.0,0.0,0.0,0.0,0.0,5.0,4.25,10.089217023407157,sim_input.json
47,1,6,<bidder.UniformBidder object at 0x0000028086D3F5F8>,5,True,45,3.5919360188169676,1.0,1.0,1,1,4.5,0.0,0.0,0,0.13533834586466165,0.0,0.0,0.13533834586466165,0.48612667923838654,5.0,4.25,10.089217023407157,sim_input.json
47,1,6,<bidder.UniformBidder object at 0x0000028086D3F5F8>,5,True,46,0.0,0.0,0.0,1,1,4.5,0.0,0.0,0,0.0,0.0,0.0,0.0,0.0,5.0,4.25,10.089217023407157,sim_input.json
47,1,6,<bidder.UniformBidder object at 0x0000028086D3F5F8>,5,True,47,0.9079573961458457,3.0,4.0,0.75,0.75,4.5,0.0,0.0,0,0.0,0.0,0.0,0.0,0.0,5.0,4.25,10.089217023407157,sim_input.json
47,1,6,<bidder.UniformBidder object at 0x0000028086D3F5F8>,5,True,48,6.882721108488586,2.0,2.0,1,1,4.5,0.0,0.0,0,0.07017543859649124,0.0,0.0,0.07017543859649124,0.4829979725255149,5.0,4.25,10.089217023407157,sim_input.json
47,1,6,<bidder.UniformBidder object at 0x0000028086D3F5F8>,5,True,49,0.48494346541663835,2.0,3.0,1,1,4.5,1.0,1.0,1,1.0,1.0,1.0,1.0,0.48494346541663835,5.0,4.25,10.089217023407157,sim_input.json
47,1,6,<bidder.UniformBidder object at 0x0000028086D3F5F8>,5,True,50,4.293920583009846,0.0,0.0,1,1,4.5,0.0,0.0,0,0.20300751879699247,0.0,0.0,0.20300751879699247,0.8716981634681641,5.0,4.25,10.089217023407157,sim_input.json
47,1,6,<bidder.UniformBidder object at 0x0000028086D3F5F8>,5,True,51,1.482002765525708,4.0,4.0,0.75,0.6,4.5,0.0,0.0,0,0.0,0.0,0.0,0.0,0.0,5.0,4.25,10.089217023407157,sim_input.json
47,1,7,<bidder.IntegralGreedyBidder object at 0x0000028086D3FF60>,5,True,0,0.8322245455653587,5.0,6.0,0.5,0.5,5.75,0.0,0.0,0,0.0,0.0,0.0,0.0,0.0,6.0,5.75,5.290544321538413,sim_input.json
47,1,7,<bidder.IntegralGreedyBidder object at 0x0000028086D3FF60>,5,True,1,6.116902025068984,1.0,1.0,1,1,5.75,0.0,0.0,0,0.045112781954887216,0.0,0.0,0.045112781954887216,0.27595046729634515,6.0,5.75,5.290544321538413,sim_input.json
47,1,7,<bidder.IntegralGreedyBidder object at 0x0000028086D3FF60>,5,True,2,4.258299090184524,4.0,4.0,0.75,0.6,5.75,0.0,0.0,0,0.0,0.0,0.0,0.0,0.0,6.0,5.75,5.290544321538413,sim_input.json
47,1,7,<bidder.IntegralGreedyBidder object at 0x0000028086D3FF60>,5,True,3,1.9937169530794092,3.0,3.0,1,0.75,5.75,0.0,0.0,0,0.0,0.0,0.0,0.0,0.0,6.0,5.75,5.290544321538413,sim_input.json
47,1,7,<bidder.IntegralGreedyBidder object at 0x0000028086D3FF60>,5,True,4,2.6499366701642475,5.0,5.0,0.6,0.5,5.75,0.0,0.0,0,0.0,0.0,0.0,0.0,0.0,6.0,5.75,5.290544321538413,sim_input.json
47,1,7,<bidder.IntegralGreedyBidder object at 0x0000028086D3FF60>,5,True,5,4.319182658756971,3.0,3.0,1,0.75,5.75,0.0,0.0,0,0.0,0.0,0.0,0.0,0.0,6.0,5.75,5.290544321538413,sim_input.json
47,1,7,<bidder.IntegralGreedyBidder object at 0x0000028086D3FF60>,5,True,6,7.267556858997768,0.0,0.0,1,1,5.75,0.0,0.0,0,0.06766917293233082,0.0,0.0,0.06766917293233082,0.49178956188706696,6.0,5.75,5.290544321538413,sim_input.json
47,1,7,<bidder.IntegralGreedyBidder object at 0x0000028086D3FF60>,5,True,7,1.5028808714780482,2.0,3.0,1,1,5.75,0.0,0.0,0,0.0008354218880534706,0.0,0.0,0.0008354218880534706,0.0012555395751696363,6.0,5.75,5.290544321538413,sim_input.json
47,1,7,<bidder.IntegralGreedyBidder object at 0x0000028086D3FF60>,5,True,8,0.0,1.0,2.0,1,1,5.75,0.0,0.0,0,0.0,0.0,0.0,0.0,0.0,6.0,5.75,5.290544321538413,sim_input.json
47,1,7,<bidder.IntegralGreedyBidder object at 0x0000028086D3FF60>,5,True,9,0.0,4.0,4.0,0.75,0.6,5.75,0.0,0.0,0,0.0,0.0,0.0,0.0,0.0,6.0,5.75,5.290544321538413,sim_input.json
47,1,7,<bidder.IntegralGreedyBidder object at 0x0000028086D3FF60>,5,True,10,2.823987730216692,1.0,2.0,1,1,5.75,0.0,0.0,0,0.022556390977443608,0.0,0.0,0.022556390977443608,0.06369897135827124,6.0,5.75,5.290544321538413,sim_input.json
47,1,7,<bidder.IntegralGreedyBidder object at 0x0000028086D3FF60>,5,True,11,0.0,1.0,2.0,1,1,5.75,0.0,0.0,0,0.0,0.0,0.0,0.0,0.0,6.0,5.75,5.290544321538413,sim_input.json
47,1,7,<bidder.IntegralGreedyBidder object at 0x0000028086D3FF60>,5,True,12,6.132288288111681,3.0,3.0,1,0.75,5.75,0.0,0.0,0,0.0,0.0,0.0,0.0,0.0,6.0,5.75,5.290544321538413,sim_input.json
47,1,7,<bidder.IntegralGreedyBidder object at 0x0000028086D3FF60>,5,True,13,0.9749204959063539,6.0,6.0,0.5,0.42857142857142855,5.75,0.0,0.0,0,0.0004177109440267353,0.0,0.0,0.0004177109440267353,0.00040723496069605604,6.0,5.75,5.290544321538413,sim_input.json
47,1,7,<bidder.IntegralGreedyBidder object at 0x0000028086D3FF60>,5,True,14,6.763129442450643,3.0,3.0,1,0.75,5.75,0.0,0.0,0,0.0,0.0,0.0,0.0,0.0,6.0,5.75,5.290544321538413,sim_input.json
47,1,7,<bidder.IntegralGreedyBidder object at 0x0000028086D3FF60>,5,True,15,7.792261083208176,3.0,3.0,1,0.75,5.75,0.0,0.0,0,0.0,0.0,0.0,0.0,0.0,6.0,5.75,5.290544321538413,sim_input.json
47,1,7,<bidder.IntegralGreedyBidder object at 0x0000028086D3FF60>,5,True,16,6.782838844022485,2.0,3.0,1,1,5.75,0.0,0.0,0,0.0,0.0,0.0,0.0,0.0,6.0,5.75,5.290544321538413,sim_input.json
47,1,7,<bidder.IntegralGreedyBidder object at 0x0000028086D3FF60>,5,True,17,1.5434405573955985,1.0,4.0,0.75,1,5.75,0.0,0.0,0,0.0,0.0,0.0,0.0,0.0,6.0,5.75,5.290544321538413,sim_input.json
47,1,7,<bidder.IntegralGreedyBidder object at 0x0000028086D3FF60>,5,True,18,1.968510044627175,6.0,6.0,0.5,0.42857142857142855,5.75,0.0,0.0,0,0.0,0.0,0.0,0.0,0.0,6.0,5.75,5.290544321538413,sim_input.json
47,1,7,<bidder.IntegralGreedyBidder object at 0x0000028086D3FF60>,5,True,19,7.770488285371339,2.0,2.0,1,1,5.75,0.0,0.0,0,0.022556390977443608,0.0,0.0,0.022556390977443608,0.17527417185048133,6.0,5.75,5.290544321538413,sim_input.json
47,1,7,<bidder.IntegralGreedyBidder object at 0x0000028086D3FF60>,5,True,20,4.93237701949538,0.0,1.0,1,1,5.75,0.0,0.0,0,0.045112781954887216,0.0,0.0,0.045112781954887216,0.22251324899979158,6.0,5.75,5.290544321538413,sim_input.json
47,1,7,<bidder.IntegralGreedyBidder object at 0x0000028086D3FF60>,5,True,21,0.0,1.0,1.0,1,1,5.75,0.0,0.0,0,0.0,0.0,0.0,0.0,0.0,6.0,5.75,5.290544321538413,sim_input.json
47,1,7,<bidder.IntegralGreedyBidder object at 0x0000028086D3FF60>,5,True,22,0.4400073669188742,3.0,3.0,1,1,5.75,1.0,1.0,1,1.0,1.0,1.0,1.0,0.4400073669188742,6.0,5.75,5.290544321538413,sim_input.json
47,1,7,<bidder.IntegralGreedyBidder object at 0x0000028086D3FF60>,5,True,23,0.6167372432945791,1.0,3.0,1,1,5.75,0.0,0.0,0,0.0,0.0,0.0,0.0,0.0,6.0,5.75,5.290544321538413,sim_input.json
47,1,7,<bidder.IntegralGreedyBidder object at 0x0000028086D3FF60>,5,True,24,1.5916134871314829,2.0,4.0,0.75,1,5.75,0.0,0.0,0,0.0006265664160400979,0.0,0.0,0.0006265664160400979,0.0009972515583530558,6.0,5.75,5.290544321538413,sim_input.json
47,1,7,<bidder.IntegralGreedyBidder object at 0x0000028086D3FF60>,5,True,25,2.704527821904406,0.0,1.0,1,1,5.75,0.0,0.0,0,0.045112781954887216,0.0,0.0,0.045112781954887216,0.12200877392049951,6.0,5.75,5.290544321538413,sim_input.json
47,1,7,<bidder.IntegralGreedyBidder object at 0x0000028086D3FF60>,5,True,26,0.5881556747653515,0.0,1.0,1,1,5.75,0.0,1.0,1,1.0,1.0,1.0,1.0,0.5881556747653515,6.0,5.75,5.290544321538413,sim_input.json
47,1,7,<bidder.IntegralGreedyBidder object at 0x0000028086D3FF60>,5,True,27,3.930190115516174,0.0,0.0,1,1,5.75,0.0,0.0,0,0.06766917293233082,0.0,0.0,0.06766917293233082,0.2659527145838012,6.0,5.75,5.290544321538413,sim_input.json
47,1,7,<bidder.IntegralGreedyBidder object at 0x0000028086D3FF60>,5,True,28,0.7656107147722929,3.0,3.0,1,0.75,5.75,0.0,0.0,0,0.0,0.0,0.0,0.0,0.0,6.0,5.75,5.290544321538413,sim_input.json
47,1,7,<bidder.IntegralGreedyBidder object at 0x0000028086D3FF60>,5,True,29,0.7268206560279129,1.0,2.0,1,1,5.75,0.0,0.0,0,0.022556390977443608,0.0,0.0,0.022556390977443608,0.016394450887847658,6.0,5.75,5.290544321538413,sim_input.json
47,1,7,<bidder.IntegralGreedyBidder object at 0x0000028086D3FF60>,5,True,30,6.892795458188118,3.0,4.0,0.75,0.75,5.75,0.0,0.0,0,0.0,0.0,0.0,0.0,0.0,6.0,5.75,5.290544321538413,sim_input.json
47,1,7,<bidder.IntegralGreedyBidder object at 0x0000028086D3FF60>,5,True,31,0.37940666161382597,3.0,3.0,1,1,5.75,1.0,1.0,1,1.0,1.0,1.0,1.0,0.37940666161382597,6.0,5.75,5.290544321538413,sim_input.json
47,1,7,<bidder.IntegralGreedyBidder object at 0x0000028086D3FF60>,5,True,32,4.9369648679482845,4.0,4.0,0.75,0.6,5.75,0.0,0.0,0,0.0,0.0,0.0,0.0,0.0,6.0,5.75,5.290544321538413,sim_input.json
47,1,7,<bidder.IntegralGreedyBidder object at 0x0000028086D3FF60>,5,True,33,3.926515362770542,2.0,2.0,1,1,5.75,0.0,0.0,0,0.022556390977443608,0.0,0.0,0.022556390977443608,0.08856801570159116,6.0,5.75,5.290544321538413,sim_input.json
47,1,7,<bidder.IntegralGreedyBidder object at 0x0000028086D3FF60>,5,True,34,4.374340535308233,4.0,4.0,0.75,0.6,5.75,0.0,0.0,0,0.0006265664160400979,0.0,0.0,0.0006265664160400979,0.0027408148717470034,6.0,5.75,5.290544321538413,sim_input.json
47,1,7,<bidder.IntegralGreedyBidder object at 0x0000028086D3FF60>,5,True,35,7.84418020397049,2.0,4.0,0.75,1,5.75,0.0,0.0,0,0.0,0.0,0.0,0.0,0.0,6.0,5.75,5.290544321538413,sim_input.json
47,1,7,<bidder.IntegralGreedyBidder object at 0x0000028086D3FF60>,5,True,36,1.72691082431216,1.0,3.0,1,1,5.75,0.0,0.0,0,0.0,0.0,0.0,0.0,0.0,6.0,5.75,5.290544321538413,sim_input.json
47,1,7,<bidder.IntegralGreedyBidder object at 0x0000028086D3FF60>,5,True,37,0.7366006492993412,6.0,6.0,0.5,0.42857142857142855,5.75,0.0,0.0,0,0.0,0.0,0.0,0.0,0.0,6.0,5.75,5.290544321538413,sim_input.json
47,1,7,<bidder.IntegralGreedyBidder object at 0x0000028086D3FF60>,5,True,38,0.7786076332243672,3.0,3.0,1,0.75,5.75,0.0,0.0,0,0.0,0.0,0.0,0.0,0.0,6.0,5.75,5.290544321538413,sim_input.json
47,1,7,<bidder.IntegralGreedyBidder object at 0x0000028086D3FF60>,5,True,39,2.631485779300926,2.0,3.0,1,1,5.75,0.0,0.0,0,0.0,0.0,0.0,0.0,0.0,6.0,5.75,5.290544321538413,sim_input.json
47,1,7,<bidder.IntegralGreedyBidder object at 0x0000028086D3FF60>,5,True,40,0.9617027687681754,2.0,4.0,0.75,1,5.75,0.0,0.0,0,0.0,0.0,0.0,0.0,0.0,6.0,5.75,5.290544321538413,sim_input.json
47,1,7,<bidder.IntegralGreedyBidder object at 0x0000028086D3FF60>,5,True,41,6.061796571888557,1.0,1.0,1,1,5.75,0.0,0.0,0,0.045112781954887216,0.0,0.0,0.045112781954887216,0.2734645070024913,6.0,5.75,5.290544321538413,sim_input.json
47,1,7,<bidder.IntegralGreedyBidder object at 0x0000028086D3FF60>,5,True,42,0.2408608161109681,3.0,3.0,1,1,5.75,1.0,1.0,1,1.0,1.0,1.0,1.0,0.2408608161109681,6.0,5.75,5.290544321538413,sim_input.json
47,1,7,<bidder.IntegralGreedyBidder object at 0x0000028086D3FF60>,5,True,43,0.14454156733655688,4.0,4.0,0.75,0.75,5.75,1.0,1.0,1,0.7506265664160401,0.75,0.75,0.7506265664160401,0.10849674039423254,6.0,5.75,5.290544321538413,sim_input.json
47,1,7,<bidder.IntegralGreedyBidder object at 0x0000028086D3FF60>,5,True,44,1.3908061925022384,1.0,3.0,1,1,5.75,0.0,0.0,0,0.0,0.0,0.0,0.0,0.0,6.0,5.75,5.290544321538413,sim_input.json
47,1,7,<bidder.IntegralGreedyBidder object at 0x0000028086D3FF60>,5,True,45,3.679357886724361,1.0,1.0,1,1,5.75,0.0,0.0,0,0.045112781954887216,0.0,0.0,0.045112781954887216,0.1659860700777907,6.0,5.75,5.290544321538413,sim_input.json
47,1,7,<bidder.IntegralGreedyBidder object at 0x0000028086D3FF60>,5,True,46,7.6493047377690715,0.0,0.0,1,1,5.75,0.0,0.0,0,0.06766917293233082,0.0,0.0,0.06766917293233082,0.5176221251121927,6.0,5.75,5.290544321538413,sim_input.json
47,1,7,<bidder.IntegralGreedyBidder object at 0x0000028086D3FF60>,5,True,47,0.6859058503988842,3.0,4.0,0.75,0.75,5.75,0.0,0.0,0,0.0,0.0,0.0,0.0,0.0,6.0,5.75,5.290544321538413,sim_input.json
47,1,7,<bidder.IntegralGreedyBidder object at 0x0000028086D3FF60>,5,True,48,0.0,2.0,2.0,1,1,5.75,0.0,0.0,0,0.0,0.0,0.0,0.0,0.0,6.0,5.75,5.290544321538413,sim_input.json
47,1,7,<bidder.IntegralGreedyBidder object at 0x0000028086D3FF60>,5,True,49,0.5153989845329688,2.0,3.0,1,1,5.75,1.0,1.0,1,1.0,1.0,1.0,1.0,0.5153989845329688,6.0,5.75,5.290544321538413,sim_input.json
47,1,7,<bidder.IntegralGreedyBidder object at 0x0000028086D3FF60>,5,True,50,4.929780328357921,0.0,0.0,1,1,5.75,0.0,0.0,0,0.06766917293233082,0.0,0.0,0.06766917293233082,0.3335941575580548,6.0,5.75,5.290544321538413,sim_input.json
47,1,7,<bidder.IntegralGreedyBidder object at 0x0000028086D3FF60>,5,True,51,4.408384706612567,4.0,4.0,0.75,0.6,5.75,0.0,0.0,0,0.0,0.0,0.0,0.0,0.0,6.0,5.75,5.290544321538413,sim_input.json
47,1,8,<bidder.UniformBidder object at 0x0000028086D3FEF0>,5,True,0,3.4638643938506384,5.0,6.0,0.5,0.5,4.5,0.0,0.0,0,0.0,0.0,0.0,0.0,0.0,5.0,4.25,11.686670638901132,sim_input.json
47,1,8,<bidder.UniformBidder object at 0x0000028086D3FEF0>,5,True,1,4.978681513221737,1.0,1.0,1,1,4.5,0.0,0.0,0,0.13533834586466165,0.0,0.0,0.13533834586466165,0.6738065205864004,5.0,4.25,11.686670638901132,sim_input.json
47,1,8,<bidder.UniformBidder object at 0x0000028086D3FEF0>,5,True,2,2.8666987416348744,4.0,4.0,0.75,0.6,4.5,0.0,0.0,0,0.0,0.0,0.0,0.0,0.0,5.0,4.25,11.686670638901132,sim_input.json
47,1,8,<bidder.UniformBidder object at 0x0000028086D3FEF0>,5,True,3,4.103733589506909,3.0,3.0,1,0.75,4.5,0.0,0.0,0,0.0,0.0,0.0,0.0,0.0,5.0,4.25,11.686670638901132,sim_input.json
47,1,8,<bidder.UniformBidder object at 0x0000028086D3FEF0>,5,True,4,2.5476807361597467,5.0,5.0,0.6,0.5,4.5,0.0,0.0,0,0.0,0.0,0.0,0.0,0.0,5.0,4.25,11.686670638901132,sim_input.json
47,1,8,<bidder.UniformBidder object at 0x0000028086D3FEF0>,5,True,5,2.442025526192703,3.0,3.0,1,0.75,4.5,0.0,0.0,0,0.0,0.0,0.0,0.0,0.0,5.0,4.25,11.686670638901132,sim_input.json
47,1,8,<bidder.UniformBidder object at 0x0000028086D3FEF0>,5,True,6,4.427718726554511,0.0,0.0,1,1,4.5,0.0,0.0,0,0.20300751879699247,0.0,0.0,0.20300751879699247,0.8988601926088106,5.0,4.25,11.686670638901132,sim_input.json
47,1,8,<bidder.UniformBidder object at 0x0000028086D3FEF0>,5,True,7,6.145951194026336,2.0,3.0,1,1,4.5,0.0,0.0,0,0.002506265664160412,0.0,0.0,0.002506265664160412,0.015403386451193893,5.0,4.25,11.686670638901132,sim_input.json
47,1,8,<bidder.UniformBidder object at 0x0000028086D3FEF0>,5,True,8,7.913581829004537,1.0,2.0,1,1,4.5,0.0,0.0,0,0.07017543859649124,0.0,0.0,0.07017543859649124,0.5553390757196167,5.0,4.25,11.686670638901132,sim_input.json
47,1,8,<bidder.UniformBidder object at 0x0000028086D3FEF0>,5,True,9,0.9304634539869234,4.0,4.0,0.75,0.6,4.5,0.0,0.0,0,0.0,0.0,0.0,0.0,0.0,5.0,4.25,11.686670638901132,sim_input.json
47,1,8,<bidder.UniformBidder object at 0x0000028086D3FEF0>,5,True,10,7.6072106593402005,1.0,2.0,1,1,4.5,0.0,0.0,0,0.06766917293233082,0.0,0.0,0.06766917293233082,0.5147736536395624,5.0,4.25,11.686670638901132,sim_input.json
47,1,8,<bidder.UniformBidder object at 0x0000028086D3FEF0>,5,True,11,6.243894166238787,1.0,2.0,1,1,4.5,0.0,0.0,0,0.06766917293233082,0.0,0.0,0.06766917293233082,0.4225191541063841,5.0,4.25,11.686670638901132,sim_input.json
47,1,8,<bidder.UniformBidder object at 0x0000028086D3FEF0>,5,True,12,7.1724308074083885,3.0,3.0,1,0.75,4.5,0.0,0.0,0,0.0,0.0,0.0,0.0,0.0,5.0,4.25,11.686670638901132,sim_input.json
47,1,8,<bidder.UniformBidder object at 0x0000028086D3FEF0>,5,True,13,0.0,6.0,6.0,0.5,0.42857142857142855,4.5,0.0,0.0,0,0.0,0.0,0.0,0.0,0.0,5.0,4.25,11.686670638901132,sim_input.json
47,1,8,<bidder.UniformBidder object at 0x0000028086D3FEF0>,5,True,14,2.783944065437799,3.0,3.0,1,0.75,4.5,0.0,0.0,0,0.0,0.0,0.0,0.0,0.0,5.0,4.25,11.686670638901132,sim_input.json
47,1,8,<bidder.UniformBidder object at 0x0000028086D3FEF0>,5,True,15,4.659338932760552,3.0,3.0,1,0.75,4.5,0.0,0.0,0,0.0,0.0,0.0,0.0,0.0,5.0,4.25,11.686670638901132,sim_input.json
47,1,8,<bidder.UniformBidder object at 0x0000028086D3FEF0>,5,True,16,0.0,2.0,3.0,1,1,4.5,0.0,0.0,0,0.0,0.0,0.0,0.0,0.0,5.0,4.25,11.686670638901132,sim_input.json
47,1,8,<bidder.UniformBidder object at 0x0000028086D3FEF0>,5,True,17,0.0,1.0,4.0,0.75,1,4.5,0.0,0.0,0,0.0,0.0,0.0,0.0,0.0,5.0,4.25,11.686670638901132,sim_input.json
47,1,8,<bidder.UniformBidder object at 0x0000028086D3FEF0>,5,True,18,6.703961672066081,6.0,6.0,0.5,0.42857142857142855,4.5,0.0,0.0,0,0.0,0.0,0.0,0.0,0.0,5.0,4.25,11.686670638901132,sim_input.json
47,1,8,<bidder.UniformBidder object at 0x0000028086D3FEF0>,5,True,19,4.2704579074113935,2.0,2.0,1,1,4.5,0.0,0.0,0,0.06766917293233082,0.0,0.0,0.06766917293233082,0.2889783546368612,5.0,4.25,11.686670638901132,sim_input.json
47,1,8,<bidder.UniformBidder object at 0x0000028086D3FEF0>,5,True,20,2.51106954387557,0.0,1.0,1,1,4.5,0.0,0.0,0,0.13533834586466165,0.0,0.0,0.13533834586466165,0.33984399841925006,5.0,4.25,11.686670638901132,sim_input.json
47,1,8,<bidder.UniformBidder object at 0x0000028086D3FEF0>,5,True,21,2.3210903829739364,1.0,1.0,1,1,4.5,0.0,0.0,0,0.13533834586466165,0.0,0.0,0.13533834586466165,0.3141325330340666,5.0,4.25,11.686670638901132,sim_input.json
47,1,8,<bidder.UniformBidder object at 0x0000028086D3FEF0>,5,True,22,1.601820842889686,3.0,3.0,1,0.75,4.5,0.0,0.0,0,0.0,0.0,0.0,0.0,0.0,5.0,4.25,11.686670638901132,sim_input.json
47,1,8,<bidder.UniformBidder object at 0x0000028086D3FEF0>,5,True,23,1.5223686136335957,1.0,3.0,1,1,4.5,0.0,0.0,0,0.0,0.0,0.0,0.0,0.0,5.0,4.25,11.686670638901132,sim_input.json
47,1,8,<bidder.UniformBidder object at 0x0000028086D3FEF0>,5,True,24,1.1585439467677126,2.0,4.0,0.75,1,4.5,0.0,0.0,0,0.001879699248120294,0.0,0.0,0.001879699248120294,0.002177714185653587,5.0,4.25,11.686670638901132,sim_input.json
47,1,8,<bidder.UniformBidder object at 0x0000028086D3FEF0>,5,True,25,1.3889303989513055,0.0,1.0,1,1,4.5,0.0,0.0,0,0.13533834586466165,0.0,0.0,0.13533834586466165,0.18797554271521427,5.0,4.25,11.686670638901132,sim_input.json
47,1,8,<bidder.UniformBidder object at 0x0000028086D3FEF0>,5,True,26,6.144466803117574,0.0,1.0,1,1,4.5,0.0,0.0,0,0.13533834586466165,0.0,0.0,0.13533834586466165,0.8315819733542581,5.0,4.25,11.686670638901132,sim_input.json
47,1,8,<bidder.UniformBidder object at 0x0000028086D3FEF0>,5,True,27,4.508590087216147,0.0,0.0,1,1,4.5,0.0,0.0,0,0.20300751879699247,0.0,0.0,0.20300751879699247,0.9152776868784659,5.0,4.25,11.686670638901132,sim_input.json
47,1,8,<bidder.UniformBidder object at 0x0000028086D3FEF0>,5,True,28,5.13993464961999,3.0,3.0,1,0.75,4.5,0.0,0.0,0,0.0,0.0,0.0,0.0,0.0,5.0,4.25,11.686670638901132,sim_input.json
47,1,8,<bidder.UniformBidder object at 0x0000028086D3FEF0>,5,True,29,3.6732310910195345,1.0,2.0,1,1,4.5,0.0,0.0,0,0.06766917293233082,0.0,0.0,0.06766917293233082,0.2485645099186151,5.0,4.25,11.686670638901132,sim_input.json
47,1,8,<bidder.UniformBidder object at 0x0000028086D3FEF0>,5,True,30,6.815250001300434,3.0,4.0,0.75,0.75,4.5,0.0,0.0,0,0.0,0.0,0.0,0.0,0.0,5.0,4.25,11.686670638901132,sim_input.json
47,1,8,<bidder.UniformBidder object at 0x0000028086D3FEF0>,5,True,31,1.1636193305476206,3.0,3.0,1,0.75,4.5,0.0,0.0,0,0.0,0.0,0.0,0.0,0.0,5.0,4.25,11.686670638901132,sim_input.json
47,1,8,<bidder.UniformBidder object at 0x0000028086D3FEF0>,5,True,32,0.0,4.0,4.0,0.75,0.6,4.5,0.0,0.0,0,0.0,0.0,0.0,0.0,0.0,5.0,4.25,11.686670638901132,sim_input.json
47,1,8,<bidder.UniformBidder object at 0x0000028086D3FEF0>,5,True,33,0.42900638840413885,2.0,2.0,1,1,4.5,1.0,1.0,1,1.0,1.0,1.0,1.0,0.42900638840413885,5.0,4.25,11.686670638901132,sim_input.json
47,1,8,<bidder.UniformBidder object at 0x0000028086D3FEF0>,5,True,34,0.845522108817456,4.0,4.0,0.75,0.75,4.5,1.0,1.0,1,0.7518796992481203,0.75,0.75,0.7518796992481203,0.6357309088853053,5.0,4.25,11.686670638901132,sim_input.json
47,1,8,<bidder.UniformBidder object at 0x0000028086D3FEF0>,5,True,35,1.30384917599592,2.0,4.0,0.75,1,4.5,0.0,0.0,0,0.0,0.0,0.0,0.0,0.0,5.0,4.25,11.686670638901132,sim_input.json
47,1,8,<bidder.UniformBidder object at 0x0000028086D3FEF0>,5,True,36,7.776932898025709,1.0,3.0,1,1,4.5,0.0,0.0,0,0.0,0.0,0.0,0.0,0.0,5.0,4.25,11.686670638901132,sim_input.json
47,1,8,<bidder.UniformBidder object at 0x0000028086D3FEF0>,5,True,37,0.9742959288669915,6.0,6.0,0.5,0.42857142857142855,4.5,0.0,0.0,0,0.0,0.0,0.0,0.0,0.0,5.0,4.25,11.686670638901132,sim_input.json
47,1,8,<bidder.UniformBidder object at 0x0000028086D3FEF0>,5,True,38,0.9056749002782531,3.0,3.0,1,1,4.5,1.0,1.0,1,1.0,1.0,1.0,1.0,0.9056749002782531,5.0,4.25,11.686670638901132,sim_input.json
47,1,8,<bidder.UniformBidder object at 0x0000028086D3FEF0>,5,True,39,6.278597599675049,2.0,3.0,1,1,4.5,0.0,0.0,0,0.0,0.0,0.0,0.0,0.0,5.0,4.25,11.686670638901132,sim_input.json
47,1,8,<bidder.UniformBidder object at 0x0000028086D3FEF0>,5,True,40,1.5139044695200274,2.0,4.0,0.75,1,4.5,0.0,0.0,0,0.0,0.0,0.0,0.0,0.0,5.0,4.25,11.686670638901132,sim_input.json
47,1,8,<bidder.UniformBidder object at 0x0000028086D3FEF0>,5,True,41,3.630973724675969,1.0,1.0,1,1,4.5,0.0,0.0,0,0.13533834586466165,0.0,0.0,0.13533834586466165,0.491409977775695,5.0,4.25,11.686670638901132,sim_input.json
47,1,8,<bidder.UniformBidder object at 0x0000028086D3FEF0>,5,True,42,1.240254553799766,3.0,3.0,1,0.75,4.5,0.0,0.0,0,0.002506265664160412,0.0,0.0,0.002506265664160412,0.003108407403006946,5.0,4.25,11.686670638901132,sim_input.json
47,1,8,<bidder.UniformBidder object at 0x0000028086D3FEF0>,5,True,43,0.9084847353267997,4.0,4.0,0.75,0.75,4.5,1.0,1.0,1,0.7518796992481203,0.75,0.75,0.7518796992481203,0.6830712295690223,5.0,4.25,11.686670638901132,sim_input.json
47,1,8,<bidder.UniformBidder object at 0x0000028086D3FEF0>,5,True,44,3.2366626963765492,1.0,3.0,1,1,4.5,0.0,0.0,0,0.0,0.0,0.0,0.0,0.0,5.0,4.25,11.686670638901132,sim_input.json
47,1,8,<bidder.UniformBidder object at 0x0000028086D3FEF0>,5,True,45,2.502729562948682,1.0,1.0,1,1,4.5,0.0,0.0,0,0.13533834586466165,0.0,0.0,0.13533834586466165,0.3387152791960622,5.0,4.25,11.686670638901132,sim_input.json
47,1,8,<bidder.UniformBidder object at 0x0000028086D3FEF0>,5,True,46,4.583669465644439,0.0,0.0,1,1,4.5,0.0,0.0,0,0.20300751879699247,0.0,0.0,0.20300751879699247,0.9305193652060139,5.0,4.25,11.686670638901132,sim_input.json
47,1,8,<bidder.UniformBidder object at 0x0000028086D3FEF0>,5,True,47,0.28864254584460136,3.0,4.0,0.75,1,4.5,1.0,1.0,1,0.75,0.75,0.75,0.75,0.21648190938345102,5.0,4.25,11.686670638901132,sim_input.json
47,1,8,<bidder.UniformBidder object at 0x0000028086D3FEF0>,5,True,48,7.829453320717219,2.0,2.0,1,1,4.5,0.0,0.0,0,0.07017543859649124,0.0,0.0,0.07017543859649124,0.5494353207520857,5.0,4.25,11.686670638901132,sim_input.json
47,1,8,<bidder.UniformBidder object at 0x0000028086D3FEF0>,5,True,49,1.2931689567964035,2.0,3.0,1,1,4.5,0.0,0.0,0,0.0,0.0,0.0,0.0,0.0,5.0,4.25,11.686670638901132,sim_input.json
47,1,8,<bidder.UniformBidder object at 0x0000028086D3FEF0>,5,True,50,1.4496145637247504,0.0,0.0,1,1,4.5,0.0,0.0,0,0.20300751879699247,0.0,0.0,0.20300751879699247,0.2942826557937463,5.0,4.25,11.686670638901132,sim_input.json
47,1,8,<bidder.UniformBidder object at 0x0000028086D3FEF0>,5,True,51,1.5241009007994788,4.0,4.0,0.75,0.6,4.5,0.0,0.0,0,0.0,0.0,0.0,0.0,0.0,5.0,4.25,11.686670638901132,sim_input.json
47,1,9,<bidder.IntegralGreedyBidder object at 0x0000028086D3FEB8>,5,True,0,0.911210477782575,5.0,6.0,0.5,0.5,5.5,0.0,0.0,0,0.0,0.0,0.0,0.0,0.0,6.0,5.0,7.029037442930386,sim_input.json
47,1,9,<bidder.IntegralGreedyBidder object at 0x0000028086D3FEB8>,5,True,1,7.586192320334285,1.0,1.0,1,1,5.5,0.0,0.0,0,0.09022556390977443,0.0,0.0,0.09022556390977443,0.684468480030161,6.0,5.0,7.029037442930386,sim_input.json
47,1,9,<bidder.IntegralGreedyBidder object at 0x0000028086D3FEB8>,5,True,2,7.591884420903634,4.0,4.0,0.75,0.6,5.5,0.0,0.0,0,0.0,0.0,0.0,0.0,0.0,6.0,5.0,7.029037442930386,sim_input.json
47,1,9,<bidder.IntegralGreedyBidder object at 0x0000028086D3FEB8>,5,True,3,6.667389806648604,3.0,3.0,1,0.75,5.5,0.0,0.0,0,0.0,0.0,0.0,0.0,0.0,6.0,5.0,7.029037442930386,sim_input.json
47,1,9,<bidder.IntegralGreedyBidder object at 0x0000028086D3FEB8>,5,True,4,7.394317047948495,5.0,5.0,0.6,0.5,5.5,0.0,0.0,0,0.0,0.0,0.0,0.0,0.0,6.0,5.0,7.029037442930386,sim_input.json
47,1,9,<bidder.IntegralGreedyBidder object at 0x0000028086D3FEB8>,5,True,5,3.8428170141207634,3.0,3.0,1,0.75,5.5,0.0,0.0,0,0.0,0.0,0.0,0.0,0.0,6.0,5.0,7.029037442930386,sim_input.json
47,1,9,<bidder.IntegralGreedyBidder object at 0x0000028086D3FEB8>,5,True,6,3.0270185660358573,0.0,0.0,1,1,5.5,0.0,0.0,0,0.13533834586466165,0.0,0.0,0.13533834586466165,0.409671685628913,6.0,5.0,7.029037442930386,sim_input.json
47,1,9,<bidder.IntegralGreedyBidder object at 0x0000028086D3FEB8>,5,True,7,7.698378118710867,2.0,3.0,1,1,5.5,0.0,0.0,0,0.0016708437761069413,0.0,0.0,0.0016708437761069413,0.012862787165765915,6.0,5.0,7.029037442930386,sim_input.json
47,1,9,<bidder.IntegralGreedyBidder object at 0x0000028086D3FEB8>,5,True,8,7.377769333644418,1.0,2.0,1,1,5.5,0.0,0.0,0,0.046783625730994156,0.0,0.0,0.046783625730994156,0.34515879923482656,6.0,5.0,7.029037442930386,sim_input.json
47,1,9,<bidder.IntegralGreedyBidder object at 0x0000028086D3FEB8>,5,True,9,2.880796720187288,4.0,4.0,0.75,0.6,5.5,0.0,0.0,0,0.0,0.0,0.0,0.0,0.0,6.0,5.0,7.029037442930386,sim_input.json
47,1,9,<bidder.IntegralGreedyBidder object at 0x0000028086D3FEB8>,5,True,10,6.159588142663214,1.0,2.0,1,1,5.5,0.0,0.0,0,0.045112781954887216,0.0,0.0,0.045112781954887216,0.2778761568118743,6.0,5.0,7.029037442930386,sim_input.json
47,1,9,<bidder.IntegralGreedyBidder object at 0x0000028086D3FEB8>,5,True,11,3.4346387810857424,1.0,2.0,1,1,5.5,0.0,0.0,0,0.045112781954887216,0.0,0.0,0.045112781954887216,0.1549461104249207,6.0,5.0,7.029037442930386,sim_input.json
47,1,9,<bidder.IntegralGreedyBidder object at 0x0000028086D3FEB8>,5,True,12,2.1978402060703193,3.0,3.0,1,0.75,5.5,0.0,0.0,0,0.0,0.0,0.0,0.0,0.0,6.0,5.0,7.029037442930386,sim_input.json
47,1,9,<bidder.IntegralGreedyBidder object at 0x0000028086D3FEB8>,5,True,13,0.13707127006618114,6.0,6.0,0.5,0.5,5.5,1.0,1.0,1,0.5008354218880535,0.5,0.5,0.5008354218880535,0.06865014737232715,6.0,5.0,7.029037442930386,sim_input.json
47,1,9,<bidder.IntegralGreedyBidder object at 0x0000028086D3FEB8>,5,True,14,0.10161240436003671,3.0,3.0,1,1,5.5,1.0,1.0,1,1.0,1.0,1.0,1.0,0.10161240436003671,6.0,5.0,7.029037442930386,sim_input.json
47,1,9,<bidder.IntegralGreedyBidder object at 0x0000028086D3FEB8>,5,True,15,4.44309221659889,3.0,3.0,1,0.75,5.5,0.0,0.0,0,0.0,0.0,0.0,0.0,0.0,6.0,5.0,7.029037442930386,sim_input.json
47,1,9,<bidder.IntegralGreedyBidder object at 0x0000028086D3FEB8>,5,True,16,5.765641574443897,2.0,3.0,1,1,5.5,0.0,0.0,0,0.0,0.0,0.0,0.0,0.0,6.0,5.0,7.029037442930386,sim_input.json
47,1,9,<bidder.IntegralGreedyBidder object at 0x0000028086D3FEB8>,5,True,17,0.27032052984916144,1.0,4.0,0.75,1,5.5,0.0,1.0,1,0.75,0.75,0.75,0.75,0.20274039738687108,6.0,5.0,7.029037442930386,sim_input.json
47,1,9,<bidder.IntegralGreedyBidder object at 0x0000028086D3FEB8>,5,True,18,4.553444589176929,6.0,6.0,0.5,0.42857142857142855,5.5,0.0,0.0,0,0.0,0.0,0.0,0.0,0.0,6.0,5.0,7.029037442930386,sim_input.json
47,1,9,<bidder.IntegralGreedyBidder object at 0x0000028086D3FEB8>,5,True,19,3.9056712475906665,2.0,2.0,1,1,5.5,0.0,0.0,0,0.045112781954887216,0.0,0.0,0.045112781954887216,0.17619569538003005,6.0,5.0,7.029037442930386,sim_input.json
47,1,9,<bidder.IntegralGreedyBidder object at 0x0000028086D3FEB8>,5,True,20,6.327270076237591,0.0,1.0,1,1,5.5,0.0,0.0,0,0.09022556390977443,0.0,0.0,0.09022556390977443,0.5708815106379781,6.0,5.0,7.029037442930386,sim_input.json
47,1,9,<bidder.IntegralGreedyBidder object at 0x0000028086D3FEB8>,5,True,21,2.1942793740348643,1.0,1.0,1,1,5.5,0.0,0.0,0,0.09022556390977443,0.0,0.0,0.09022556390977443,0.1979800938978825,6.0,5.0,7.029037442930386,sim_input.json
47,1,9,<bidder.IntegralGreedyBidder object at 0x0000028086D3FEB8>,5,True,22,2.172543796336675,3.0,3.0,1,0.75,5.5,0.0,0.0,0,0.0,0.0,0.0,0.0,0.0,6.0,5.0,7.029037442930386,sim_input.json
47,1,9,<bidder.IntegralGreedyBidder object at 0x0000028086D3FEB8>,5,True,23,3.1396422775750814,1.0,3.0,1,1,5.5,0.0,0.0,0,0.0,0.0,0.0,0.0,0.0,6.0,5.0,7.029037442930386,sim_input.json
47,1,9,<bidder.IntegralGreedyBidder object at 0x0000028086D3FEB8>,5,True,24,0.5300837873825989,2.0,4.0,0.75,1,5.5,0.0,0.0,0,0.0012531328320801959,0.0,0.0,0.0012531328320801959,0.0006642653977225525,6.0,5.0,7.029037442930386,sim_input.json
47,1,9,<bidder.IntegralGreedyBidder object at 0x0000028086D3FEB8>,5,True,25,7.781077937931317,0.0,1.0,1,1,5.5,0.0,0.0,0,0.09022556390977443,0.0,0.0,0.09022556390977443,0.702052144775758,6.0,5.0,7.029037442930386,sim_input.json
47,1,9,<bidder.IntegralGreedyBidder object at 0x0000028086D3FEB8>,5,True,26,1.4538311600171405,0.0,1.0,1,1,5.5,0.0,0.0,0,0.09022556390977443,0.0,0.0,0.09022556390977443,0.131172736242148,6.0,5.0,7.029037442930386,sim_input.json
47,1,9,<bidder.IntegralGreedyBidder object at 0x0000028086D3FEB8>,5,True,27,3.5110415149967116,0.0,0.0,1,1,5.5,0.0,0.0,0,0.13533834586466165,0.0,0.0,0.13533834586466165,0.47517855090181055,6.0,5.0,7.029037442930386,sim_input.json
47,1,9,<bidder.IntegralGreedyBidder object at 0x0000028086D3FEB8>,5,True,28,0.236613262565323,3.0,3.0,1,0.75,5.5,0.0,0.0,0,0.0,0.0,0.0,0.0,0.0,6.0,5.0,7.029037442930386,sim_input.json
47,1,9,<bidder.IntegralGreedyBidder object at 0x0000028086D3FEB8>,5,True,29,0.684873717427007,1.0,2.0,1,1,5.5,0.0,0.0,0,0.045112781954887216,0.0,0.0,0.045112781954887216,0.030896558680917605,6.0,5.0,7.029037442930386,sim_input.json
47,1,9,<bidder.IntegralGreedyBidder object at 0x0000028086D3FEB8>,5,True,30,7.958927208936179,3.0,4.0,0.75,0.75,5.5,0.0,0.0,0,0.0,0.0,0.0,0.0,0.0,6.0,5.0,7.029037442930386,sim_input.json
47,1,9,<bidder.IntegralGreedyBidder object at 0x0000028086D3FEB8>,5,True,31,2.4428990218153506,3.0,3.0,1,0.75,5.5,0.0,0.0,0,0.0,0.0,0.0,0.0,0.0,6.0,5.0,7.029037442930386,sim_input.json
47,1,9,<bidder.IntegralGreedyBidder object at 0x0000028086D3FEB8>,5,True,32,0.9039046848540208,4.0,4.0,0.75,0.6,5.5,0.0,0.0,0,0.0,0.0,0.0,0.0,0.0,6.0,5.0,7.029037442930386,sim_input.json
47,1,9,<bidder.IntegralGreedyBidder object at 0x0000028086D3FEB8>,5,True,33,1.4069109001200417,2.0,2.0,1,1,5.5,0.0,0.0,0,0.045112781954887216,0.0,0.0,0.045112781954887216,0.06346966466706955,6.0,5.0,7.029037442930386,sim_input.json
47,1,9,<bidder.IntegralGreedyBidder object at 0x0000028086D3FEB8>,5,True,34,2.1020159124629267,4.0,4.0,0.75,0.6,5.5,0.0,0.0,0,0.0012531328320801959,0.0,0.0,0.0012531328320801959,0.0026341051534623044,6.0,5.0,7.029037442930386,sim_input.json
47,1,9,<bidder.IntegralGreedyBidder object at 0x0000028086D3FEB8>,5,True,35,3.1976556661468516,2.0,4.0,0.75,1,5.5,0.0,0.0,0,0.0,0.0,0.0,0.0,0.0,6.0,5.0,7.029037442930386,sim_input.json
47,1,9,<bidder.IntegralGreedyBidder object at 0x0000028086D3FEB8>,5,True,36,0.161339059402566,1.0,3.0,1,1,5.5,1.0,1.0,1,1.0,1.0,1.0,1.0,0.161339059402566,6.0,5.0,7.029037442930386,sim_input.json
47,1,9,<bidder.IntegralGreedyBidder object at 0x0000028086D3FEB8>,5,True,37,0.9174909520629521,6.0,6.0,0.5,0.42857142857142855,5.5,0.0,0.0,0,0.0,0.0,0.0,0.0,0.0,6.0,5.0,7.029037442930386,sim_input.json
47,1,9,<bidder.IntegralGreedyBidder object at 0x0000028086D3FEB8>,5,True,38,4.424242772440986,3.0,3.0,1,0.75,5.5,0.0,0.0,0,0.0,0.0,0.0,0.0,0.0,6.0,5.0,7.029037442930386,sim_input.json
47,1,9,<bidder.IntegralGreedyBidder object at 0x0000028086D3FEB8>,5,True,39,4.60173051697469,2.0,3.0,1,1,5.5,0.0,0.0,0,0.0,0.0,0.0,0.0,0.0,6.0,5.0,7.029037442930386,sim_input.json
47,1,9,<bidder.IntegralGreedyBidder object at 0x0000028086D3FEB8>,5,True,40,0.1344214439873439,2.0,4.0,0.75,1,5.5,1.0,1.0,1,0.75,0.75,0.75,0.75,0.10081608299050793,6.0,5.0,7.029037442930386,sim_input.json
47,1,9,<bidder.IntegralGreedyBidder object at 0x0000028086D3FEB8>,5,True,41,2.00019766573001,1.0,1.0,1,1,5.5,0.0,0.0,0,0.09022556390977443,0.0,0.0,0.09022556390977443,0.18046896232150464,6.0,5.0,7.029037442930386,sim_input.json
47,1,9,<bidder.IntegralGreedyBidder object at 0x0000028086D3FEB8>,5,True,42,3.1078819110001925,3.0,3.0,1,0.75,5.5,0.0,0.0,0,0.0016708437761069413,0.0,0.0,0.0016708437761069413,0.005192785147870018,6.0,5.0,7.029037442930386,sim_input.json
47,1,9,<bidder.IntegralGreedyBidder object at 0x0000028086D3FEB8>,5,True,43,2.2307980979513373,4.0,4.0,0.75,0.6,5.5,0.0,0.0,0,0.0012531328320801959,0.0,0.0,0.0012531328320801959,0.0027954863382848734,6.0,5.0,7.029037442930386,sim_input.json
47,1,9,<bidder.IntegralGreedyBidder object at 0x0000028086D3FEB8>,5,True,44,0.12076277893217746,1.0,3.0,1,1,5.5,1.0,1.0,1,1.0,1.0,1.0,1.0,0.12076277893217746,6.0,5.0,7.029037442930386,sim_input.json
47,1,9,<bidder.IntegralGreedyBidder object at 0x0000028086D3FEB8>,5,True,45,5.459808180703221,1.0,1.0,1,1,5.5,0.0,0.0,0,0.09022556390977443,0.0,0.0,0.09022556390977443,0.4926142719431477,6.0,5.0,7.029037442930386,sim_input.json
47,1,9,<bidder.IntegralGreedyBidder object at 0x0000028086D3FEB8>,5,True,46,0.801031708302484,0.0,0.0,1,1,5.5,0.0,0.0,0,0.13533834586466165,0.0,0.0,0.13533834586466165,0.10841030638680235,6.0,5.0,7.029037442930386,sim_input.json
47,1,9,<bidder.IntegralGreedyBidder object at 0x0000028086D3FEB8>,5,True,47,7.764362545731589,3.0,4.0,0.75,0.75,5.5,0.0,0.0,0,0.0,0.0,0.0,0.0,0.0,6.0,5.0,7.029037442930386,sim_input.json
47,1,9,<bidder.IntegralGreedyBidder object at 0x0000028086D3FEB8>,5,True,48,3.6628766695341826,2.0,2.0,1,1,5.5,0.0,0.0,0,0.046783625730994156,0.0,0.0,0.046783625730994156,0.17136265120627756,6.0,5.0,7.029037442930386,sim_input.json
47,1,9,<bidder.IntegralGreedyBidder object at 0x0000028086D3FEB8>,5,True,49,0.38612248307101615,2.0,3.0,1,1,5.5,0.0,0.0,0,0.0,0.0,0.0,0.0,0.0,6.0,5.0,7.029037442930386,sim_input.json
47,1,9,<bidder.IntegralGreedyBidder object at 0x0000028086D3FEB8>,5,True,50,7.951647090374033,0.0,0.0,1,1,5.5,0.0,0.0,0,0.13533834586466165,0.0,0.0,0.13533834586466165,1.0761627641107714,6.0,5.0,7.029037442930386,sim_input.json
47,1,9,<bidder.IntegralGreedyBidder object at 0x0000028086D3FEB8>,5,True,51,4.003709424792309,4.0,4.0,0.75,0.6,5.5,0.0,0.0,0,0.0,0.0,0.0,0.0,0.0,6.0,5.0,7.029037442930386,sim_input.json
47,1,10,<bidder.IntegralGreedyBidder object at 0x0000028086D3FE10>,5,True,0,6.432076246171311,5.0,6.0,0.5,0.5,5.75,0.0,0.0,0,0.0,0.0,0.0,0.0,0.0,7.0,5.25,7.3443948976227125,sim_input.json
47,1,10,<bidder.IntegralGreedyBidder object at 0x0000028086D3FE10>,5,True,1,2.985983264290911,1.0,1.0,1,1,5.75,0.0,0.0,0,0.07518796992481203,0.0,0.0,0.07518796992481203,0.22451001987149705,7.0,5.25,7.3443948976227125,sim_input.json
47,1,10,<bidder.IntegralGreedyBidder object at 0x0000028086D3FE10>,5,True,2,3.365010010860065,4.0,4.0,0.75,0.6,5.75,0.0,0.0,0,0.0,0.0,0.0,0.0,0.0,7.0,5.25,7.3443948976227125,sim_input.json
47,1,10,<bidder.IntegralGreedyBidder object at 0x0000028086D3FE10>,5,True,3,4.680151948051815,3.0,3.0,1,0.75,5.75,0.0,0.0,0,0.0,0.0,0.0,0.0,0.0,7.0,5.25,7.3443948976227125,sim_input.json
47,1,10,<bidder.IntegralGreedyBidder object at 0x0000028086D3FE10>,5,True,4,6.661849752077987,5.0,5.0,0.6,0.5,5.75,0.0,0.0,0,0.0,0.0,0.0,0.0,0.0,7.0,5.25,7.3443948976227125,sim_input.json
47,1,10,<bidder.IntegralGreedyBidder object at 0x0000028086D3FE10>,5,True,5,7.797761318819788,3.0,3.0,1,0.75,5.75,0.0,0.0,0,0.0,0.0,0.0,0.0,0.0,7.0,5.25,7.3443948976227125,sim_input.json
47,1,10,<bidder.IntegralGreedyBidder object at 0x0000028086D3FE10>,5,True,6,5.987857858295595,0.0,0.0,1,1,5.75,0.0,0.0,0,0.11278195488721804,0.0,0.0,0.11278195488721804,0.6753223148453678,7.0,5.25,7.3443948976227125,sim_input.json
47,1,10,<bidder.IntegralGreedyBidder object at 0x0000028086D3FE10>,5,True,7,2.0242828385840053,2.0,3.0,1,1,5.75,0.0,0.0,0,0.0013923698134224512,0.0,0.0,0.0013923698134224512,0.0028185503182734813,7.0,5.25,7.3443948976227125,sim_input.json
47,1,10,<bidder.IntegralGreedyBidder object at 0x0000028086D3FE10>,5,True,8,0.0,1.0,2.0,1,1,5.75,0.0,0.0,0,0.0,0.0,0.0,0.0,0.0,7.0,5.25,7.3443948976227125,sim_input.json
47,1,10,<bidder.IntegralGreedyBidder object at 0x0000028086D3FE10>,5,True,9,0.39347876894187406,4.0,4.0,0.75,0.75,5.75,1.0,1.0,1,0.75,0.75,0.75,0.75,0.2951090767064055,7.0,5.25,7.3443948976227125,sim_input.json
47,1,10,<bidder.IntegralGreedyBidder object at 0x0000028086D3FE10>,5,True,10,2.381954027880906,1.0,2.0,1,1,5.75,0.0,0.0,0,0.03759398496240601,0.0,0.0,0.03759398496240601,0.08954714390529721,7.0,5.25,7.3443948976227125,sim_input.json
47,1,10,<bidder.IntegralGreedyBidder object at 0x0000028086D3FE10>,5,True,11,0.0,1.0,2.0,1,1,5.75,0.0,0.0,0,0.0,0.0,0.0,0.0,0.0,7.0,5.25,7.3443948976227125,sim_input.json
47,1,10,<bidder.IntegralGreedyBidder object at 0x0000028086D3FE10>,5,True,12,0.6901180515170449,3.0,3.0,1,0.75,5.75,0.0,0.0,0,0.0,0.0,0.0,0.0,0.0,7.0,5.25,7.3443948976227125,sim_input.json
47,1,10,<bidder.IntegralGreedyBidder object at 0x0000028086D3FE10>,5,True,13,0.09673917834201806,6.0,6.0,0.5,0.5,5.75,1.0,1.0,1,0.5006961849067112,0.5,0.5,0.5006961849067112,0.04843693752685839,7.0,5.25,7.3443948976227125,sim_input.json
47,1,10,<bidder.IntegralGreedyBidder object at 0x0000028086D3FE10>,5,True,14,6.601998867376585,3.0,3.0,1,0.75,5.75,0.0,0.0,0,0.0,0.0,0.0,0.0,0.0,7.0,5.25,7.3443948976227125,sim_input.json
47,1,10,<bidder.IntegralGreedyBidder object at 0x0000028086D3FE10>,5,True,15,3.9858542018564735,3.0,3.0,1,0.75,5.75,0.0,0.0,0,0.0,0.0,0.0,0.0,0.0,7.0,5.25,7.3443948976227125,sim_input.json
47,1,10,<bidder.IntegralGreedyBidder object at 0x0000028086D3FE10>,5,True,16,2.8713995690395384,2.0,3.0,1,1,5.75,0.0,0.0,0,0.0,0.0,0.0,0.0,0.0,7.0,5.25,7.3443948976227125,sim_input.json
47,1,10,<bidder.IntegralGreedyBidder object at 0x0000028086D3FE10>,5,True,17,4.010561622200047,1.0,4.0,0.75,1,5.75,0.0,0.0,0,0.0,0.0,0.0,0.0,0.0,7.0,5.25,7.3443948976227125,sim_input.json
47,1,10,<bidder.IntegralGreedyBidder object at 0x0000028086D3FE10>,5,True,18,0.3968081502124119,6.0,6.0,0.5,0.42857142857142855,5.75,0.0,0.0,0,0.0,0.0,0.0,0.0,0.0,7.0,5.25,7.3443948976227125,sim_input.json
47,1,10,<bidder.IntegralGreedyBidder object at 0x0000028086D3FE10>,5,True,19,3.4237372154826273,2.0,2.0,1,1,5.75,0.0,0.0,0,0.03759398496240601,0.0,0.0,0.03759398496240601,0.12871192539408371,7.0,5.25,7.3443948976227125,sim_input.json
47,1,10,<bidder.IntegralGreedyBidder object at 0x0000028086D3FE10>,5,True,20,5.514924228679171,0.0,1.0,1,1,5.75,0.0,0.0,0,0.07518796992481203,0.0,0.0,0.07518796992481203,0.4146559570435467,7.0,5.25,7.3443948976227125,sim_input.json
47,1,10,<bidder.IntegralGreedyBidder object at 0x0000028086D3FE10>,5,True,21,0.2935334045483796,1.0,1.0,1,1,5.75,1.0,1.0,1,1.0,1.0,1.0,1.0,0.2935334045483796,7.0,5.25,7.3443948976227125,sim_input.json
47,1,10,<bidder.IntegralGreedyBidder object at 0x0000028086D3FE10>,5,True,22,7.098630846550389,3.0,3.0,1,0.75,5.75,0.0,0.0,0,0.0,0.0,0.0,0.0,0.0,7.0,5.25,7.3443948976227125,sim_input.json
47,1,10,<bidder.IntegralGreedyBidder object at 0x0000028086D3FE10>,5,True,23,5.3253344358135895,1.0,3.0,1,1,5.75,0.0,0.0,0,0.0,0.0,0.0,0.0,0.0,7.0,5.25,7.3443948976227125,sim_input.json
47,1,10,<bidder.IntegralGreedyBidder object at 0x0000028086D3FE10>,5,True,24,7.399699785650447,2.0,4.0,0.75,1,5.75,0.0,0.0,0,0.00104427736006683,0.0,0.0,0.00104427736006683,0.0077273389574461365,7.0,5.25,7.3443948976227125,sim_input.json
47,1,10,<bidder.IntegralGreedyBidder object at 0x0000028086D3FE10>,5,True,25,3.4503197730322492,0.0,1.0,1,1,5.75,0.0,0.0,0,0.07518796992481203,0.0,0.0,0.07518796992481203,0.259422539325733,7.0,5.25,7.3443948976227125,sim_input.json
47,1,10,<bidder.IntegralGreedyBidder object at 0x0000028086D3FE10>,5,True,26,6.174467809267936,0.0,1.0,1,1,5.75,0.0,0.0,0,0.07518796992481203,0.0,0.0,0.07518796992481203,0.46424569994495757,7.0,5.25,7.3443948976227125,sim_input.json
47,1,10,<bidder.IntegralGreedyBidder object at 0x0000028086D3FE10>,5,True,27,7.109628987330721,0.0,0.0,1,1,5.75,0.0,0.0,0,0.11278195488721804,0.0,0.0,0.11278195488721804,0.801837855713991,7.0,5.25,7.3443948976227125,sim_input.json
47,1,10,<bidder.IntegralGreedyBidder object at 0x0000028086D3FE10>,5,True,28,0.6681249585678227,3.0,3.0,1,0.75,5.75,0.0,0.0,0,0.0,0.0,0.0,0.0,0.0,7.0,5.25,7.3443948976227125,sim_input.json
47,1,10,<bidder.IntegralGreedyBidder object at 0x0000028086D3FE10>,5,True,29,5.479290906973648,1.0,2.0,1,1,5.75,0.0,0.0,0,0.03759398496240601,0.0,0.0,0.03759398496240601,0.20598837996141534,7.0,5.25,7.3443948976227125,sim_input.json
47,1,10,<bidder.IntegralGreedyBidder object at 0x0000028086D3FE10>,5,True,30,0.5909534287806175,3.0,4.0,0.75,0.75,5.75,0.0,1.0,1,0.75,0.75,0.75,0.75,0.44321507158546314,7.0,5.25,7.3443948976227125,sim_input.json
47,1,10,<bidder.IntegralGreedyBidder object at 0x0000028086D3FE10>,5,True,31,0.6651977041962912,3.0,3.0,1,0.75,5.75,0.0,0.0,0,0.0,0.0,0.0,0.0,0.0,7.0,5.25,7.3443948976227125,sim_input.json
47,1,10,<bidder.IntegralGreedyBidder object at 0x0000028086D3FE10>,5,True,32,0.06479578829271349,4.0,4.0,0.75,0.75,5.75,1.0,1.0,1,0.75,0.75,0.75,0.75,0.048596841219535114,7.0,5.25,7.3443948976227125,sim_input.json
47,1,10,<bidder.IntegralGreedyBidder object at 0x0000028086D3FE10>,5,True,33,7.994168856800302,2.0,2.0,1,1,5.75,0.0,0.0,0,0.03759398496240601,0.0,0.0,0.03759398496240601,0.300532663789485,7.0,5.25,7.3443948976227125,sim_input.json
47,1,10,<bidder.IntegralGreedyBidder object at 0x0000028086D3FE10>,5,True,34,3.5280273740254793,4.0,4.0,0.75,0.6,5.75,0.0,0.0,0,0.00104427736006683,0.0,0.0,0.00104427736006683,0.003684239112390838,7.0,5.25,7.3443948976227125,sim_input.json
47,1,10,<bidder.IntegralGreedyBidder object at 0x0000028086D3FE10>,5,True,35,0.07340780755154375,2.0,4.0,0.75,1,5.75,1.0,1.0,1,0.75,0.75,0.75,0.75,0.05505585566365781,7.0,5.25,7.3443948976227125,sim_input.json
47,1,10,<bidder.IntegralGreedyBidder object at 0x0000028086D3FE10>,5,True,36,5.044065723272034,1.0,3.0,1,1,5.75,0.0,0.0,0,0.0,0.0,0.0,0.0,0.0,7.0,5.25,7.3443948976227125,sim_input.json
47,1,10,<bidder.IntegralGreedyBidder object at 0x0000028086D3FE10>,5,True,37,0.5241852210384527,6.0,6.0,0.5,0.42857142857142855,5.75,0.0,0.0,0,0.0,0.0,0.0,0.0,0.0,7.0,5.25,7.3443948976227125,sim_input.json
47,1,10,<bidder.IntegralGreedyBidder object at 0x0000028086D3FE10>,5,True,38,2.2056131216335455,3.0,3.0,1,0.75,5.75,0.0,0.0,0,0.0,0.0,0.0,0.0,0.0,7.0,5.25,7.3443948976227125,sim_input.json
47,1,10,<bidder.IntegralGreedyBidder object at 0x0000028086D3FE10>,5,True,39,2.866617498950128,2.0,3.0,1,1,5.75,0.0,0.0,0,0.0,0.0,0.0,0.0,0.0,7.0,5.25,7.3443948976227125,sim_input.json
47,1,10,<bidder.IntegralGreedyBidder object at 0x0000028086D3FE10>,5,True,40,0.7308482338799652,2.0,4.0,0.75,1,5.75,0.0,1.0,1,0.75,0.75,0.75,0.75,0.548136175409974,7.0,5.25,7.3443948976227125,sim_input.json
47,1,10,<bidder.IntegralGreedyBidder object at 0x0000028086D3FE10>,5,True,41,6.846947820067205,1.0,1.0,1,1,5.75,0.0,0.0,0,0.07518796992481203,0.0,0.0,0.07518796992481203,0.5148081067719703,7.0,5.25,7.3443948976227125,sim_input.json
47,1,10,<bidder.IntegralGreedyBidder object at 0x0000028086D3FE10>,5,True,42,3.529298309144675,3.0,3.0,1,0.75,5.75,0.0,0.0,0,0.0013923698134224512,0.0,0.0,0.0013923698134224512,0.004914088428215944,7.0,5.25,7.3443948976227125,sim_input.json
47,1,10,<bidder.IntegralGreedyBidder object at 0x0000028086D3FE10>,5,True,43,4.170232026677701,4.0,4.0,0.75,0.6,5.75,0.0,0.0,0,0.00104427736006683,0.0,0.0,0.00104427736006683,0.004354878891685136,7.0,5.25,7.3443948976227125,sim_input.json
47,1,10,<bidder.IntegralGreedyBidder object at 0x0000028086D3FE10>,5,True,44,5.010563474657847,1.0,3.0,1,1,5.75,0.0,0.0,0,0.0,0.0,0.0,0.0,0.0,7.0,5.25,7.3443948976227125,sim_input.json
47,1,10,<bidder.IntegralGreedyBidder object at 0x0000028086D3FE10>,5,True,45,3.0488403675427276,1.0,1.0,1,1,5.75,0.0,0.0,0,0.07518796992481203,0.0,0.0,0.07518796992481203,0.22923611786035544,7.0,5.25,7.3443948976227125,sim_input.json
47,1,10,<bidder.IntegralGreedyBidder object at 0x0000028086D3FE10>,5,True,46,5.893385993723283,0.0,0.0,1,1,5.75,0.0,0.0,0,0.11278195488721804,0.0,0.0,0.11278195488721804,0.6646675932770619,7.0,5.25,7.3443948976227125,sim_input.json
47,1,10,<bidder.IntegralGreedyBidder object at 0x0000028086D3FE10>,5,True,47,3.0228402188140846,3.0,4.0,0.75,0.75,5.75,0.0,0.0,0,0.0,0.0,0.0,0.0,0.0,7.0,5.25,7.3443948976227125,sim_input.json
47,1,10,<bidder.IntegralGreedyBidder object at 0x0000028086D3FE10>,5,True,48,0.0,2.0,2.0,1,1,5.75,0.0,0.0,0,0.0,0.0,0.0,0.0,0.0,7.0,5.25,7.3443948976227125,sim_input.json
47,1,10,<bidder.IntegralGreedyBidder object at 0x0000028086D3FE10>,5,True,49,3.874298499755535,2.0,3.0,1,1,5.75,0.0,0.0,0,0.0,0.0,0.0,0.0,0.0,7.0,5.25,7.3443948976227125,sim_input.json
47,1,10,<bidder.IntegralGreedyBidder object at 0x0000028086D3FE10>,5,True,50,5.455891611073707,0.0,0.0,1,1,5.75,0.0,0.0,0,0.11278195488721804,0.0,0.0,0.11278195488721804,0.6153261215496661,7.0,5.25,7.3443948976227125,sim_input.json
47,1,10,<bidder.IntegralGreedyBidder object at 0x0000028086D3FE10>,5,True,51,6.223919581175307,4.0,4.0,0.75,0.6,5.75,0.0,0.0,0,0.0,0.0,0.0,0.0,0.0,7.0,5.25,7.3443948976227125,sim_input.json
47,1,11,<bidder.IntegralGreedyBidder object at 0x0000028086D3FD68>,5,True,0,3.8057824279435204,5.0,6.0,0.5,0.5,5.85,0.0,0.0,0,0.0,0.0,0.0,0.0,0.0,7.0,5.85,7.8014505266445235,sim_input.json
47,1,11,<bidder.IntegralGreedyBidder object at 0x0000028086D3FD68>,5,True,1,4.686869533313623,1.0,1.0,1,1,5.85,0.0,0.0,0,0.03909774436090228,0.0,0.0,0.03909774436090228,0.1832460268663974,7.0,5.85,7.8014505266445235,sim_input.json
47,1,11,<bidder.IntegralGreedyBidder object at 0x0000028086D3FD68>,5,True,2,3.418393357783895,4.0,4.0,0.75,0.6,5.85,0.0,0.0,0,0.0,0.0,0.0,0.0,0.0,7.0,5.85,7.8014505266445235,sim_input.json
47,1,11,<bidder.IntegralGreedyBidder object at 0x0000028086D3FD68>,5,True,3,0.3391139356387439,3.0,3.0,1,1,5.85,1.0,1.0,1,1.0,1.0,1.0,1.0,0.3391139356387439,7.0,5.85,7.8014505266445235,sim_input.json
47,1,11,<bidder.IntegralGreedyBidder object at 0x0000028086D3FD68>,5,True,4,0.41208105532670747,5.0,5.0,0.6,0.6,5.85,1.0,1.0,1,0.6,0.6,0.6,0.6,0.24724863319602447,7.0,5.85,7.8014505266445235,sim_input.json
47,1,11,<bidder.IntegralGreedyBidder object at 0x0000028086D3FD68>,5,True,5,1.916434089178213,3.0,3.0,1,0.75,5.85,0.0,0.0,0,0.0,0.0,0.0,0.0,0.0,7.0,5.85,7.8014505266445235,sim_input.json
47,1,11,<bidder.IntegralGreedyBidder object at 0x0000028086D3FD68>,5,True,6,4.364390651556186,0.0,0.0,1,1,5.85,0.0,0.0,0,0.05864661654135342,0.0,0.0,0.05864661654135342,0.25595674497848325,7.0,5.85,7.8014505266445235,sim_input.json
47,1,11,<bidder.IntegralGreedyBidder object at 0x0000028086D3FD68>,5,True,7,3.7889299669449357,2.0,3.0,1,1,5.85,0.0,0.0,0,0.000724032302979675,0.0,0.0,0.000724032302979675,0.0027433076897958454,7.0,5.85,7.8014505266445235,sim_input.json
47,1,11,<bidder.IntegralGreedyBidder object at 0x0000028086D3FD68>,5,True,8,4.260198149394805,1.0,2.0,1,1,5.85,0.0,0.0,0,0.020272904483430814,0.0,0.0,0.020272904483430814,0.0863665901631696,7.0,5.85,7.8014505266445235,sim_input.json
47,1,11,<bidder.IntegralGreedyBidder object at 0x0000028086D3FD68>,5,True,9,0.358810735015999,4.0,4.0,0.75,0.75,5.85,1.0,1.0,1,0.75,0.75,0.75,0.75,0.26910805126199927,7.0,5.85,7.8014505266445235,sim_input.json
47,1,11,<bidder.IntegralGreedyBidder object at 0x0000028086D3FD68>,5,True,10,3.20225460228028,1.0,2.0,1,1,5.85,0.0,0.0,0,0.01954887218045114,0.0,0.0,0.01954887218045114,0.06260046590923858,7.0,5.85,7.8014505266445235,sim_input.json
47,1,11,<bidder.IntegralGreedyBidder object at 0x0000028086D3FD68>,5,True,11,0.7796404284855413,1.0,2.0,1,1,5.85,1.0,1.0,1,1.0,1.0,1.0,1.0,0.7796404284855413,7.0,5.85,7.8014505266445235,sim_input.json
47,1,11,<bidder.IntegralGreedyBidder object at 0x0000028086D3FD68>,5,True,12,3.8260017964654693,3.0,3.0,1,0.75,5.85,0.0,0.0,0,0.0,0.0,0.0,0.0,0.0,7.0,5.85,7.8014505266445235,sim_input.json
47,1,11,<bidder.IntegralGreedyBidder object at 0x0000028086D3FD68>,5,True,13,0.5307183676380376,6.0,6.0,0.5,0.5,5.85,1.0,1.0,1,0.5003620161514898,0.5,0.5,0.5003620161514898,0.2655513124399961,7.0,5.85,7.8014505266445235,sim_input.json
47,1,11,<bidder.IntegralGreedyBidder object at 0x0000028086D3FD68>,5,True,14,6.208787748512711,3.0,3.0,1,0.75,5.85,0.0,0.0,0,0.0,0.0,0.0,0.0,0.0,7.0,5.85,7.8014505266445235,sim_input.json
47,1,11,<bidder.IntegralGreedyBidder object at 0x0000028086D3FD68>,5,True,15,2.419460284175112,3.0,3.0,1,0.75,5.85,0.0,0.0,0,0.0,0.0,0.0,0.0,0.0,7.0,5.85,7.8014505266445235,sim_input.json
47,1,11,<bidder.IntegralGreedyBidder object at 0x0000028086D3FD68>,5,True,16,2.1266073892891106,2.0,3.0,1,1,5.85,0.0,0.0,0,0.0,0.0,0.0,0.0,0.0,7.0,5.85,7.8014505266445235,sim_input.json
47,1,11,<bidder.IntegralGreedyBidder object at 0x0000028086D3FD68>,5,True,17,4.498686202471617,1.0,4.0,0.75,1,5.85,0.0,0.0,0,0.0,0.0,0.0,0.0,0.0,7.0,5.85,7.8014505266445235,sim_input.json
47,1,11,<bidder.IntegralGreedyBidder object at 0x0000028086D3FD68>,5,True,18,5.302025770715474,6.0,6.0,0.5,0.42857142857142855,5.85,0.0,0.0,0,0.0,0.0,0.0,0.0,0.0,7.0,5.85,7.8014505266445235,sim_input.json
47,1,11,<bidder.IntegralGreedyBidder object at 0x0000028086D3FD68>,5,True,19,7.172114360665231,2.0,2.0,1,1,5.85,0.0,0.0,0,0.01954887218045114,0.0,0.0,0.01954887218045114,0.14020674690022264,7.0,5.85,7.8014505266445235,sim_input.json
47,1,11,<bidder.IntegralGreedyBidder object at 0x0000028086D3FD68>,5,True,20,2.0315783087106842,0.0,1.0,1,1,5.85,0.0,1.0,1,1.0,1.0,1.0,1.0,2.0315783087106842,7.0,5.85,7.8014505266445235,sim_input.json
47,1,11,<bidder.IntegralGreedyBidder object at 0x0000028086D3FD68>,5,True,21,2.5651927614374532,1.0,1.0,1,1,5.85,0.0,0.0,0,0.03909774436090228,0.0,0.0,0.03909774436090228,0.10029325082311853,7.0,5.85,7.8014505266445235,sim_input.json
47,1,11,<bidder.IntegralGreedyBidder object at 0x0000028086D3FD68>,5,True,22,6.532987489170161,3.0,3.0,1,0.75,5.85,0.0,0.0,0,0.0,0.0,0.0,0.0,0.0,7.0,5.85,7.8014505266445235,sim_input.json
47,1,11,<bidder.IntegralGreedyBidder object at 0x0000028086D3FD68>,5,True,23,4.190889589199272,1.0,3.0,1,1,5.85,0.0,0.0,0,0.0,0.0,0.0,0.0,0.0,7.0,5.85,7.8014505266445235,sim_input.json
47,1,11,<bidder.IntegralGreedyBidder object at 0x0000028086D3FD68>,5,True,24,5.183205382609065,2.0,4.0,0.75,1,5.85,0.0,0.0,0,0.0005430242272347519,0.0,0.0,0.0005430242272347519,0.002814606097490294,7.0,5.85,7.8014505266445235,sim_input.json
47,1,11,<bidder.IntegralGreedyBidder object at 0x0000028086D3FD68>,5,True,25,0.984520067027397,0.0,1.0,1,1,5.85,0.0,1.0,1,1.0,1.0,1.0,1.0,0.984520067027397,7.0,5.85,7.8014505266445235,sim_input.json
47,1,11,<bidder.IntegralGreedyBidder object at 0x0000028086D3FD68>,5,True,26,7.834751374083321,0.0,1.0,1,1,5.85,0.0,0.0,0,0.03909774436090228,0.0,0.0,0.03909774436090228,0.30632110635513754,7.0,5.85,7.8014505266445235,sim_input.json
47,1,11,<bidder.IntegralGreedyBidder object at 0x0000028086D3FD68>,5,True,27,7.979910150076525,0.0,0.0,1,1,5.85,0.0,0.0,0,0.05864661654135342,0.0,0.0,0.05864661654135342,0.46799473060599195,7.0,5.85,7.8014505266445235,sim_input.json
47,1,11,<bidder.IntegralGreedyBidder object at 0x0000028086D3FD68>,5,True,28,2.6541455736927455,3.0,3.0,1,0.75,5.85,0.0,0.0,0,0.0,0.0,0.0,0.0,0.0,7.0,5.85,7.8014505266445235,sim_input.json
47,1,11,<bidder.IntegralGreedyBidder object at 0x0000028086D3FD68>,5,True,29,4.330185944079931,1.0,2.0,1,1,5.85,0.0,0.0,0,0.01954887218045114,0.0,0.0,0.01954887218045114,0.0846502515384047,7.0,5.85,7.8014505266445235,sim_input.json
47,1,11,<bidder.IntegralGreedyBidder object at 0x0000028086D3FD68>,5,True,30,3.0095908133168443,3.0,4.0,0.75,0.75,5.85,0.0,0.0,0,0.0,0.0,0.0,0.0,0.0,7.0,5.85,7.8014505266445235,sim_input.json
47,1,11,<bidder.IntegralGreedyBidder object at 0x0000028086D3FD68>,5,True,31,2.600995813086042,3.0,3.0,1,0.75,5.85,0.0,0.0,0,0.0,0.0,0.0,0.0,0.0,7.0,5.85,7.8014505266445235,sim_input.json
47,1,11,<bidder.IntegralGreedyBidder object at 0x0000028086D3FD68>,5,True,32,4.308979610936619,4.0,4.0,0.75,0.6,5.85,0.0,0.0,0,0.0,0.0,0.0,0.0,0.0,7.0,5.85,7.8014505266445235,sim_input.json
47,1,11,<bidder.IntegralGreedyBidder object at 0x0000028086D3FD68>,5,True,33,3.091332599946181,2.0,2.0,1,1,5.85,0.0,0.0,0,0.01954887218045114,0.0,0.0,0.01954887218045114,0.06043206586360959,7.0,5.85,7.8014505266445235,sim_input.json
47,1,11,<bidder.IntegralGreedyBidder object at 0x0000028086D3FD68>,5,True,34,1.6158696933524568,4.0,4.0,0.75,0.6,5.85,0.0,0.0,0,0.0005430242272347519,0.0,0.0,0.0005430242272347519,0.0008774563915447734,7.0,5.85,7.8014505266445235,sim_input.json
47,1,11,<bidder.IntegralGreedyBidder object at 0x0000028086D3FD68>,5,True,35,3.2602247492820275,2.0,4.0,0.75,1,5.85,0.0,0.0,0,0.0,0.0,0.0,0.0,0.0,7.0,5.85,7.8014505266445235,sim_input.json
47,1,11,<bidder.IntegralGreedyBidder object at 0x0000028086D3FD68>,5,True,36,6.479638851296551,1.0,3.0,1,1,5.85,0.0,0.0,0,0.0,0.0,0.0,0.0,0.0,7.0,5.85,7.8014505266445235,sim_input.json
47,1,11,<bidder.IntegralGreedyBidder object at 0x0000028086D3FD68>,5,True,37,6.987129502451512,6.0,6.0,0.5,0.42857142857142855,5.85,0.0,0.0,0,0.0,0.0,0.0,0.0,0.0,7.0,5.85,7.8014505266445235,sim_input.json
47,1,11,<bidder.IntegralGreedyBidder object at 0x0000028086D3FD68>,5,True,38,7.846381151602819,3.0,3.0,1,0.75,5.85,0.0,0.0,0,0.0,0.0,0.0,0.0,0.0,7.0,5.85,7.8014505266445235,sim_input.json
47,1,11,<bidder.IntegralGreedyBidder object at 0x0000028086D3FD68>,5,True,39,3.6943844540520963,2.0,3.0,1,1,5.85,0.0,0.0,0,0.0,0.0,0.0,0.0,0.0,7.0,5.85,7.8014505266445235,sim_input.json
47,1,11,<bidder.IntegralGreedyBidder object at 0x0000028086D3FD68>,5,True,40,2.538403977367504,2.0,4.0,0.75,1,5.85,0.0,0.0,0,0.0,0.0,0.0,0.0,0.0,7.0,5.85,7.8014505266445235,sim_input.json
47,1,11,<bidder.IntegralGreedyBidder object at 0x0000028086D3FD68>,5,True,41,6.568805351551371,1.0,1.0,1,1,5.85,0.0,0.0,0,0.03909774436090228,0.0,0.0,0.03909774436090228,0.25682547239148235,7.0,5.85,7.8014505266445235,sim_input.json
47,1,11,<bidder.IntegralGreedyBidder object at 0x0000028086D3FD68>,5,True,42,0.0,3.0,3.0,1,0.75,5.85,0.0,0.0,0,0.0,0.0,0.0,0.0,0.0,7.0,5.85,7.8014505266445235,sim_input.json
47,1,11,<bidder.IntegralGreedyBidder object at 0x0000028086D3FD68>,5,True,43,5.888236321402309,4.0,4.0,0.75,0.6,5.85,0.0,0.0,0,0.0005430242272347519,0.0,0.0,0.0005430242272347519,0.003197454978205087,7.0,5.85,7.8014505266445235,sim_input.json
47,1,11,<bidder.IntegralGreedyBidder object at 0x0000028086D3FD68>,5,True,44,3.5653716447488843,1.0,3.0,1,1,5.85,0.0,0.0,0,0.0,0.0,0.0,0.0,0.0,7.0,5.85,7.8014505266445235,sim_input.json
47,1,11,<bidder.IntegralGreedyBidder object at 0x0000028086D3FD68>,5,True,45,5.231572108890866,1.0,1.0,1,1,5.85,0.0,0.0,0,0.03909774436090228,0.0,0.0,0.03909774436090228,0.2045426689190415,7.0,5.85,7.8014505266445235,sim_input.json
47,1,11,<bidder.IntegralGreedyBidder object at 0x0000028086D3FD68>,5,True,46,7.150752045496642,0.0,0.0,1,1,5.85,0.0,0.0,0,0.05864661654135342,0.0,0.0,0.05864661654135342,0.41936741319454013,7.0,5.85,7.8014505266445235,sim_input.json
47,1,11,<bidder.IntegralGreedyBidder object at 0x0000028086D3FD68>,5,True,47,0.0,3.0,4.0,0.75,0.75,5.85,0.0,0.0,0,0.0,0.0,0.0,0.0,0.0,7.0,5.85,7.8014505266445235,sim_input.json
47,1,11,<bidder.IntegralGreedyBidder object at 0x0000028086D3FD68>,5,True,48,3.537115598547958,2.0,2.0,1,1,5.85,0.0,0.0,0,0.020272904483430814,0.0,0.0,0.020272904483430814,0.07170760667621597,7.0,5.85,7.8014505266445235,sim_input.json
47,1,11,<bidder.IntegralGreedyBidder object at 0x0000028086D3FD68>,5,True,49,0.0,2.0,3.0,1,1,5.85,0.0,0.0,0,0.0,0.0,0.0,0.0,0.0,7.0,5.85,7.8014505266445235,sim_input.json
47,1,11,<bidder.IntegralGreedyBidder object at 0x0000028086D3FD68>,5,True,50,2.9762300680887805,0.0,0.0,1,1,5.85,0.0,0.0,0,0.05864661654135342,0.0,0.0,0.05864661654135342,0.1745458235420489,7.0,5.85,7.8014505266445235,sim_input.json
47,1,11,<bidder.IntegralGreedyBidder object at 0x0000028086D3FD68>,5,True,51,5.9788653203978885,4.0,4.0,0.75,0.6,5.85,0.0,0.0,0,0.0,0.0,0.0,0.0,0.0,7.0,5.85,7.8014505266445235,sim_input.json
47,1,12,<bidder.UniformBidder object at 0x0000028086D3FCC0>,5,True,0,0.0,5.0,6.0,0.5,0.5,4.35,0.0,0.0,0,0.0,0.0,0.0,0.0,0.0,5.0,4.1,11.470845801137658,sim_input.json
47,1,12,<bidder.UniformBidder object at 0x0000028086D3FCC0>,5,True,1,4.368702186332518,1.0,1.0,1,1,4.35,0.0,0.0,0,0.1443609022556391,0.0,0.0,0.1443609022556391,0.6306697893051455,5.0,4.1,11.470845801137658,sim_input.json
47,1,12,<bidder.UniformBidder object at 0x0000028086D3FCC0>,5,True,2,2.4531326964733595,4.0,4.0,0.75,0.6,4.35,0.0,0.0,0,0.0,0.0,0.0,0.0,0.0,5.0,4.1,11.470845801137658,sim_input.json
47,1,12,<bidder.UniformBidder object at 0x0000028086D3FCC0>,5,True,3,3.4576212612019672,3.0,3.0,1,0.75,4.35,0.0,0.0,0,0.0,0.0,0.0,0.0,0.0,5.0,4.1,11.470845801137658,sim_input.json
47,1,12,<bidder.UniformBidder object at 0x0000028086D3FCC0>,5,True,4,0.5178941479615422,5.0,5.0,0.6,0.6,4.35,1.0,1.0,1,0.6,0.6,0.6,0.6,0.31073648877692533,5.0,4.1,11.470845801137658,sim_input.json
47,1,12,<bidder.UniformBidder object at 0x0000028086D3FCC0>,5,True,5,0.9679196881046099,3.0,3.0,1,0.75,4.35,0.0,0.0,0,0.0,0.0,0.0,0.0,0.0,5.0,4.1,11.470845801137658,sim_input.json
47,1,12,<bidder.UniformBidder object at 0x0000028086D3FCC0>,5,True,6,5.300855758975613,0.0,0.0,1,1,4.35,0.0,0.0,0,0.21654135338345865,0.0,0.0,0.21654135338345865,1.1478544801390802,5.0,4.1,11.470845801137658,sim_input.json
47,1,12,<bidder.UniformBidder object at 0x0000028086D3FCC0>,5,True,7,3.687571932706174,2.0,3.0,1,1,4.35,0.0,0.0,0,0.0026733500417711062,0.0,0.0,0.0026733500417711062,0.00985817058033401,5.0,4.1,11.470845801137658,sim_input.json
47,1,12,<bidder.UniformBidder object at 0x0000028086D3FCC0>,5,True,8,1.9821882238201958,1.0,2.0,1,1,4.35,0.0,0.0,0,0.07485380116959066,0.0,0.0,0.07485380116959066,0.148374323186541,5.0,4.1,11.470845801137658,sim_input.json
47,1,12,<bidder.UniformBidder object at 0x0000028086D3FCC0>,5,True,9,4.965122198283994,4.0,4.0,0.75,0.6,4.35,0.0,0.0,0,0.0,0.0,0.0,0.0,0.0,5.0,4.1,11.470845801137658,sim_input.json
47,1,12,<bidder.UniformBidder object at 0x0000028086D3FCC0>,5,True,10,6.5062507207393265,1.0,2.0,1,1,4.35,0.0,0.0,0,0.07218045112781955,0.0,0.0,0.07218045112781955,0.4696241121736657,5.0,4.1,11.470845801137658,sim_input.json
47,1,12,<bidder.UniformBidder object at 0x0000028086D3FCC0>,5,True,11,0.0,1.0,2.0,1,1,4.35,0.0,0.0,0,0.0,0.0,0.0,0.0,0.0,5.0,4.1,11.470845801137658,sim_input.json
47,1,12,<bidder.UniformBidder object at 0x0000028086D3FCC0>,5,True,12,2.7239165148216564,3.0,3.0,1,0.75,4.35,0.0,0.0,0,0.0,0.0,0.0,0.0,0.0,5.0,4.1,11.470845801137658,sim_input.json
47,1,12,<bidder.UniformBidder object at 0x0000028086D3FCC0>,5,True,13,1.1458279891261278,6.0,6.0,0.5,0.42857142857142855,4.35,0.0,0.0,0,0.0013366750208855531,0.0,0.0,0.0013366750208855531,0.0015315996512964183,5.0,4.1,11.470845801137658,sim_input.json
47,1,12,<bidder.UniformBidder object at 0x0000028086D3FCC0>,5,True,14,3.9963700800797013,3.0,3.0,1,0.75,4.35,0.0,0.0,0,0.0,0.0,0.0,0.0,0.0,5.0,4.1,11.470845801137658,sim_input.json
47,1,12,<bidder.UniformBidder object at 0x0000028086D3FCC0>,5,True,15,7.281060389088941,3.0,3.0,1,0.75,4.35,0.0,0.0,0,0.0,0.0,0.0,0.0,0.0,5.0,4.1,11.470845801137658,sim_input.json
47,1,12,<bidder.UniformBidder object at 0x0000028086D3FCC0>,5,True,16,1.6270391005093046,2.0,3.0,1,1,4.35,0.0,0.0,0,0.0,0.0,0.0,0.0,0.0,5.0,4.1,11.470845801137658,sim_input.json
47,1,12,<bidder.UniformBidder object at 0x0000028086D3FCC0>,5,True,17,0.0,1.0,4.0,0.75,1,4.35,0.0,0.0,0,0.0,0.0,0.0,0.0,0.0,5.0,4.1,11.470845801137658,sim_input.json
47,1,12,<bidder.UniformBidder object at 0x0000028086D3FCC0>,5,True,18,0.0,6.0,6.0,0.5,0.42857142857142855,4.35,0.0,0.0,0,0.0,0.0,0.0,0.0,0.0,5.0,4.1,11.470845801137658,sim_input.json
47,1,12,<bidder.UniformBidder object at 0x0000028086D3FCC0>,5,True,19,4.672324018253086,2.0,2.0,1,1,4.35,0.0,0.0,0,0.07218045112781955,0.0,0.0,0.07218045112781955,0.3372504554528543,5.0,4.1,11.470845801137658,sim_input.json
47,1,12,<bidder.UniformBidder object at 0x0000028086D3FCC0>,5,True,20,7.668106815318035,0.0,1.0,1,1,4.35,0.0,0.0,0,0.1443609022556391,0.0,0.0,0.1443609022556391,1.106974818451927,5.0,4.1,11.470845801137658,sim_input.json
47,1,12,<bidder.UniformBidder object at 0x0000028086D3FCC0>,5,True,21,4.239753492999009,1.0,1.0,1,1,4.35,0.0,0.0,0,0.1443609022556391,0.0,0.0,0.1443609022556391,0.6120546395908344,5.0,4.1,11.470845801137658,sim_input.json
47,1,12,<bidder.UniformBidder object at 0x0000028086D3FCC0>,5,True,22,7.046670767711719,3.0,3.0,1,0.75,4.35,0.0,0.0,0,0.0,0.0,0.0,0.0,0.0,5.0,4.1,11.470845801137658,sim_input.json
47,1,12,<bidder.UniformBidder object at 0x0000028086D3FCC0>,5,True,23,3.2312348508338538,1.0,3.0,1,1,4.35,0.0,0.0,0,0.0,0.0,0.0,0.0,0.0,5.0,4.1,11.470845801137658,sim_input.json
47,1,12,<bidder.UniformBidder object at 0x0000028086D3FCC0>,5,True,24,0.42953455834355736,2.0,4.0,0.75,1,4.35,1.0,1.0,1,0.7520050125313283,0.75,0.75,0.7520050125313283,0.3230121409297854,5.0,4.1,11.470845801137658,sim_input.json
47,1,12,<bidder.UniformBidder object at 0x0000028086D3FCC0>,5,True,25,6.720938426001931,0.0,1.0,1,1,4.35,0.0,0.0,0,0.1443609022556391,0.0,0.0,0.1443609022556391,0.9702407351822337,5.0,4.1,11.470845801137658,sim_input.json
47,1,12,<bidder.UniformBidder object at 0x0000028086D3FCC0>,5,True,26,7.7025271737550876,0.0,1.0,1,1,4.35,0.0,0.0,0,0.1443609022556391,0.0,0.0,0.1443609022556391,1.1119437724518624,5.0,4.1,11.470845801137658,sim_input.json
47,1,12,<bidder.UniformBidder object at 0x0000028086D3FCC0>,5,True,27,1.9270004399587712,0.0,0.0,1,1,4.35,0.0,0.0,0,0.21654135338345865,0.0,0.0,0.21654135338345865,0.41727528323919255,5.0,4.1,11.470845801137658,sim_input.json
47,1,12,<bidder.UniformBidder object at 0x0000028086D3FCC0>,5,True,28,5.08070572969294,3.0,3.0,1,0.75,4.35,0.0,0.0,0,0.0,0.0,0.0,0.0,0.0,5.0,4.1,11.470845801137658,sim_input.json
47,1,12,<bidder.UniformBidder object at 0x0000028086D3FCC0>,5,True,29,4.578817590745791,1.0,2.0,1,1,4.35,0.0,0.0,0,0.07218045112781955,0.0,0.0,0.07218045112781955,0.330501119332027,5.0,4.1,11.470845801137658,sim_input.json
47,1,12,<bidder.UniformBidder object at 0x0000028086D3FCC0>,5,True,30,2.4631735803691734,3.0,4.0,0.75,0.75,4.35,0.0,0.0,0,0.0,0.0,0.0,0.0,0.0,5.0,4.1,11.470845801137658,sim_input.json
47,1,12,<bidder.UniformBidder object at 0x0000028086D3FCC0>,5,True,31,0.00835048095709312,3.0,3.0,1,1,4.35,1.0,1.0,1,1.0,1.0,1.0,1.0,0.00835048095709312,5.0,4.1,11.470845801137658,sim_input.json
47,1,12,<bidder.UniformBidder object at 0x0000028086D3FCC0>,5,True,32,0.6411886439893814,4.0,4.0,0.75,0.6,4.35,0.0,0.0,0,0.0,0.0,0.0,0.0,0.0,5.0,4.1,11.470845801137658,sim_input.json
47,1,12,<bidder.UniformBidder object at 0x0000028086D3FCC0>,5,True,33,3.693597010021923,2.0,2.0,1,1,4.35,0.0,0.0,0,0.07218045112781955,0.0,0.0,0.07218045112781955,0.26660549846774784,5.0,4.1,11.470845801137658,sim_input.json
47,1,12,<bidder.UniformBidder object at 0x0000028086D3FCC0>,5,True,34,0.35311477712111916,4.0,4.0,0.75,0.75,4.35,1.0,1.0,1,0.7520050125313283,0.75,0.75,0.7520050125313283,0.26554408239396443,5.0,4.1,11.470845801137658,sim_input.json
47,1,12,<bidder.UniformBidder object at 0x0000028086D3FCC0>,5,True,35,6.8889741418768375,2.0,4.0,0.75,1,4.35,0.0,0.0,0,0.0,0.0,0.0,0.0,0.0,5.0,4.1,11.470845801137658,sim_input.json
47,1,12,<bidder.UniformBidder object at 0x0000028086D3FCC0>,5,True,36,6.206947318188178,1.0,3.0,1,1,4.35,0.0,0.0,0,0.0,0.0,0.0,0.0,0.0,5.0,4.1,11.470845801137658,sim_input.json
47,1,12,<bidder.UniformBidder object at 0x0000028086D3FCC0>,5,True,37,2.287080073781272,6.0,6.0,0.5,0.42857142857142855,4.35,0.0,0.0,0,0.0,0.0,0.0,0.0,0.0,5.0,4.1,11.470845801137658,sim_input.json
47,1,12,<bidder.UniformBidder object at 0x0000028086D3FCC0>,5,True,38,0.8587555917362153,3.0,3.0,1,0.75,4.35,0.0,0.0,0,0.0,0.0,0.0,0.0,0.0,5.0,4.1,11.470845801137658,sim_input.json
47,1,12,<bidder.UniformBidder object at 0x0000028086D3FCC0>,5,True,39,3.6113590966955855,2.0,3.0,1,1,4.35,0.0,0.0,0,0.0,0.0,0.0,0.0,0.0,5.0,4.1,11.470845801137658,sim_input.json
47,1,12,<bidder.UniformBidder object at 0x0000028086D3FCC0>,5,True,40,1.7498114703488756,2.0,4.0,0.75,1,4.35,0.0,0.0,0,0.0,0.0,0.0,0.0,0.0,5.0,4.1,11.470845801137658,sim_input.json
47,1,12,<bidder.UniformBidder object at 0x0000028086D3FCC0>,5,True,41,0.38672196330291964,1.0,1.0,1,1,4.35,1.0,1.0,1,1.0,1.0,1.0,1.0,0.38672196330291964,5.0,4.1,11.470845801137658,sim_input.json
47,1,12,<bidder.UniformBidder object at 0x0000028086D3FCC0>,5,True,42,6.716876484864443,3.0,3.0,1,0.75,4.35,0.0,0.0,0,0.0026733500417711062,0.0,0.0,0.0026733500417711062,0.01795656203138372,5.0,4.1,11.470845801137658,sim_input.json
47,1,12,<bidder.UniformBidder object at 0x0000028086D3FCC0>,5,True,43,1.9707785325869733,4.0,4.0,0.75,0.6,4.35,0.0,0.0,0,0.002005012531328314,0.0,0.0,0.002005012531328314,0.003951435654309708,5.0,4.1,11.470845801137658,sim_input.json
47,1,12,<bidder.UniformBidder object at 0x0000028086D3FCC0>,5,True,44,1.8826835939939377,1.0,3.0,1,1,4.35,0.0,0.0,0,0.0,0.0,0.0,0.0,0.0,5.0,4.1,11.470845801137658,sim_input.json
47,1,12,<bidder.UniformBidder object at 0x0000028086D3FCC0>,5,True,45,1.2171438196767506,1.0,1.0,1,1,4.35,0.0,0.0,0,0.1443609022556391,0.0,0.0,0.1443609022556391,0.17570797998341062,5.0,4.1,11.470845801137658,sim_input.json
47,1,12,<bidder.UniformBidder object at 0x0000028086D3FCC0>,5,True,46,2.832092814304706,0.0,0.0,1,1,4.35,0.0,0.0,0,0.21654135338345865,0.0,0.0,0.21654135338345865,0.6132652109171093,5.0,4.1,11.470845801137658,sim_input.json
47,1,12,<bidder.UniformBidder object at 0x0000028086D3FCC0>,5,True,47,0.0,3.0,4.0,0.75,0.75,4.35,0.0,0.0,0,0.0,0.0,0.0,0.0,0.0,5.0,4.1,11.470845801137658,sim_input.json
47,1,12,<bidder.UniformBidder object at 0x0000028086D3FCC0>,5,True,48,5.78563254253387,2.0,2.0,1,1,4.35,0.0,0.0,0,0.07485380116959066,0.0,0.0,0.07485380116959066,0.43307658797914356,5.0,4.1,11.470845801137658,sim_input.json
47,1,12,<bidder.UniformBidder object at 0x0000028086D3FCC0>,5,True,49,2.5649639947035157,2.0,3.0,1,1,4.35,0.0,0.0,0,0.0,0.0,0.0,0.0,0.0,5.0,4.1,11.470845801137658,sim_input.json
47,1,12,<bidder.UniformBidder object at 0x0000028086D3FCC0>,5,True,50,6.334882689024783,0.0,0.0,1,1,4.35,0.0,0.0,0,0.21654135338345865,0.0,0.0,0.21654135338345865,1.3717640710068704,5.0,4.1,11.470845801137658,sim_input.json
47,1,12,<bidder.UniformBidder object at 0x0000028086D3FCC0>,5,True,51,4.448261586957601,4.0,4.0,0.75,0.6,4.35,0.0,0.0,0,0.0,0.0,0.0,0.0,0.0,5.0,4.1,11.470845801137658,sim_input.json
47,1,13,<bidder.UniformBidder object at 0x0000028086D3FD30>,5,True,0,0.8943220344090144,5.0,6.0,0.5,0.6,4.35,1.0,1.0,1,0.5,0.5,0.5,0.5,0.4471610172045072,5.0,4.25,10.690696389078067,sim_input.json
47,1,13,<bidder.UniformBidder object at 0x0000028086D3FD30>,5,True,1,0.0,1.0,1.0,1,1,4.35,0.0,0.0,0,0.0,0.0,0.0,0.0,0.0,5.0,4.25,10.690696389078067,sim_input.json
47,1,13,<bidder.UniformBidder object at 0x0000028086D3FD30>,5,True,2,1.5925112453251513,4.0,4.0,0.75,0.6,4.35,0.0,0.0,0,0.0,0.0,0.0,0.0,0.0,5.0,4.25,10.690696389078067,sim_input.json
47,1,13,<bidder.UniformBidder object at 0x0000028086D3FD30>,5,True,3,3.8066851514092876,3.0,3.0,1,0.75,4.35,0.0,0.0,0,0.0,0.0,0.0,0.0,0.0,5.0,4.25,10.690696389078067,sim_input.json
47,1,13,<bidder.UniformBidder object at 0x0000028086D3FD30>,5,True,4,2.6835007419003785,5.0,5.0,0.6,0.5,4.35,0.0,0.0,0,0.0,0.0,0.0,0.0,0.0,5.0,4.25,10.690696389078067,sim_input.json
47,1,13,<bidder.UniformBidder object at 0x0000028086D3FD30>,5,True,5,6.1372099457759,3.0,3.0,1,0.75,4.35,0.0,0.0,0,0.0,0.0,0.0,0.0,0.0,5.0,4.25,10.690696389078067,sim_input.json
47,1,13,<bidder.UniformBidder object at 0x0000028086D3FD30>,5,True,6,3.3221327270925416,0.0,0.0,1,1,4.35,0.0,0.0,0,0.20300751879699247,0.0,0.0,0.20300751879699247,0.674417922041343,5.0,4.25,10.690696389078067,sim_input.json
47,1,13,<bidder.UniformBidder object at 0x0000028086D3FD30>,5,True,7,6.572353563799401,2.0,3.0,1,1,4.35,0.0,0.0,0,0.002506265664160412,0.0,0.0,0.002506265664160412,0.016472064069672755,5.0,4.25,10.690696389078067,sim_input.json
47,1,13,<bidder.UniformBidder object at 0x0000028086D3FD30>,5,True,8,0.0,1.0,2.0,1,1,4.35,0.0,0.0,0,0.0,0.0,0.0,0.0,0.0,5.0,4.25,10.690696389078067,sim_input.json
47,1,13,<bidder.UniformBidder object at 0x0000028086D3FD30>,5,True,9,0.0,4.0,4.0,0.75,0.6,4.35,0.0,0.0,0,0.0,0.0,0.0,0.0,0.0,5.0,4.25,10.690696389078067,sim_input.json
47,1,13,<bidder.UniformBidder object at 0x0000028086D3FD30>,5,True,10,6.753827733288387,1.0,2.0,1,1,4.35,0.0,0.0,0,0.06766917293233082,0.0,0.0,0.06766917293233082,0.45702593683906373,5.0,4.25,10.690696389078067,sim_input.json
47,1,13,<bidder.UniformBidder object at 0x0000028086D3FD30>,5,True,11,0.0,1.0,2.0,1,1,4.35,0.0,0.0,0,0.0,0.0,0.0,0.0,0.0,5.0,4.25,10.690696389078067,sim_input.json
47,1,13,<bidder.UniformBidder object at 0x0000028086D3FD30>,5,True,12,6.9025621815524945,3.0,3.0,1,0.75,4.35,0.0,0.0,0,0.0,0.0,0.0,0.0,0.0,5.0,4.25,10.690696389078067,sim_input.json
47,1,13,<bidder.UniformBidder object at 0x0000028086D3FD30>,5,True,13,1.2300847846287082,6.0,6.0,0.5,0.42857142857142855,4.35,0.0,0.0,0,0.001253132832080206,0.0,0.0,0.001253132832080206,0.0015414596298605435,5.0,4.25,10.690696389078067,sim_input.json
47,1,13,<bidder.UniformBidder object at 0x0000028086D3FD30>,5,True,14,0.515802894580559,3.0,3.0,1,1,4.35,1.0,1.0,1,1.0,1.0,1.0,1.0,0.515802894580559,5.0,4.25,10.690696389078067,sim_input.json
47,1,13,<bidder.UniformBidder object at 0x0000028086D3FD30>,5,True,15,5.726740409937616,3.0,3.0,1,0.75,4.35,0.0,0.0,0,0.0,0.0,0.0,0.0,0.0,5.0,4.25,10.690696389078067,sim_input.json
47,1,13,<bidder.UniformBidder object at 0x0000028086D3FD30>,5,True,16,4.4037955125749315,2.0,3.0,1,1,4.35,0.0,0.0,0,0.0,0.0,0.0,0.0,0.0,5.0,4.25,10.690696389078067,sim_input.json
47,1,13,<bidder.UniformBidder object at 0x0000028086D3FD30>,5,True,17,0.0,1.0,4.0,0.75,1,4.35,0.0,0.0,0,0.0,0.0,0.0,0.0,0.0,5.0,4.25,10.690696389078067,sim_input.json
47,1,13,<bidder.UniformBidder object at 0x0000028086D3FD30>,5,True,18,7.116326909953863,6.0,6.0,0.5,0.42857142857142855,4.35,0.0,0.0,0,0.0,0.0,0.0,0.0,0.0,5.0,4.25,10.690696389078067,sim_input.json
47,1,13,<bidder.UniformBidder object at 0x0000028086D3FD30>,5,True,19,0.9484098652913191,2.0,2.0,1,1,4.35,1.0,1.0,1,1.0,1.0,1.0,1.0,0.9484098652913191,5.0,4.25,10.690696389078067,sim_input.json
47,1,13,<bidder.UniformBidder object at 0x0000028086D3FD30>,5,True,20,4.904640643051051,0.0,1.0,1,1,4.35,0.0,0.0,0,0.13533834586466165,0.0,0.0,0.13533834586466165,0.6637859516911196,5.0,4.25,10.690696389078067,sim_input.json
47,1,13,<bidder.UniformBidder object at 0x0000028086D3FD30>,5,True,21,0.0,1.0,1.0,1,1,4.35,0.0,0.0,0,0.0,0.0,0.0,0.0,0.0,5.0,4.25,10.690696389078067,sim_input.json
47,1,13,<bidder.UniformBidder object at 0x0000028086D3FD30>,5,True,22,5.103649528308015,3.0,3.0,1,0.75,4.35,0.0,0.0,0,0.0,0.0,0.0,0.0,0.0,5.0,4.25,10.690696389078067,sim_input.json
47,1,13,<bidder.UniformBidder object at 0x0000028086D3FD30>,5,True,23,2.42543712591121,1.0,3.0,1,1,4.35,0.0,0.0,0,0.0,0.0,0.0,0.0,0.0,5.0,4.25,10.690696389078067,sim_input.json
47,1,13,<bidder.UniformBidder object at 0x0000028086D3FD30>,5,True,24,0.0,2.0,4.0,0.75,1,4.35,0.0,0.0,0,0.0,0.0,0.0,0.0,0.0,5.0,4.25,10.690696389078067,sim_input.json
47,1,13,<bidder.UniformBidder object at 0x0000028086D3FD30>,5,True,25,2.2153285847952118,0.0,1.0,1,1,4.35,0.0,0.0,0,0.13533834586466165,0.0,0.0,0.13533834586466165,0.29981890621288576,5.0,4.25,10.690696389078067,sim_input.json
47,1,13,<bidder.UniformBidder object at 0x0000028086D3FD30>,5,True,26,2.987875393741038,0.0,1.0,1,1,4.35,0.0,0.0,0,0.13533834586466165,0.0,0.0,0.13533834586466165,0.40437411343863666,5.0,4.25,10.690696389078067,sim_input.json
47,1,13,<bidder.UniformBidder object at 0x0000028086D3FD30>,5,True,27,5.583060030751437,0.0,0.0,1,1,4.35,0.0,0.0,0,0.20300751879699247,0.0,0.0,0.20300751879699247,1.1334031641375095,5.0,4.25,10.690696389078067,sim_input.json
47,1,13,<bidder.UniformBidder object at 0x0000028086D3FD30>,5,True,28,6.412093787866829,3.0,3.0,1,0.75,4.35,0.0,0.0,0,0.0,0.0,0.0,0.0,0.0,5.0,4.25,10.690696389078067,sim_input.json
47,1,13,<bidder.UniformBidder object at 0x0000028086D3FD30>,5,True,29,7.453913783021848,1.0,2.0,1,1,4.35,0.0,0.0,0,0.06766917293233082,0.0,0.0,0.06766917293233082,0.5044001808059897,5.0,4.25,10.690696389078067,sim_input.json
47,1,13,<bidder.UniformBidder object at 0x0000028086D3FD30>,5,True,30,5.160092561534805,3.0,4.0,0.75,0.75,4.35,0.0,0.0,0,0.0,0.0,0.0,0.0,0.0,5.0,4.25,10.690696389078067,sim_input.json
47,1,13,<bidder.UniformBidder object at 0x0000028086D3FD30>,5,True,31,5.756109535060115,3.0,3.0,1,0.75,4.35,0.0,0.0,0,0.0,0.0,0.0,0.0,0.0,5.0,4.25,10.690696389078067,sim_input.json
47,1,13,<bidder.UniformBidder object at 0x0000028086D3FD30>,5,True,32,7.689106414306247,4.0,4.0,0.75,0.6,4.35,0.0,0.0,0,0.0,0.0,0.0,0.0,0.0,5.0,4.25,10.690696389078067,sim_input.json
47,1,13,<bidder.UniformBidder object at 0x0000028086D3FD30>,5,True,33,7.611169222632388,2.0,2.0,1,1,4.35,0.0,0.0,0,0.06766917293233082,0.0,0.0,0.06766917293233082,0.515041526343545,5.0,4.25,10.690696389078067,sim_input.json
47,1,13,<bidder.UniformBidder object at 0x0000028086D3FD30>,5,True,34,4.322638295378724,4.0,4.0,0.75,0.6,4.35,0.0,0.0,0,0.001879699248120294,0.0,0.0,0.001879699248120294,0.008125259953719375,5.0,4.25,10.690696389078067,sim_input.json
47,1,13,<bidder.UniformBidder object at 0x0000028086D3FD30>,5,True,35,1.9874610454349773,2.0,4.0,0.75,1,4.35,0.0,0.0,0,0.0,0.0,0.0,0.0,0.0,5.0,4.25,10.690696389078067,sim_input.json
47,1,13,<bidder.UniformBidder object at 0x0000028086D3FD30>,5,True,36,0.0,1.0,3.0,1,1,4.35,0.0,0.0,0,0.0,0.0,0.0,0.0,0.0,5.0,4.25,10.690696389078067,sim_input.json
47,1,13,<bidder.UniformBidder object at 0x0000028086D3FD30>,5,True,37,1.6515901109010334,6.0,6.0,0.5,0.42857142857142855,4.35,0.0,0.0,0,0.0,0.0,0.0,0.0,0.0,5.0,4.25,10.690696389078067,sim_input.json
47,1,13,<bidder.UniformBidder object at 0x0000028086D3FD30>,5,True,38,0.15506805870320206,3.0,3.0,1,1,4.35,1.0,1.0,1,1.0,1.0,1.0,1.0,0.15506805870320206,5.0,4.25,10.690696389078067,sim_input.json
47,1,13,<bidder.UniformBidder object at 0x0000028086D3FD30>,5,True,39,4.341542386810167,2.0,3.0,1,1,4.35,0.0,0.0,0,0.0,0.0,0.0,0.0,0.0,5.0,4.25,10.690696389078067,sim_input.json
47,1,13,<bidder.UniformBidder object at 0x0000028086D3FD30>,5,True,40,1.3613533745534048,2.0,4.0,0.75,1,4.35,0.0,0.0,0,0.0,0.0,0.0,0.0,0.0,5.0,4.25,10.690696389078067,sim_input.json
47,1,13,<bidder.UniformBidder object at 0x0000028086D3FD30>,5,True,41,5.232830930945737,1.0,1.0,1,1,4.35,0.0,0.0,0,0.13533834586466165,0.0,0.0,0.13533834586466165,0.7082026823836336,5.0,4.25,10.690696389078067,sim_input.json
47,1,13,<bidder.UniformBidder object at 0x0000028086D3FD30>,5,True,42,4.359056643771858,3.0,3.0,1,0.75,4.35,0.0,0.0,0,0.002506265664160412,0.0,0.0,0.002506265664160412,0.010924953994415733,5.0,4.25,10.690696389078067,sim_input.json
47,1,13,<bidder.UniformBidder object at 0x0000028086D3FD30>,5,True,43,0.6182629008028496,4.0,4.0,0.75,0.75,4.35,1.0,1.0,1,0.7518796992481203,0.75,0.75,0.7518796992481203,0.464859323911917,5.0,4.25,10.690696389078067,sim_input.json
47,1,13,<bidder.UniformBidder object at 0x0000028086D3FD30>,5,True,44,6.858537410276574,1.0,3.0,1,1,4.35,0.0,0.0,0,0.0,0.0,0.0,0.0,0.0,5.0,4.25,10.690696389078067,sim_input.json
47,1,13,<bidder.UniformBidder object at 0x0000028086D3FD30>,5,True,45,7.957676343689972,1.0,1.0,1,1,4.35,0.0,0.0,0,0.13533834586466165,0.0,0.0,0.13533834586466165,1.0769787532813495,5.0,4.25,10.690696389078067,sim_input.json
47,1,13,<bidder.UniformBidder object at 0x0000028086D3FD30>,5,True,46,1.8403295161675148,0.0,0.0,1,1,4.35,0.0,0.0,0,0.20300751879699247,0.0,0.0,0.20300751879699247,0.37360072884603684,5.0,4.25,10.690696389078067,sim_input.json
47,1,13,<bidder.UniformBidder object at 0x0000028086D3FD30>,5,True,47,1.6597705414748498,3.0,4.0,0.75,0.75,4.35,0.0,0.0,0,0.0,0.0,0.0,0.0,0.0,5.0,4.25,10.690696389078067,sim_input.json
47,1,13,<bidder.UniformBidder object at 0x0000028086D3FD30>,5,True,48,0.0,2.0,2.0,1,1,4.35,0.0,0.0,0,0.0,0.0,0.0,0.0,0.0,5.0,4.25,10.690696389078067,sim_input.json
47,1,13,<bidder.UniformBidder object at 0x0000028086D3FD30>,5,True,49,1.3367368188989766,2.0,3.0,1,1,4.35,0.0,0.0,0,0.0,0.0,0.0,0.0,0.0,5.0,4.25,10.690696389078067,sim_input.json
47,1,13,<bidder.UniformBidder object at 0x0000028086D3FD30>,5,True,50,6.4592761563135115,0.0,0.0,1,1,4.35,0.0,0.0,0,0.20300751879699247,0.0,0.0,0.20300751879699247,1.3112816257177804,5.0,4.25,10.690696389078067,sim_input.json
47,1,13,<bidder.UniformBidder object at 0x0000028086D3FD30>,5,True,51,1.1437886474193,4.0,4.0,0.75,0.6,4.35,0.0,0.0,0,0.0,0.0,0.0,0.0,0.0,5.0,4.25,10.690696389078067,sim_input.json
47,1,14,<bidder.IntegralGreedyBidder object at 0x0000028086D3F128>,5,True,0,2.590680180012998,5.0,6.0,0.5,0.5,7.0,0.0,0.0,0,0.0,0.0,0.0,0.0,0.0,8.0,6.75,3.761974429958615,sim_input.json
47,1,14,<bidder.IntegralGreedyBidder object at 0x0000028086D3F128>,5,True,1,3.518641751587636,1.0,1.0,1,1,7.0,0.0,0.0,0,0.0,0.0,0.0,0.0,0.0,8.0,6.75,3.761974429958615,sim_input.json
47,1,14,<bidder.IntegralGreedyBidder object at 0x0000028086D3F128>,5,True,2,5.566639297161284,4.0,4.0,0.75,0.6,7.0,0.0,0.0,0,0.0,0.0,0.0,0.0,0.0,8.0,6.75,3.761974429958615,sim_input.json
47,1,14,<bidder.IntegralGreedyBidder object at 0x0000028086D3F128>,5,True,3,0.0,3.0,3.0,1,0.75,7.0,0.0,0.0,0,0.0,0.0,0.0,0.0,0.0,8.0,6.75,3.761974429958615,sim_input.json
47,1,14,<bidder.IntegralGreedyBidder object at 0x0000028086D3F128>,5,True,4,7.67927009352848,5.0,5.0,0.6,0.5,7.0,0.0,0.0,0,0.0,0.0,0.0,0.0,0.0,8.0,6.75,3.761974429958615,sim_input.json
47,1,14,<bidder.IntegralGreedyBidder object at 0x0000028086D3F128>,5,True,5,5.029103730353529,3.0,3.0,1,0.75,7.0,0.0,0.0,0,0.0,0.0,0.0,0.0,0.0,8.0,6.75,3.761974429958615,sim_input.json
47,1,14,<bidder.IntegralGreedyBidder object at 0x0000028086D3F128>,5,True,6,0.0,0.0,0.0,1,1,7.0,0.0,0.0,0,0.0,0.0,0.0,0.0,0.0,8.0,6.75,3.761974429958615,sim_input.json
47,1,14,<bidder.IntegralGreedyBidder object at 0x0000028086D3F128>,5,True,7,0.8941079358138901,2.0,3.0,1,1,7.0,0.0,1.0,1,0.9629629629629629,1.0,0.9629629629629629,0.9629629629629629,0.8609928270800423,8.0,6.75,3.761974429958615,sim_input.json
47,1,14,<bidder.IntegralGreedyBidder object at 0x0000028086D3F128>,5,True,8,0.8575440528421898,1.0,2.0,1,1,7.0,0.0,1.0,1,0.9629629629629629,1.0,0.9629629629629629,0.9629629629629629,0.8257831619961827,8.0,6.75,3.761974429958615,sim_input.json
47,1,14,<bidder.IntegralGreedyBidder object at 0x0000028086D3F128>,5,True,9,4.500221050409877,4.0,4.0,0.75,0.6,7.0,0.0,0.0,0,0.0,0.0,0.0,0.0,0.0,8.0,6.75,3.761974429958615,sim_input.json
47,1,14,<bidder.IntegralGreedyBidder object at 0x0000028086D3F128>,5,True,10,6.468465269074496,1.0,2.0,1,1,7.0,0.0,0.0,0,0.0,0.0,0.0,0.0,0.0,8.0,6.75,3.761974429958615,sim_input.json
47,1,14,<bidder.IntegralGreedyBidder object at 0x0000028086D3F128>,5,True,11,3.992424888133893,1.0,2.0,1,1,7.0,0.0,0.0,0,0.0,0.0,0.0,0.0,0.0,8.0,6.75,3.761974429958615,sim_input.json
47,1,14,<bidder.IntegralGreedyBidder object at 0x0000028086D3F128>,5,True,12,7.086323399685458,3.0,3.0,1,0.75,7.0,0.0,0.0,0,0.0,0.0,0.0,0.0,0.0,8.0,6.75,3.761974429958615,sim_input.json
47,1,14,<bidder.IntegralGreedyBidder object at 0x0000028086D3F128>,5,True,13,0.3727840093185141,6.0,6.0,0.5,0.5,7.0,1.0,1.0,1,0.48148148148148145,0.5,0.48148148148148145,0.48148148148148145,0.17948859707928455,8.0,6.75,3.761974429958615,sim_input.json
47,1,14,<bidder.IntegralGreedyBidder object at 0x0000028086D3F128>,5,True,14,4.116581473853799,3.0,3.0,1,0.75,7.0,0.0,0.0,0,0.0,0.0,0.0,0.0,0.0,8.0,6.75,3.761974429958615,sim_input.json
47,1,14,<bidder.IntegralGreedyBidder object at 0x0000028086D3F128>,5,True,15,5.546269190768061,3.0,3.0,1,0.75,7.0,0.0,0.0,0,0.0,0.0,0.0,0.0,0.0,8.0,6.75,3.761974429958615,sim_input.json
47,1,14,<bidder.IntegralGreedyBidder object at 0x0000028086D3F128>,5,True,16,0.0,2.0,3.0,1,1,7.0,0.0,0.0,0,0.0,0.0,0.0,0.0,0.0,8.0,6.75,3.761974429958615,sim_input.json
47,1,14,<bidder.IntegralGreedyBidder object at 0x0000028086D3F128>,5,True,17,1.246006185057086,1.0,4.0,0.75,1,7.0,0.0,0.0,0,0.0,0.0,0.0,0.0,0.0,8.0,6.75,3.761974429958615,sim_input.json
47,1,14,<bidder.IntegralGreedyBidder object at 0x0000028086D3F128>,5,True,18,4.350501457479385,6.0,6.0,0.5,0.42857142857142855,7.0,0.0,0.0,0,0.0,0.0,0.0,0.0,0.0,8.0,6.75,3.761974429958615,sim_input.json
47,1,14,<bidder.IntegralGreedyBidder object at 0x0000028086D3F128>,5,True,19,1.4753601252533048,2.0,2.0,1,1,7.0,0.0,0.0,0,0.0,0.0,0.0,0.0,0.0,8.0,6.75,3.761974429958615,sim_input.json
47,1,14,<bidder.IntegralGreedyBidder object at 0x0000028086D3F128>,5,True,20,2.924189485734498,0.0,1.0,1,1,7.0,0.0,0.0,0,0.0,0.0,0.0,0.0,0.0,8.0,6.75,3.761974429958615,sim_input.json
47,1,14,<bidder.IntegralGreedyBidder object at 0x0000028086D3F128>,5,True,21,3.0114909685158127,1.0,1.0,1,1,7.0,0.0,0.0,0,0.0,0.0,0.0,0.0,0.0,8.0,6.75,3.761974429958615,sim_input.json
47,1,14,<bidder.IntegralGreedyBidder object at 0x0000028086D3F128>,5,True,22,4.7680618580089895,3.0,3.0,1,0.75,7.0,0.0,0.0,0,0.0,0.0,0.0,0.0,0.0,8.0,6.75,3.761974429958615,sim_input.json
47,1,14,<bidder.IntegralGreedyBidder object at 0x0000028086D3F128>,5,True,23,7.525904169529197,1.0,3.0,1,1,7.0,0.0,0.0,0,0.0,0.0,0.0,0.0,0.0,8.0,6.75,3.761974429958615,sim_input.json
47,1,14,<bidder.IntegralGreedyBidder object at 0x0000028086D3F128>,5,True,24,0.9326837096493567,2.0,4.0,0.75,1,7.0,0.0,1.0,1,0.7222222222222222,0.75,0.7222222222222222,0.7222222222222222,0.6736049014134242,8.0,6.75,3.761974429958615,sim_input.json
47,1,14,<bidder.IntegralGreedyBidder object at 0x0000028086D3F128>,5,True,25,1.7248056637951408,0.0,1.0,1,1,7.0,0.0,0.0,0,0.0,0.0,0.0,0.0,0.0,8.0,6.75,3.761974429958615,sim_input.json
47,1,14,<bidder.IntegralGreedyBidder object at 0x0000028086D3F128>,5,True,26,2.306876992811877,0.0,1.0,1,1,7.0,0.0,0.0,0,0.0,0.0,0.0,0.0,0.0,8.0,6.75,3.761974429958615,sim_input.json
47,1,14,<bidder.IntegralGreedyBidder object at 0x0000028086D3F128>,5,True,27,5.522214567431611,0.0,0.0,1,1,7.0,0.0,0.0,0,0.0,0.0,0.0,0.0,0.0,8.0,6.75,3.761974429958615,sim_input.json
47,1,14,<bidder.IntegralGreedyBidder object at 0x0000028086D3F128>,5,True,28,5.291484120697927,3.0,3.0,1,0.75,7.0,0.0,0.0,0,0.0,0.0,0.0,0.0,0.0,8.0,6.75,3.761974429958615,sim_input.json
47,1,14,<bidder.IntegralGreedyBidder object at 0x0000028086D3F128>,5,True,29,2.1712602537391406,1.0,2.0,1,1,7.0,0.0,0.0,0,0.0,0.0,0.0,0.0,0.0,8.0,6.75,3.761974429958615,sim_input.json
47,1,14,<bidder.IntegralGreedyBidder object at 0x0000028086D3F128>,5,True,30,3.225578218124062,3.0,4.0,0.75,0.75,7.0,0.0,0.0,0,0.0,0.0,0.0,0.0,0.0,8.0,6.75,3.761974429958615,sim_input.json
47,1,14,<bidder.IntegralGreedyBidder object at 0x0000028086D3F128>,5,True,31,0.0,3.0,3.0,1,0.75,7.0,0.0,0.0,0,0.0,0.0,0.0,0.0,0.0,8.0,6.75,3.761974429958615,sim_input.json
47,1,14,<bidder.IntegralGreedyBidder object at 0x0000028086D3F128>,5,True,32,0.0,4.0,4.0,0.75,0.6,7.0,0.0,0.0,0,0.0,0.0,0.0,0.0,0.0,8.0,6.75,3.761974429958615,sim_input.json
47,1,14,<bidder.IntegralGreedyBidder object at 0x0000028086D3F128>,5,True,33,0.0,2.0,2.0,1,1,7.0,0.0,0.0,0,0.0,0.0,0.0,0.0,0.0,8.0,6.75,3.761974429958615,sim_input.json
47,1,14,<bidder.IntegralGreedyBidder object at 0x0000028086D3F128>,5,True,34,0.726040552038332,4.0,4.0,0.75,0.75,7.0,1.0,1.0,1,0.7222222222222222,0.75,0.7222222222222222,0.7222222222222222,0.524362620916573,8.0,6.75,3.761974429958615,sim_input.json
47,1,14,<bidder.IntegralGreedyBidder object at 0x0000028086D3F128>,5,True,35,0.0,2.0,4.0,0.75,1,7.0,0.0,0.0,0,0.0,0.0,0.0,0.0,0.0,8.0,6.75,3.761974429958615,sim_input.json
47,1,14,<bidder.IntegralGreedyBidder object at 0x0000028086D3F128>,5,True,36,7.072988981799542,1.0,3.0,1,1,7.0,0.0,0.0,0,0.0,0.0,0.0,0.0,0.0,8.0,6.75,3.761974429958615,sim_input.json
47,1,14,<bidder.IntegralGreedyBidder object at 0x0000028086D3F128>,5,True,37,0.0,6.0,6.0,0.5,0.42857142857142855,7.0,0.0,0.0,0,0.0,0.0,0.0,0.0,0.0,8.0,6.75,3.761974429958615,sim_input.json
47,1,14,<bidder.IntegralGreedyBidder object at 0x0000028086D3F128>,5,True,38,6.3130019717448205,3.0,3.0,1,0.75,7.0,0.0,0.0,0,0.0,0.0,0.0,0.0,0.0,8.0,6.75,3.761974429958615,sim_input.json
47,1,14,<bidder.IntegralGreedyBidder object at 0x0000028086D3F128>,5,True,39,3.8743732603180003,2.0,3.0,1,1,7.0,0.0,0.0,0,0.0,0.0,0.0,0.0,0.0,8.0,6.75,3.761974429958615,sim_input.json
47,1,14,<bidder.IntegralGreedyBidder object at 0x0000028086D3F128>,5,True,40,6.197138216336894,2.0,4.0,0.75,1,7.0,0.0,0.0,0,0.0,0.0,0.0,0.0,0.0,8.0,6.75,3.761974429958615,sim_input.json
47,1,14,<bidder.IntegralGreedyBidder object at 0x0000028086D3F128>,5,True,41,4.687467644529187,1.0,1.0,1,1,7.0,0.0,0.0,0,0.0,0.0,0.0,0.0,0.0,8.0,6.75,3.761974429958615,sim_input.json
47,1,14,<bidder.IntegralGreedyBidder object at 0x0000028086D3F128>,5,True,42,0.3336022386176838,3.0,3.0,1,1,7.0,1.0,1.0,1,0.9629629629629629,1.0,0.9629629629629629,0.9629629629629629,0.32124660015036216,8.0,6.75,3.761974429958615,sim_input.json
47,1,14,<bidder.IntegralGreedyBidder object at 0x0000028086D3F128>,5,True,43,0.06363070421625627,4.0,4.0,0.75,0.75,7.0,1.0,1.0,1,0.7222222222222222,0.75,0.7222222222222222,0.7222222222222222,0.04595550860062953,8.0,6.75,3.761974429958615,sim_input.json
47,1,14,<bidder.IntegralGreedyBidder object at 0x0000028086D3F128>,5,True,44,0.9576247432974114,1.0,3.0,1,1,7.0,0.0,0.0,0,0.0,0.0,0.0,0.0,0.0,8.0,6.75,3.761974429958615,sim_input.json
47,1,14,<bidder.IntegralGreedyBidder object at 0x0000028086D3F128>,5,True,45,7.176248738777758,1.0,1.0,1,1,7.0,0.0,0.0,0,0.0,0.0,0.0,0.0,0.0,8.0,6.75,3.761974429958615,sim_input.json
47,1,14,<bidder.IntegralGreedyBidder object at 0x0000028086D3F128>,5,True,46,4.57469941139493,0.0,0.0,1,1,7.0,0.0,0.0,0,0.0,0.0,0.0,0.0,0.0,8.0,6.75,3.761974429958615,sim_input.json
47,1,14,<bidder.IntegralGreedyBidder object at 0x0000028086D3F128>,5,True,47,1.459101866662318,3.0,4.0,0.75,0.75,7.0,0.0,0.0,0,0.0,0.0,0.0,0.0,0.0,8.0,6.75,3.761974429958615,sim_input.json
47,1,14,<bidder.IntegralGreedyBidder object at 0x0000028086D3F128>,5,True,48,0.34325329782681335,2.0,2.0,1,1,7.0,1.0,1.0,1,0.9629629629629629,1.0,0.9629629629629629,0.9629629629629629,0.33054021272211653,8.0,6.75,3.761974429958615,sim_input.json
47,1,14,<bidder.IntegralGreedyBidder object at 0x0000028086D3F128>,5,True,49,0.9421597387271343,2.0,3.0,1,1,7.0,0.0,0.0,0,0.0,0.0,0.0,0.0,0.0,8.0,6.75,3.761974429958615,sim_input.json
47,1,14,<bidder.IntegralGreedyBidder object at 0x0000028086D3F128>,5,True,50,2.960656063530407,0.0,0.0,1,1,7.0,0.0,0.0,0,0.0,0.0,0.0,0.0,0.0,8.0,6.75,3.761974429958615,sim_input.json
47,1,14,<bidder.IntegralGreedyBidder object at 0x0000028086D3F128>,5,True,51,2.827248772234399,4.0,4.0,0.75,0.6,7.0,0.0,0.0,0,0.0,0.0,0.0,0.0,0.0,8.0,6.75,3.761974429958615,sim_input.json
47,1,15,<bidder.UniformBidder object at 0x0000028086D3F2E8>,5,True,0,0.0,5.0,6.0,0.5,0.5,3.5,0.0,0.0,0,0.0,0.0,0.0,0.0,0.0,5.0,3.5,16.264732557907433,sim_input.json
47,1,15,<bidder.UniformBidder object at 0x0000028086D3F2E8>,5,True,1,3.657394946139583,1.0,1.0,1,1,3.5,0.0,0.0,0,0.18045112781954886,0.0,0.0,0.18045112781954886,0.659981042912406,5.0,3.5,16.264732557907433,sim_input.json
47,1,15,<bidder.UniformBidder object at 0x0000028086D3F2E8>,5,True,2,2.907440327930737,4.0,4.0,0.75,0.6,3.5,0.0,0.0,0,0.0,0.0,0.0,0.0,0.0,5.0,3.5,16.264732557907433,sim_input.json
47,1,15,<bidder.UniformBidder object at 0x0000028086D3F2E8>,5,True,3,3.0865521747855027,3.0,3.0,1,0.75,3.5,0.0,0.0,0,0.0,0.0,0.0,0.0,0.0,5.0,3.5,16.264732557907433,sim_input.json
47,1,15,<bidder.UniformBidder object at 0x0000028086D3F2E8>,5,True,4,2.9084110647046275,5.0,5.0,0.6,0.5,3.5,0.0,0.0,0,0.0,0.0,0.0,0.0,0.0,5.0,3.5,16.264732557907433,sim_input.json
47,1,15,<bidder.UniformBidder object at 0x0000028086D3F2E8>,5,True,5,3.975561383905964,3.0,3.0,1,0.75,3.5,0.0,0.0,0,0.0,0.0,0.0,0.0,0.0,5.0,3.5,16.264732557907433,sim_input.json
47,1,15,<bidder.UniformBidder object at 0x0000028086D3F2E8>,5,True,6,4.311163605569012,0.0,0.0,1,1,3.5,0.0,0.0,0,0.2706766917293233,0.0,0.0,0.2706766917293233,1.1669315022592814,5.0,3.5,16.264732557907433,sim_input.json
47,1,15,<bidder.UniformBidder object at 0x0000028086D3F2E8>,5,True,7,2.2840715097446482,2.0,3.0,1,1,3.5,0.0,0.0,0,0.0033416875522138826,0.0,0.0,0.0033416875522138826,0.0076326533324800605,5.0,3.5,16.264732557907433,sim_input.json
47,1,15,<bidder.UniformBidder object at 0x0000028086D3F2E8>,5,True,8,7.643382768653128,1.0,2.0,1,1,3.5,0.0,0.0,0,0.09356725146198831,0.0,0.0,0.09356725146198831,0.7151703175347957,5.0,3.5,16.264732557907433,sim_input.json
47,1,15,<bidder.UniformBidder object at 0x0000028086D3F2E8>,5,True,9,0.21232119963414653,4.0,4.0,0.75,0.75,3.5,1.0,1.0,1,0.75,0.75,0.75,0.75,0.1592408997256099,5.0,3.5,16.264732557907433,sim_input.json
47,1,15,<bidder.UniformBidder object at 0x0000028086D3F2E8>,5,True,10,3.2202016815706176,1.0,2.0,1,1,3.5,0.0,0.0,0,0.09022556390977443,0.0,0.0,0.09022556390977443,0.29054451262291286,5.0,3.5,16.264732557907433,sim_input.json
47,1,15,<bidder.UniformBidder object at 0x0000028086D3F2E8>,5,True,11,6.608544357524012,1.0,2.0,1,1,3.5,0.0,0.0,0,0.09022556390977443,0.0,0.0,0.09022556390977443,0.596259641280362,5.0,3.5,16.264732557907433,sim_input.json
47,1,15,<bidder.UniformBidder object at 0x0000028086D3F2E8>,5,True,12,0.11002596729234593,3.0,3.0,1,1,3.5,1.0,1.0,1,1.0,1.0,1.0,1.0,0.11002596729234593,5.0,3.5,16.264732557907433,sim_input.json
47,1,15,<bidder.UniformBidder object at 0x0000028086D3F2E8>,5,True,13,0.3522386639754096,6.0,6.0,0.5,0.5,3.5,1.0,1.0,1,0.5016708437761069,0.5,0.5,0.5016708437761069,0.17670786776711234,5.0,3.5,16.264732557907433,sim_input.json
47,1,15,<bidder.UniformBidder object at 0x0000028086D3F2E8>,5,True,14,2.958540728886832,3.0,3.0,1,0.75,3.5,0.0,0.0,0,0.0,0.0,0.0,0.0,0.0,5.0,3.5,16.264732557907433,sim_input.json
47,1,15,<bidder.UniformBidder object at 0x0000028086D3F2E8>,5,True,15,5.012619211695451,3.0,3.0,1,0.75,3.5,0.0,0.0,0,0.0,0.0,0.0,0.0,0.0,5.0,3.5,16.264732557907433,sim_input.json
47,1,15,<bidder.UniformBidder object at 0x0000028086D3F2E8>,5,True,16,6.2757838243524136,2.0,3.0,1,1,3.5,0.0,0.0,0,0.0,0.0,0.0,0.0,0.0,5.0,3.5,16.264732557907433,sim_input.json
47,1,15,<bidder.UniformBidder object at 0x0000028086D3F2E8>,5,True,17,3.668285461181272,1.0,4.0,0.75,1,3.5,0.0,0.0,0,0.0,0.0,0.0,0.0,0.0,5.0,3.5,16.264732557907433,sim_input.json
47,1,15,<bidder.UniformBidder object at 0x0000028086D3F2E8>,5,True,18,0.0,6.0,6.0,0.5,0.42857142857142855,3.5,0.0,0.0,0,0.0,0.0,0.0,0.0,0.0,5.0,3.5,16.264732557907433,sim_input.json
47,1,15,<bidder.UniformBidder object at 0x0000028086D3F2E8>,5,True,19,4.2800651742070945,2.0,2.0,1,1,3.5,0.0,0.0,0,0.09022556390977443,0.0,0.0,0.09022556390977443,0.38617129391342203,5.0,3.5,16.264732557907433,sim_input.json
47,1,15,<bidder.UniformBidder object at 0x0000028086D3F2E8>,5,True,20,4.118094997573536,0.0,1.0,1,1,3.5,0.0,0.0,0,0.18045112781954886,0.0,0.0,0.18045112781954886,0.7431148867801869,5.0,3.5,16.264732557907433,sim_input.json
47,1,15,<bidder.UniformBidder object at 0x0000028086D3F2E8>,5,True,21,6.358096994051157,1.0,1.0,1,1,3.5,0.0,0.0,0,0.18045112781954886,0.0,0.0,0.18045112781954886,1.1473257733626148,5.0,3.5,16.264732557907433,sim_input.json
47,1,15,<bidder.UniformBidder object at 0x0000028086D3F2E8>,5,True,22,0.9630142925573355,3.0,3.0,1,0.75,3.5,0.0,0.0,0,0.0,0.0,0.0,0.0,0.0,5.0,3.5,16.264732557907433,sim_input.json
47,1,15,<bidder.UniformBidder object at 0x0000028086D3F2E8>,5,True,23,0.7602752320006272,1.0,3.0,1,1,3.5,0.0,0.0,0,0.0,0.0,0.0,0.0,0.0,5.0,3.5,16.264732557907433,sim_input.json
47,1,15,<bidder.UniformBidder object at 0x0000028086D3F2E8>,5,True,24,0.41974338214447116,2.0,4.0,0.75,1,3.5,0.0,0.0,0,0.0025062656641603918,0.0,0.0,0.0025062656641603918,0.001051988426427242,5.0,3.5,16.264732557907433,sim_input.json
47,1,15,<bidder.UniformBidder object at 0x0000028086D3F2E8>,5,True,25,7.95005422783389,0.0,1.0,1,1,3.5,0.0,0.0,0,0.18045112781954886,0.0,0.0,0.18045112781954886,1.4345962516391981,5.0,3.5,16.264732557907433,sim_input.json
47,1,15,<bidder.UniformBidder object at 0x0000028086D3F2E8>,5,True,26,2.54106206314393,0.0,1.0,1,1,3.5,0.0,0.0,0,0.18045112781954886,0.0,0.0,0.18045112781954886,0.4585375151537918,5.0,3.5,16.264732557907433,sim_input.json
47,1,15,<bidder.UniformBidder object at 0x0000028086D3F2E8>,5,True,27,6.380602305537337,0.0,0.0,1,1,3.5,0.0,0.0,0,0.2706766917293233,0.0,0.0,0.2706766917293233,1.7270803233033394,5.0,3.5,16.264732557907433,sim_input.json
47,1,15,<bidder.UniformBidder object at 0x0000028086D3F2E8>,5,True,28,4.498436759940126,3.0,3.0,1,0.75,3.5,0.0,0.0,0,0.0,0.0,0.0,0.0,0.0,5.0,3.5,16.264732557907433,sim_input.json
47,1,15,<bidder.UniformBidder object at 0x0000028086D3F2E8>,5,True,29,5.505251930120229,1.0,2.0,1,1,3.5,0.0,0.0,0,0.09022556390977443,0.0,0.0,0.09022556390977443,0.4967144598604718,5.0,3.5,16.264732557907433,sim_input.json
47,1,15,<bidder.UniformBidder object at 0x0000028086D3F2E8>,5,True,30,2.182518795855197,3.0,4.0,0.75,0.75,3.5,0.0,0.0,0,0.0,0.0,0.0,0.0,0.0,5.0,3.5,16.264732557907433,sim_input.json
47,1,15,<bidder.UniformBidder object at 0x0000028086D3F2E8>,5,True,31,4.818553524477737,3.0,3.0,1,0.75,3.5,0.0,0.0,0,0.0,0.0,0.0,0.0,0.0,5.0,3.5,16.264732557907433,sim_input.json
47,1,15,<bidder.UniformBidder object at 0x0000028086D3F2E8>,5,True,32,6.786993743099197,4.0,4.0,0.75,0.6,3.5,0.0,0.0,0,0.0,0.0,0.0,0.0,0.0,5.0,3.5,16.264732557907433,sim_input.json
47,1,15,<bidder.UniformBidder object at 0x0000028086D3F2E8>,5,True,33,7.5950563720839,2.0,2.0,1,1,3.5,0.0,0.0,0,0.09022556390977443,0.0,0.0,0.09022556390977443,0.6852682440977955,5.0,3.5,16.264732557907433,sim_input.json
47,1,15,<bidder.UniformBidder object at 0x0000028086D3F2E8>,5,True,34,0.4671509669156999,4.0,4.0,0.75,0.6,3.5,0.0,0.0,0,0.0025062656641603918,0.0,0.0,0.0025062656641603918,0.0011708044283601459,5.0,3.5,16.264732557907433,sim_input.json
47,1,15,<bidder.UniformBidder object at 0x0000028086D3F2E8>,5,True,35,6.422864995522955,2.0,4.0,0.75,1,3.5,0.0,0.0,0,0.0,0.0,0.0,0.0,0.0,5.0,3.5,16.264732557907433,sim_input.json
47,1,15,<bidder.UniformBidder object at 0x0000028086D3F2E8>,5,True,36,4.988111426545533,1.0,3.0,1,1,3.5,0.0,0.0,0,0.0,0.0,0.0,0.0,0.0,5.0,3.5,16.264732557907433,sim_input.json
47,1,15,<bidder.UniformBidder object at 0x0000028086D3F2E8>,5,True,37,0.19466790065517403,6.0,6.0,0.5,0.5,3.5,1.0,1.0,1,0.5,0.5,0.5,0.5,0.09733395032758702,5.0,3.5,16.264732557907433,sim_input.json
47,1,15,<bidder.UniformBidder object at 0x0000028086D3F2E8>,5,True,38,3.747334208765078,3.0,3.0,1,0.75,3.5,0.0,0.0,0,0.0,0.0,0.0,0.0,0.0,5.0,3.5,16.264732557907433,sim_input.json
47,1,15,<bidder.UniformBidder object at 0x0000028086D3F2E8>,5,True,39,6.692416770921636,2.0,3.0,1,1,3.5,0.0,0.0,0,0.0,0.0,0.0,0.0,0.0,5.0,3.5,16.264732557907433,sim_input.json
47,1,15,<bidder.UniformBidder object at 0x0000028086D3F2E8>,5,True,40,2.2899466926845724,2.0,4.0,0.75,1,3.5,0.0,0.0,0,0.0,0.0,0.0,0.0,0.0,5.0,3.5,16.264732557907433,sim_input.json
47,1,15,<bidder.UniformBidder object at 0x0000028086D3F2E8>,5,True,41,3.846858471376902,1.0,1.0,1,1,3.5,0.0,0.0,0,0.18045112781954886,0.0,0.0,0.18045112781954886,0.6941699497221477,5.0,3.5,16.264732557907433,sim_input.json
47,1,15,<bidder.UniformBidder object at 0x0000028086D3F2E8>,5,True,42,5.738369102990232,3.0,3.0,1,0.75,3.5,0.0,0.0,0,0.0033416875522138826,0.0,0.0,0.0033416875522138826,0.0191758366014712,5.0,3.5,16.264732557907433,sim_input.json
47,1,15,<bidder.UniformBidder object at 0x0000028086D3F2E8>,5,True,43,3.3079399012123476,4.0,4.0,0.75,0.6,3.5,0.0,0.0,0,0.0025062656641603918,0.0,0.0,0.0025062656641603918,0.008290576193514625,5.0,3.5,16.264732557907433,sim_input.json
47,1,15,<bidder.UniformBidder object at 0x0000028086D3F2E8>,5,True,44,2.3345155151755295,1.0,3.0,1,1,3.5,0.0,0.0,0,0.0,0.0,0.0,0.0,0.0,5.0,3.5,16.264732557907433,sim_input.json
47,1,15,<bidder.UniformBidder object at 0x0000028086D3F2E8>,5,True,45,3.5152962960401495,1.0,1.0,1,1,3.5,0.0,0.0,0,0.18045112781954886,0.0,0.0,0.18045112781954886,0.6343391812403277,5.0,3.5,16.264732557907433,sim_input.json
47,1,15,<bidder.UniformBidder object at 0x0000028086D3F2E8>,5,True,46,5.549365358107169,0.0,0.0,1,1,3.5,0.0,0.0,0,0.2706766917293233,0.0,0.0,0.2706766917293233,1.5020838563297598,5.0,3.5,16.264732557907433,sim_input.json
47,1,15,<bidder.UniformBidder object at 0x0000028086D3F2E8>,5,True,47,0.0,3.0,4.0,0.75,0.75,3.5,0.0,0.0,0,0.0,0.0,0.0,0.0,0.0,5.0,3.5,16.264732557907433,sim_input.json
47,1,15,<bidder.UniformBidder object at 0x0000028086D3F2E8>,5,True,48,3.407288415865507,2.0,2.0,1,1,3.5,0.0,0.0,0,0.09356725146198831,0.0,0.0,0.09356725146198831,0.3188106120108077,5.0,3.5,16.264732557907433,sim_input.json
47,1,15,<bidder.UniformBidder object at 0x0000028086D3F2E8>,5,True,49,4.187343277295524,2.0,3.0,1,1,3.5,0.0,0.0,0,0.0,0.0,0.0,0.0,0.0,5.0,3.5,16.264732557907433,sim_input.json
47,1,15,<bidder.UniformBidder object at 0x0000028086D3F2E8>,5,True,50,6.78156809124844,0.0,0.0,1,1,3.5,0.0,0.0,0,0.2706766917293233,0.0,0.0,0.2706766917293233,1.8356124156762694,5.0,3.5,16.264732557907433,sim_input.json
47,1,15,<bidder.UniformBidder object at 0x0000028086D3F2E8>,5,True,51,0.2551869788168457,4.0,4.0,0.75,0.75,3.5,1.0,1.0,1,0.75,0.75,0.75,0.75,0.19139023411263428,5.0,3.5,16.264732557907433,sim_input.json
47,1,16,<bidder.IntegralGreedyBidder object at 0x0000028086D3FE80>,5,True,0,0.0,5.0,6.0,0.5,0.5,5.1,0.0,0.0,0,0.0,0.0,0.0,0.0,0.0,6.0,5.1,7.986839046523087,sim_input.json
47,1,16,<bidder.IntegralGreedyBidder object at 0x0000028086D3FE80>,5,True,1,3.378817914509118,1.0,1.0,1,1,5.1,0.0,0.0,0,0.0842105263157895,0.0,0.0,0.0842105263157895,0.2845320349060311,6.0,5.1,7.986839046523087,sim_input.json
47,1,16,<bidder.IntegralGreedyBidder object at 0x0000028086D3FE80>,5,True,2,1.7980522546841728,4.0,4.0,0.75,0.6,5.1,0.0,0.0,0,0.0,0.0,0.0,0.0,0.0,6.0,5.1,7.986839046523087,sim_input.json
47,1,16,<bidder.IntegralGreedyBidder object at 0x0000028086D3FE80>,5,True,3,1.5373479410486421,3.0,3.0,1,0.75,5.1,0.0,0.0,0,0.0,0.0,0.0,0.0,0.0,6.0,5.1,7.986839046523087,sim_input.json
47,1,16,<bidder.IntegralGreedyBidder object at 0x0000028086D3FE80>,5,True,4,0.00038706825346790374,5.0,5.0,0.6,0.6,5.1,1.0,1.0,1,0.6,0.6,0.6,0.6,0.00023224095208074225,6.0,5.1,7.986839046523087,sim_input.json
47,1,16,<bidder.IntegralGreedyBidder object at 0x0000028086D3FE80>,5,True,5,1.7303166954552487,3.0,3.0,1,0.75,5.1,0.0,0.0,0,0.0,0.0,0.0,0.0,0.0,6.0,5.1,7.986839046523087,sim_input.json
47,1,16,<bidder.IntegralGreedyBidder object at 0x0000028086D3FE80>,5,True,6,0.0,0.0,0.0,1,1,5.1,0.0,0.0,0,0.0,0.0,0.0,0.0,0.0,6.0,5.1,7.986839046523087,sim_input.json
47,1,16,<bidder.IntegralGreedyBidder object at 0x0000028086D3FE80>,5,True,7,0.08983423673974844,2.0,3.0,1,1,5.1,1.0,1.0,1,1.0,1.0,1.0,1.0,0.08983423673974844,6.0,5.1,7.986839046523087,sim_input.json
47,1,16,<bidder.IntegralGreedyBidder object at 0x0000028086D3FE80>,5,True,8,3.139935946865685,1.0,2.0,1,1,5.1,0.0,0.0,0,0.04366471734892789,0.0,0.0,0.04366471734892789,0.1371044156136284,6.0,5.1,7.986839046523087,sim_input.json
47,1,16,<bidder.IntegralGreedyBidder object at 0x0000028086D3FE80>,5,True,9,3.9775451319683772,4.0,4.0,0.75,0.6,5.1,0.0,0.0,0,0.0,0.0,0.0,0.0,0.0,6.0,5.1,7.986839046523087,sim_input.json
47,1,16,<bidder.IntegralGreedyBidder object at 0x0000028086D3FE80>,5,True,10,0.0,1.0,2.0,1,1,5.1,0.0,0.0,0,0.0,0.0,0.0,0.0,0.0,6.0,5.1,7.986839046523087,sim_input.json
47,1,16,<bidder.IntegralGreedyBidder object at 0x0000028086D3FE80>,5,True,11,4.3944733084538345,1.0,2.0,1,1,5.1,0.0,0.0,0,0.04210526315789475,0.0,0.0,0.04210526315789475,0.1850304550927931,6.0,5.1,7.986839046523087,sim_input.json
47,1,16,<bidder.IntegralGreedyBidder object at 0x0000028086D3FE80>,5,True,12,1.9000988091323916,3.0,3.0,1,0.75,5.1,0.0,0.0,0,0.0,0.0,0.0,0.0,0.0,6.0,5.1,7.986839046523087,sim_input.json
47,1,16,<bidder.IntegralGreedyBidder object at 0x0000028086D3FE80>,5,True,13,6.805234838123468,6.0,6.0,0.5,0.42857142857142855,5.1,0.0,0.0,0,0.0007797270955165729,0.0,0.0,0.0007797270955165729,0.005306225994638206,6.0,5.1,7.986839046523087,sim_input.json
47,1,16,<bidder.IntegralGreedyBidder object at 0x0000028086D3FE80>,5,True,14,5.756858235781497,3.0,3.0,1,0.75,5.1,0.0,0.0,0,0.0,0.0,0.0,0.0,0.0,6.0,5.1,7.986839046523087,sim_input.json
47,1,16,<bidder.IntegralGreedyBidder object at 0x0000028086D3FE80>,5,True,15,7.863995899440893,3.0,3.0,1,0.75,5.1,0.0,0.0,0,0.0,0.0,0.0,0.0,0.0,6.0,5.1,7.986839046523087,sim_input.json
47,1,16,<bidder.IntegralGreedyBidder object at 0x0000028086D3FE80>,5,True,16,2.8908346378078837,2.0,3.0,1,1,5.1,0.0,0.0,0,0.0,0.0,0.0,0.0,0.0,6.0,5.1,7.986839046523087,sim_input.json
47,1,16,<bidder.IntegralGreedyBidder object at 0x0000028086D3FE80>,5,True,17,7.452289646933988,1.0,4.0,0.75,1,5.1,0.0,0.0,0,0.0,0.0,0.0,0.0,0.0,6.0,5.1,7.986839046523087,sim_input.json
47,1,16,<bidder.IntegralGreedyBidder object at 0x0000028086D3FE80>,5,True,18,0.0,6.0,6.0,0.5,0.42857142857142855,5.1,0.0,0.0,0,0.0,0.0,0.0,0.0,0.0,6.0,5.1,7.986839046523087,sim_input.json
47,1,16,<bidder.IntegralGreedyBidder object at 0x0000028086D3FE80>,5,True,19,5.753088138020702,2.0,2.0,1,1,5.1,0.0,0.0,0,0.04210526315789475,0.0,0.0,0.04210526315789475,0.2422352900219244,6.0,5.1,7.986839046523087,sim_input.json
47,1,16,<bidder.IntegralGreedyBidder object at 0x0000028086D3FE80>,5,True,20,5.875493384560753,0.0,1.0,1,1,5.1,0.0,0.0,0,0.0842105263157895,0.0,0.0,0.0842105263157895,0.4947783902788004,6.0,5.1,7.986839046523087,sim_input.json
47,1,16,<bidder.IntegralGreedyBidder object at 0x0000028086D3FE80>,5,True,21,5.969850620917461,1.0,1.0,1,1,5.1,0.0,0.0,0,0.0842105263157895,0.0,0.0,0.0842105263157895,0.5027242628141021,6.0,5.1,7.986839046523087,sim_input.json
47,1,16,<bidder.IntegralGreedyBidder object at 0x0000028086D3FE80>,5,True,22,3.386700554364418,3.0,3.0,1,0.75,5.1,0.0,0.0,0,0.0,0.0,0.0,0.0,0.0,6.0,5.1,7.986839046523087,sim_input.json
47,1,16,<bidder.IntegralGreedyBidder object at 0x0000028086D3FE80>,5,True,23,6.92372988168097,1.0,3.0,1,1,5.1,0.0,0.0,0,0.0,0.0,0.0,0.0,0.0,6.0,5.1,7.986839046523087,sim_input.json
47,1,16,<bidder.IntegralGreedyBidder object at 0x0000028086D3FE80>,5,True,24,6.285786188730583,2.0,4.0,0.75,1,5.1,0.0,0.0,0,0.00116959064327485,0.0,0.0,0.00116959064327485,0.00735179671196557,6.0,5.1,7.986839046523087,sim_input.json
47,1,16,<bidder.IntegralGreedyBidder object at 0x0000028086D3FE80>,5,True,25,6.497316001268824,0.0,1.0,1,1,5.1,0.0,0.0,0,0.0842105263157895,0.0,0.0,0.0842105263157895,0.5471424001068484,6.0,5.1,7.986839046523087,sim_input.json
47,1,16,<bidder.IntegralGreedyBidder object at 0x0000028086D3FE80>,5,True,26,7.844227676691577,0.0,1.0,1,1,5.1,0.0,0.0,0,0.0842105263157895,0.0,0.0,0.0842105263157895,0.6605665411950803,6.0,5.1,7.986839046523087,sim_input.json
47,1,16,<bidder.IntegralGreedyBidder object at 0x0000028086D3FE80>,5,True,27,2.423552597821547,0.0,0.0,1,1,5.1,0.0,0.0,0,0.12631578947368424,0.0,0.0,0.12631578947368424,0.30613295972482707,6.0,5.1,7.986839046523087,sim_input.json
47,1,16,<bidder.IntegralGreedyBidder object at 0x0000028086D3FE80>,5,True,28,2.5293174807000653,3.0,3.0,1,0.75,5.1,0.0,0.0,0,0.0,0.0,0.0,0.0,0.0,6.0,5.1,7.986839046523087,sim_input.json
47,1,16,<bidder.IntegralGreedyBidder object at 0x0000028086D3FE80>,5,True,29,3.441773191946515,1.0,2.0,1,1,5.1,0.0,0.0,0,0.04210526315789475,0.0,0.0,0.04210526315789475,0.14491676597669542,6.0,5.1,7.986839046523087,sim_input.json
47,1,16,<bidder.IntegralGreedyBidder object at 0x0000028086D3FE80>,5,True,30,2.1675791882935753,3.0,4.0,0.75,0.75,5.1,0.0,0.0,0,0.0,0.0,0.0,0.0,0.0,6.0,5.1,7.986839046523087,sim_input.json
47,1,16,<bidder.IntegralGreedyBidder object at 0x0000028086D3FE80>,5,True,31,0.4850701805357791,3.0,3.0,1,1,5.1,1.0,1.0,1,1.0,1.0,1.0,1.0,0.4850701805357791,6.0,5.1,7.986839046523087,sim_input.json
47,1,16,<bidder.IntegralGreedyBidder object at 0x0000028086D3FE80>,5,True,32,3.3662695685491295,4.0,4.0,0.75,0.6,5.1,0.0,0.0,0,0.0,0.0,0.0,0.0,0.0,6.0,5.1,7.986839046523087,sim_input.json
47,1,16,<bidder.IntegralGreedyBidder object at 0x0000028086D3FE80>,5,True,33,2.36615554054778,2.0,2.0,1,1,5.1,0.0,0.0,0,0.04210526315789475,0.0,0.0,0.04210526315789475,0.09962760170727497,6.0,5.1,7.986839046523087,sim_input.json
47,1,16,<bidder.IntegralGreedyBidder object at 0x0000028086D3FE80>,5,True,34,0.2954912346307875,4.0,4.0,0.75,0.75,5.1,1.0,1.0,1,0.7511695906432748,0.75,0.75,0.7511695906432748,0.22196402975628454,6.0,5.1,7.986839046523087,sim_input.json
47,1,16,<bidder.IntegralGreedyBidder object at 0x0000028086D3FE80>,5,True,35,3.466791810385674,2.0,4.0,0.75,1,5.1,0.0,0.0,0,0.0,0.0,0.0,0.0,0.0,6.0,5.1,7.986839046523087,sim_input.json
47,1,16,<bidder.IntegralGreedyBidder object at 0x0000028086D3FE80>,5,True,36,6.648059387219762,1.0,3.0,1,1,5.1,0.0,0.0,0,0.0,0.0,0.0,0.0,0.0,6.0,5.1,7.986839046523087,sim_input.json
47,1,16,<bidder.IntegralGreedyBidder object at 0x0000028086D3FE80>,5,True,37,0.0,6.0,6.0,0.5,0.42857142857142855,5.1,0.0,0.0,0,0.0,0.0,0.0,0.0,0.0,6.0,5.1,7.986839046523087,sim_input.json
47,1,16,<bidder.IntegralGreedyBidder object at 0x0000028086D3FE80>,5,True,38,2.6232769887538243,3.0,3.0,1,0.75,5.1,0.0,0.0,0,0.0,0.0,0.0,0.0,0.0,6.0,5.1,7.986839046523087,sim_input.json
47,1,16,<bidder.IntegralGreedyBidder object at 0x0000028086D3FE80>,5,True,39,1.453847925627153,2.0,3.0,1,1,5.1,0.0,1.0,1,1.0,1.0,1.0,1.0,1.453847925627153,6.0,5.1,7.986839046523087,sim_input.json
47,1,16,<bidder.IntegralGreedyBidder object at 0x0000028086D3FE80>,5,True,40,3.5029402907821865,2.0,4.0,0.75,1,5.1,0.0,0.0,0,0.0,0.0,0.0,0.0,0.0,6.0,5.1,7.986839046523087,sim_input.json
47,1,16,<bidder.IntegralGreedyBidder object at 0x0000028086D3FE80>,5,True,41,5.937055810505364,1.0,1.0,1,1,5.1,0.0,0.0,0,0.0842105263157895,0.0,0.0,0.0842105263157895,0.49996259456887293,6.0,5.1,7.986839046523087,sim_input.json
47,1,16,<bidder.IntegralGreedyBidder object at 0x0000028086D3FE80>,5,True,42,6.228460587486674,3.0,3.0,1,0.75,5.1,0.0,0.0,0,0.0015594541910331457,0.0,0.0,0.0015594541910331457,0.009712998966840863,6.0,5.1,7.986839046523087,sim_input.json
47,1,16,<bidder.IntegralGreedyBidder object at 0x0000028086D3FE80>,5,True,43,5.394368908040479,4.0,4.0,0.75,0.6,5.1,0.0,0.0,0,0.00116959064327485,0.0,0.0,0.00116959064327485,0.006309203401216914,6.0,5.1,7.986839046523087,sim_input.json
47,1,16,<bidder.IntegralGreedyBidder object at 0x0000028086D3FE80>,5,True,44,1.5993336092469608,1.0,3.0,1,1,5.1,0.0,0.0,0,0.0,0.0,0.0,0.0,0.0,6.0,5.1,7.986839046523087,sim_input.json
47,1,16,<bidder.IntegralGreedyBidder object at 0x0000028086D3FE80>,5,True,45,4.07262299425526,1.0,1.0,1,1,5.1,0.0,0.0,0,0.0842105263157895,0.0,0.0,0.0842105263157895,0.34295772583202205,6.0,5.1,7.986839046523087,sim_input.json
47,1,16,<bidder.IntegralGreedyBidder object at 0x0000028086D3FE80>,5,True,46,1.5501681227240263,0.0,0.0,1,1,5.1,0.0,0.0,0,0.12631578947368424,0.0,0.0,0.12631578947368424,0.19581071023882443,6.0,5.1,7.986839046523087,sim_input.json
47,1,16,<bidder.IntegralGreedyBidder object at 0x0000028086D3FE80>,5,True,47,0.0,3.0,4.0,0.75,0.75,5.1,0.0,0.0,0,0.0,0.0,0.0,0.0,0.0,6.0,5.1,7.986839046523087,sim_input.json
47,1,16,<bidder.IntegralGreedyBidder object at 0x0000028086D3FE80>,5,True,48,4.876035406154335,2.0,2.0,1,1,5.1,0.0,0.0,0,0.04366471734892789,0.0,0.0,0.04366471734892789,0.21291070779309385,6.0,5.1,7.986839046523087,sim_input.json
47,1,16,<bidder.IntegralGreedyBidder object at 0x0000028086D3FE80>,5,True,49,3.745196907268741,2.0,3.0,1,1,5.1,0.0,0.0,0,0.0,0.0,0.0,0.0,0.0,6.0,5.1,7.986839046523087,sim_input.json
47,1,16,<bidder.IntegralGreedyBidder object at 0x0000028086D3FE80>,5,True,50,5.744288246559743,0.0,0.0,1,1,5.1,0.0,0.0,0,0.12631578947368424,0.0,0.0,0.12631578947368424,0.7255943048285993,6.0,5.1,7.986839046523087,sim_input.json
47,1,16,<bidder.IntegralGreedyBidder object at 0x0000028086D3FE80>,5,True,51,0.1669107295172838,4.0,4.0,0.75,0.75,5.1,1.0,1.0,1,0.75,0.75,0.75,0.75,0.12518304713796286,6.0,5.1,7.986839046523087,sim_input.json
47,1,17,<bidder.IntegralGreedyBidder object at 0x0000028086D3F748>,5,True,0,5.540694490943024,5.0,6.0,0.5,0.5,5.75,0.0,0.0,0,0.0,0.0,0.0,0.0,0.0,6.0,5.25,7.075275299399583,sim_input.json
47,1,17,<bidder.IntegralGreedyBidder object at 0x0000028086D3F748>,5,True,1,6.346971345698213,1.0,1.0,1,1,5.75,0.0,0.0,0,0.07518796992481203,0.0,0.0,0.07518796992481203,0.47721589065400094,6.0,5.25,7.075275299399583,sim_input.json
47,1,17,<bidder.IntegralGreedyBidder object at 0x0000028086D3F748>,5,True,2,0.4254335171566437,4.0,4.0,0.75,0.75,5.75,1.0,1.0,1,0.75,0.75,0.75,0.75,0.31907513786748276,6.0,5.25,7.075275299399583,sim_input.json
47,1,17,<bidder.IntegralGreedyBidder object at 0x0000028086D3F748>,5,True,3,0.1386213635717347,3.0,3.0,1,1,5.75,1.0,1.0,1,1.0,1.0,1.0,1.0,0.1386213635717347,6.0,5.25,7.075275299399583,sim_input.json
47,1,17,<bidder.IntegralGreedyBidder object at 0x0000028086D3F748>,5,True,4,6.836084408303661,5.0,5.0,0.6,0.5,5.75,0.0,0.0,0,0.0,0.0,0.0,0.0,0.0,6.0,5.25,7.075275299399583,sim_input.json
47,1,17,<bidder.IntegralGreedyBidder object at 0x0000028086D3F748>,5,True,5,3.168324696556514,3.0,3.0,1,0.75,5.75,0.0,0.0,0,0.0,0.0,0.0,0.0,0.0,6.0,5.25,7.075275299399583,sim_input.json
47,1,17,<bidder.IntegralGreedyBidder object at 0x0000028086D3F748>,5,True,6,0.0,0.0,0.0,1,1,5.75,0.0,0.0,0,0.0,0.0,0.0,0.0,0.0,6.0,5.25,7.075275299399583,sim_input.json
47,1,17,<bidder.IntegralGreedyBidder object at 0x0000028086D3F748>,5,True,7,0.6251537732622916,2.0,3.0,1,1,5.75,1.0,1.0,1,1.0,1.0,1.0,1.0,0.6251537732622916,6.0,5.25,7.075275299399583,sim_input.json
47,1,17,<bidder.IntegralGreedyBidder object at 0x0000028086D3F748>,5,True,8,4.105508855826478,1.0,2.0,1,1,5.75,0.0,0.0,0,0.038986354775828465,0.0,0.0,0.038986354775828465,0.16005882478855665,6.0,5.25,7.075275299399583,sim_input.json
47,1,17,<bidder.IntegralGreedyBidder object at 0x0000028086D3F748>,5,True,9,0.0,4.0,4.0,0.75,0.6,5.75,0.0,0.0,0,0.0,0.0,0.0,0.0,0.0,6.0,5.25,7.075275299399583,sim_input.json
47,1,17,<bidder.IntegralGreedyBidder object at 0x0000028086D3F748>,5,True,10,0.0,1.0,2.0,1,1,5.75,0.0,0.0,0,0.0,0.0,0.0,0.0,0.0,6.0,5.25,7.075275299399583,sim_input.json
47,1,17,<bidder.IntegralGreedyBidder object at 0x0000028086D3F748>,5,True,11,3.106828226078964,1.0,2.0,1,1,5.75,0.0,0.0,0,0.03759398496240601,0.0,0.0,0.03759398496240601,0.11679805361199112,6.0,5.25,7.075275299399583,sim_input.json
47,1,17,<bidder.IntegralGreedyBidder object at 0x0000028086D3F748>,5,True,12,3.5749513960409343,3.0,3.0,1,0.75,5.75,0.0,0.0,0,0.0,0.0,0.0,0.0,0.0,6.0,5.25,7.075275299399583,sim_input.json
47,1,17,<bidder.IntegralGreedyBidder object at 0x0000028086D3F748>,5,True,13,0.9711369880381268,6.0,6.0,0.5,0.42857142857142855,5.75,0.0,0.0,0,0.0006961849067112256,0.0,0.0,0.0006961849067112256,0.0006760909134211439,6.0,5.25,7.075275299399583,sim_input.json
47,1,17,<bidder.IntegralGreedyBidder object at 0x0000028086D3F748>,5,True,14,4.488703170896482,3.0,3.0,1,0.75,5.75,0.0,0.0,0,0.0,0.0,0.0,0.0,0.0,6.0,5.25,7.075275299399583,sim_input.json
47,1,17,<bidder.IntegralGreedyBidder object at 0x0000028086D3F748>,5,True,15,6.676768892238261,3.0,3.0,1,0.75,5.75,0.0,0.0,0,0.0,0.0,0.0,0.0,0.0,6.0,5.25,7.075275299399583,sim_input.json
47,1,17,<bidder.IntegralGreedyBidder object at 0x0000028086D3F748>,5,True,16,1.3280859247967145,2.0,3.0,1,1,5.75,0.0,0.0,0,0.0,0.0,0.0,0.0,0.0,6.0,5.25,7.075275299399583,sim_input.json
47,1,17,<bidder.IntegralGreedyBidder object at 0x0000028086D3F748>,5,True,17,1.8425136404791544,1.0,4.0,0.75,1,5.75,0.0,0.0,0,0.0,0.0,0.0,0.0,0.0,6.0,5.25,7.075275299399583,sim_input.json
47,1,17,<bidder.IntegralGreedyBidder object at 0x0000028086D3F748>,5,True,18,0.9488180137044702,6.0,6.0,0.5,0.42857142857142855,5.75,0.0,0.0,0,0.0,0.0,0.0,0.0,0.0,6.0,5.25,7.075275299399583,sim_input.json
47,1,17,<bidder.IntegralGreedyBidder object at 0x0000028086D3F748>,5,True,19,1.5912986807754885,2.0,2.0,1,1,5.75,0.0,0.0,0,0.03759398496240601,0.0,0.0,0.03759398496240601,0.05982325867577024,6.0,5.25,7.075275299399583,sim_input.json
47,1,17,<bidder.IntegralGreedyBidder object at 0x0000028086D3F748>,5,True,20,5.86924067369399,0.0,1.0,1,1,5.75,0.0,0.0,0,0.07518796992481203,0.0,0.0,0.07518796992481203,0.4412962912551872,6.0,5.25,7.075275299399583,sim_input.json
47,1,17,<bidder.IntegralGreedyBidder object at 0x0000028086D3F748>,5,True,21,2.6283669853655525,1.0,1.0,1,1,5.75,0.0,0.0,0,0.07518796992481203,0.0,0.0,0.07518796992481203,0.19762157784703402,6.0,5.25,7.075275299399583,sim_input.json
47,1,17,<bidder.IntegralGreedyBidder object at 0x0000028086D3F748>,5,True,22,2.21713008103358,3.0,3.0,1,0.75,5.75,0.0,0.0,0,0.0,0.0,0.0,0.0,0.0,6.0,5.25,7.075275299399583,sim_input.json
47,1,17,<bidder.IntegralGreedyBidder object at 0x0000028086D3F748>,5,True,23,3.9521034308033056,1.0,3.0,1,1,5.75,0.0,0.0,0,0.0,0.0,0.0,0.0,0.0,6.0,5.25,7.075275299399583,sim_input.json
47,1,17,<bidder.IntegralGreedyBidder object at 0x0000028086D3F748>,5,True,24,0.0,2.0,4.0,0.75,1,5.75,0.0,0.0,0,0.0,0.0,0.0,0.0,0.0,6.0,5.25,7.075275299399583,sim_input.json
47,1,17,<bidder.IntegralGreedyBidder object at 0x0000028086D3F748>,5,True,25,5.151688214241768,0.0,1.0,1,1,5.75,0.0,0.0,0,0.07518796992481203,0.0,0.0,0.07518796992481203,0.3873449785144186,6.0,5.25,7.075275299399583,sim_input.json
47,1,17,<bidder.IntegralGreedyBidder object at 0x0000028086D3F748>,5,True,26,2.714004185526957,0.0,1.0,1,1,5.75,0.0,0.0,0,0.07518796992481203,0.0,0.0,0.07518796992481203,0.2040604650772148,6.0,5.25,7.075275299399583,sim_input.json
47,1,17,<bidder.IntegralGreedyBidder object at 0x0000028086D3F748>,5,True,27,1.685796802399973,0.0,0.0,1,1,5.75,0.0,0.0,0,0.11278195488721804,0.0,0.0,0.11278195488721804,0.1901274589172902,6.0,5.25,7.075275299399583,sim_input.json
47,1,17,<bidder.IntegralGreedyBidder object at 0x0000028086D3F748>,5,True,28,5.223668188852944,3.0,3.0,1,0.75,5.75,0.0,0.0,0,0.0,0.0,0.0,0.0,0.0,6.0,5.25,7.075275299399583,sim_input.json
47,1,17,<bidder.IntegralGreedyBidder object at 0x0000028086D3F748>,5,True,29,1.2520942769867554,1.0,2.0,1,1,5.75,0.0,1.0,1,1.0,1.0,1.0,1.0,1.2520942769867554,6.0,5.25,7.075275299399583,sim_input.json
47,1,17,<bidder.IntegralGreedyBidder object at 0x0000028086D3F748>,5,True,30,1.7085810392544183,3.0,4.0,0.75,0.75,5.75,0.0,0.0,0,0.0,0.0,0.0,0.0,0.0,6.0,5.25,7.075275299399583,sim_input.json
47,1,17,<bidder.IntegralGreedyBidder object at 0x0000028086D3F748>,5,True,31,4.00945270246815,3.0,3.0,1,0.75,5.75,0.0,0.0,0,0.0,0.0,0.0,0.0,0.0,6.0,5.25,7.075275299399583,sim_input.json
47,1,17,<bidder.IntegralGreedyBidder object at 0x0000028086D3F748>,5,True,32,0.7845766469401908,4.0,4.0,0.75,0.6,5.75,0.0,0.0,0,0.0,0.0,0.0,0.0,0.0,6.0,5.25,7.075275299399583,sim_input.json
47,1,17,<bidder.IntegralGreedyBidder object at 0x0000028086D3F748>,5,True,33,3.405464216362656,2.0,2.0,1,1,5.75,0.0,0.0,0,0.03759398496240601,0.0,0.0,0.03759398496240601,0.12802497053994946,6.0,5.25,7.075275299399583,sim_input.json
47,1,17,<bidder.IntegralGreedyBidder object at 0x0000028086D3F748>,5,True,34,1.9369985746352907,4.0,4.0,0.75,0.6,5.75,0.0,0.0,0,0.00104427736006683,0.0,0.0,0.00104427736006683,0.002022763757973354,6.0,5.25,7.075275299399583,sim_input.json
47,1,17,<bidder.IntegralGreedyBidder object at 0x0000028086D3F748>,5,True,35,0.6233309305070838,2.0,4.0,0.75,1,5.75,1.0,1.0,1,0.75,0.75,0.75,0.75,0.4674981978803128,6.0,5.25,7.075275299399583,sim_input.json
47,1,17,<bidder.IntegralGreedyBidder object at 0x0000028086D3F748>,5,True,36,3.7089578811072714,1.0,3.0,1,1,5.75,0.0,0.0,0,0.0,0.0,0.0,0.0,0.0,6.0,5.25,7.075275299399583,sim_input.json
47,1,17,<bidder.IntegralGreedyBidder object at 0x0000028086D3F748>,5,True,37,1.1070802790406242,6.0,6.0,0.5,0.42857142857142855,5.75,0.0,0.0,0,0.0,0.0,0.0,0.0,0.0,6.0,5.25,7.075275299399583,sim_input.json
47,1,17,<bidder.IntegralGreedyBidder object at 0x0000028086D3F748>,5,True,38,1.7348677127198064,3.0,3.0,1,0.75,5.75,0.0,0.0,0,0.0,0.0,0.0,0.0,0.0,6.0,5.25,7.075275299399583,sim_input.json
47,1,17,<bidder.IntegralGreedyBidder object at 0x0000028086D3F748>,5,True,39,6.794781081886243,2.0,3.0,1,1,5.75,0.0,0.0,0,0.0,0.0,0.0,0.0,0.0,6.0,5.25,7.075275299399583,sim_input.json
47,1,17,<bidder.IntegralGreedyBidder object at 0x0000028086D3F748>,5,True,40,2.0703560338576503,2.0,4.0,0.75,1,5.75,0.0,0.0,0,0.0,0.0,0.0,0.0,0.0,6.0,5.25,7.075275299399583,sim_input.json
47,1,17,<bidder.IntegralGreedyBidder object at 0x0000028086D3F748>,5,True,41,1.9422880817438422,1.0,1.0,1,1,5.75,0.0,0.0,0,0.07518796992481203,0.0,0.0,0.07518796992481203,0.14603669787547685,6.0,5.25,7.075275299399583,sim_input.json
47,1,17,<bidder.IntegralGreedyBidder object at 0x0000028086D3F748>,5,True,42,4.1714776606195,3.0,3.0,1,0.75,5.75,0.0,0.0,0,0.0013923698134224512,0.0,0.0,0.0013923698134224512,0.0058082395720126965,6.0,5.25,7.075275299399583,sim_input.json
47,1,17,<bidder.IntegralGreedyBidder object at 0x0000028086D3F748>,5,True,43,1.3161774379028772,4.0,4.0,0.75,0.6,5.75,0.0,0.0,0,0.00104427736006683,0.0,0.0,0.00104427736006683,0.0013744543002327408,6.0,5.25,7.075275299399583,sim_input.json
47,1,17,<bidder.IntegralGreedyBidder object at 0x0000028086D3F748>,5,True,44,5.114880376454063,1.0,3.0,1,1,5.75,0.0,0.0,0,0.0,0.0,0.0,0.0,0.0,6.0,5.25,7.075275299399583,sim_input.json
47,1,17,<bidder.IntegralGreedyBidder object at 0x0000028086D3F748>,5,True,45,4.044406952717281,1.0,1.0,1,1,5.75,0.0,0.0,0,0.07518796992481203,0.0,0.0,0.07518796992481203,0.30409074832460753,6.0,5.25,7.075275299399583,sim_input.json
47,1,17,<bidder.IntegralGreedyBidder object at 0x0000028086D3F748>,5,True,46,4.246151403277059,0.0,0.0,1,1,5.75,0.0,0.0,0,0.11278195488721804,0.0,0.0,0.11278195488721804,0.47888925600869087,6.0,5.25,7.075275299399583,sim_input.json
47,1,17,<bidder.IntegralGreedyBidder object at 0x0000028086D3F748>,5,True,47,0.7553868124283984,3.0,4.0,0.75,1,5.75,1.0,1.0,1,0.75,0.75,0.75,0.75,0.5665401093212988,6.0,5.25,7.075275299399583,sim_input.json
47,1,17,<bidder.IntegralGreedyBidder object at 0x0000028086D3F748>,5,True,48,2.141641498795855,2.0,2.0,1,1,5.75,0.0,0.0,0,0.038986354775828465,0.0,0.0,0.038986354775828465,0.08349479527469222,6.0,5.25,7.075275299399583,sim_input.json
47,1,17,<bidder.IntegralGreedyBidder object at 0x0000028086D3F748>,5,True,49,5.5852154914982,2.0,3.0,1,1,5.75,0.0,0.0,0,0.0,0.0,0.0,0.0,0.0,6.0,5.25,7.075275299399583,sim_input.json
47,1,17,<bidder.IntegralGreedyBidder object at 0x0000028086D3F748>,5,True,50,2.850878271463842,0.0,0.0,1,1,5.75,0.0,0.0,0,0.11278195488721804,0.0,0.0,0.11278195488721804,0.32152762460118517,6.0,5.25,7.075275299399583,sim_input.json
47,1,17,<bidder.IntegralGreedyBidder object at 0x0000028086D3F748>,5,True,51,4.695224920332061,4.0,4.0,0.75,0.6,5.75,0.0,0.0,0,0.0,0.0,0.0,0.0,0.0,6.0,5.25,7.075275299399583,sim_input.json
47,1,18,<bidder.UniformBidder object at 0x0000028086D3F198>,5,True,0,0.45812567126379355,5.0,6.0,0.5,0.6,4.1,1.0,1.0,1,0.5,0.5,0.5,0.5,0.22906283563189678,5.0,4.0,11.569944417876986,sim_input.json
47,1,18,<bidder.UniformBidder object at 0x0000028086D3F198>,5,True,1,4.090250263851833,1.0,1.0,1,1,4.1,0.0,0.0,0,0.15037593984962405,0.0,0.0,0.15037593984962405,0.6150752276468922,5.0,4.0,11.569944417876986,sim_input.json
47,1,18,<bidder.UniformBidder object at 0x0000028086D3F198>,5,True,2,2.9341135915193393,4.0,4.0,0.75,0.6,4.1,0.0,0.0,0,0.0,0.0,0.0,0.0,0.0,5.0,4.0,11.569944417876986,sim_input.json
47,1,18,<bidder.UniformBidder object at 0x0000028086D3F198>,5,True,3,4.879393924712614,3.0,3.0,1,0.75,4.1,0.0,0.0,0,0.0,0.0,0.0,0.0,0.0,5.0,4.0,11.569944417876986,sim_input.json
47,1,18,<bidder.UniformBidder object at 0x0000028086D3F198>,5,True,4,0.8569350059278343,5.0,5.0,0.6,0.5,4.1,0.0,0.0,0,0.0,0.0,0.0,0.0,0.0,5.0,4.0,11.569944417876986,sim_input.json
47,1,18,<bidder.UniformBidder object at 0x0000028086D3F198>,5,True,5,5.322074085709088,3.0,3.0,1,0.75,4.1,0.0,0.0,0,0.0,0.0,0.0,0.0,0.0,5.0,4.0,11.569944417876986,sim_input.json
47,1,18,<bidder.UniformBidder object at 0x0000028086D3F198>,5,True,6,3.6634305802926583,0.0,0.0,1,1,4.1,0.0,0.0,0,0.22556390977443608,0.0,0.0,0.22556390977443608,0.8263377248780431,5.0,4.0,11.569944417876986,sim_input.json
47,1,18,<bidder.UniformBidder object at 0x0000028086D3F198>,5,True,7,6.187686064707789,2.0,3.0,1,1,4.1,0.0,0.0,0,0.0027847396268449024,0.0,0.0,0.0027847396268449024,0.01723109458286777,5.0,4.0,11.569944417876986,sim_input.json
47,1,18,<bidder.UniformBidder object at 0x0000028086D3F198>,5,True,8,2.6526398130799143,1.0,2.0,1,1,4.1,0.0,0.0,0,0.07797270955165693,0.0,0.0,0.07797270955165693,0.20683351369044167,5.0,4.0,11.569944417876986,sim_input.json
47,1,18,<bidder.UniformBidder object at 0x0000028086D3F198>,5,True,9,0.0,4.0,4.0,0.75,0.6,4.1,0.0,0.0,0,0.0,0.0,0.0,0.0,0.0,5.0,4.0,11.569944417876986,sim_input.json
47,1,18,<bidder.UniformBidder object at 0x0000028086D3F198>,5,True,10,3.1777616886574416,1.0,2.0,1,1,4.1,0.0,0.0,0,0.07518796992481203,0.0,0.0,0.07518796992481203,0.2389294502749956,5.0,4.0,11.569944417876986,sim_input.json
47,1,18,<bidder.UniformBidder object at 0x0000028086D3F198>,5,True,11,6.772932010954214,1.0,2.0,1,1,4.1,0.0,0.0,0,0.07518796992481203,0.0,0.0,0.07518796992481203,0.5092430083424221,5.0,4.0,11.569944417876986,sim_input.json
47,1,18,<bidder.UniformBidder object at 0x0000028086D3F198>,5,True,12,0.7535016840773264,3.0,3.0,1,0.75,4.1,0.0,0.0,0,0.0,0.0,0.0,0.0,0.0,5.0,4.0,11.569944417876986,sim_input.json
47,1,18,<bidder.UniformBidder object at 0x0000028086D3F198>,5,True,13,3.0652311146306013,6.0,6.0,0.5,0.42857142857142855,4.1,0.0,0.0,0,0.0013923698134224512,0.0,0.0,0.0013923698134224512,0.0042679352751749024,5.0,4.0,11.569944417876986,sim_input.json
47,1,18,<bidder.UniformBidder object at 0x0000028086D3F198>,5,True,14,2.9734037128455437,3.0,3.0,1,0.75,4.1,0.0,0.0,0,0.0,0.0,0.0,0.0,0.0,5.0,4.0,11.569944417876986,sim_input.json
47,1,18,<bidder.UniformBidder object at 0x0000028086D3F198>,5,True,15,0.09907119470313441,3.0,3.0,1,1,4.1,1.0,1.0,1,1.0,1.0,1.0,1.0,0.09907119470313441,5.0,4.0,11.569944417876986,sim_input.json
47,1,18,<bidder.UniformBidder object at 0x0000028086D3F198>,5,True,16,6.075054969220377,2.0,3.0,1,1,4.1,0.0,0.0,0,0.0,0.0,0.0,0.0,0.0,5.0,4.0,11.569944417876986,sim_input.json
47,1,18,<bidder.UniformBidder object at 0x0000028086D3F198>,5,True,17,3.725718367563799,1.0,4.0,0.75,1,4.1,0.0,0.0,0,0.0,0.0,0.0,0.0,0.0,5.0,4.0,11.569944417876986,sim_input.json
47,1,18,<bidder.UniformBidder object at 0x0000028086D3F198>,5,True,18,0.649608675546381,6.0,6.0,0.5,0.5,4.1,1.0,1.0,1,0.5,0.5,0.5,0.5,0.3248043377731905,5.0,4.0,11.569944417876986,sim_input.json
47,1,18,<bidder.UniformBidder object at 0x0000028086D3F198>,5,True,19,6.22899204483826,2.0,2.0,1,1,4.1,0.0,0.0,0,0.07518796992481203,0.0,0.0,0.07518796992481203,0.46834526652919245,5.0,4.0,11.569944417876986,sim_input.json
47,1,18,<bidder.UniformBidder object at 0x0000028086D3F198>,5,True,20,5.543066098577727,0.0,1.0,1,1,4.1,0.0,0.0,0,0.15037593984962405,0.0,0.0,0.15037593984962405,0.8335437742222145,5.0,4.0,11.569944417876986,sim_input.json
47,1,18,<bidder.UniformBidder object at 0x0000028086D3F198>,5,True,21,3.3954197489841063,1.0,1.0,1,1,4.1,0.0,0.0,0,0.15037593984962405,0.0,0.0,0.15037593984962405,0.5105894359374595,5.0,4.0,11.569944417876986,sim_input.json
47,1,18,<bidder.UniformBidder object at 0x0000028086D3F198>,5,True,22,4.415988677046791,3.0,3.0,1,0.75,4.1,0.0,0.0,0,0.0,0.0,0.0,0.0,0.0,5.0,4.0,11.569944417876986,sim_input.json
47,1,18,<bidder.UniformBidder object at 0x0000028086D3F198>,5,True,23,0.47037491529036013,1.0,3.0,1,1,4.1,1.0,1.0,1,1.0,1.0,1.0,1.0,0.47037491529036013,5.0,4.0,11.569944417876986,sim_input.json
47,1,18,<bidder.UniformBidder object at 0x0000028086D3F198>,5,True,24,0.0,2.0,4.0,0.75,1,4.1,0.0,0.0,0,0.0,0.0,0.0,0.0,0.0,5.0,4.0,11.569944417876986,sim_input.json
47,1,18,<bidder.UniformBidder object at 0x0000028086D3F198>,5,True,25,6.781631780294847,0.0,1.0,1,1,4.1,0.0,0.0,0,0.15037593984962405,0.0,0.0,0.15037593984962405,1.019794252675917,5.0,4.0,11.569944417876986,sim_input.json
47,1,18,<bidder.UniformBidder object at 0x0000028086D3F198>,5,True,26,2.740237223185332,0.0,1.0,1,1,4.1,0.0,0.0,0,0.15037593984962405,0.0,0.0,0.15037593984962405,0.41206574784741834,5.0,4.0,11.569944417876986,sim_input.json
47,1,18,<bidder.UniformBidder object at 0x0000028086D3F198>,5,True,27,2.932125399741386,0.0,0.0,1,1,4.1,0.0,0.0,0,0.22556390977443608,0.0,0.0,0.22556390977443608,0.6613816691145983,5.0,4.0,11.569944417876986,sim_input.json
47,1,18,<bidder.UniformBidder object at 0x0000028086D3F198>,5,True,28,3.813683133782712,3.0,3.0,1,0.75,4.1,0.0,0.0,0,0.0,0.0,0.0,0.0,0.0,5.0,4.0,11.569944417876986,sim_input.json
47,1,18,<bidder.UniformBidder object at 0x0000028086D3F198>,5,True,29,2.283722665999573,1.0,2.0,1,1,4.1,0.0,0.0,0,0.07518796992481203,0.0,0.0,0.07518796992481203,0.17170847112778742,5.0,4.0,11.569944417876986,sim_input.json
47,1,18,<bidder.UniformBidder object at 0x0000028086D3F198>,5,True,30,2.948881520710911,3.0,4.0,0.75,0.75,4.1,0.0,0.0,0,0.0,0.0,0.0,0.0,0.0,5.0,4.0,11.569944417876986,sim_input.json
47,1,18,<bidder.UniformBidder object at 0x0000028086D3F198>,5,True,31,3.8762138675402453,3.0,3.0,1,0.75,4.1,0.0,0.0,0,0.0,0.0,0.0,0.0,0.0,5.0,4.0,11.569944417876986,sim_input.json
47,1,18,<bidder.UniformBidder object at 0x0000028086D3F198>,5,True,32,2.5399093727773465,4.0,4.0,0.75,0.6,4.1,0.0,0.0,0,0.0,0.0,0.0,0.0,0.0,5.0,4.0,11.569944417876986,sim_input.json
47,1,18,<bidder.UniformBidder object at 0x0000028086D3F198>,5,True,33,0.517666921553038,2.0,2.0,1,1,4.1,1.0,1.0,1,1.0,1.0,1.0,1.0,0.517666921553038,5.0,4.0,11.569944417876986,sim_input.json
47,1,18,<bidder.UniformBidder object at 0x0000028086D3F198>,5,True,34,3.7943960604246136,4.0,4.0,0.75,0.6,4.1,0.0,0.0,0,0.00208855472013366,0.0,0.0,0.00208855472013366,0.007924803802056391,5.0,4.0,11.569944417876986,sim_input.json
47,1,18,<bidder.UniformBidder object at 0x0000028086D3F198>,5,True,35,7.388967106061471,2.0,4.0,0.75,1,4.1,0.0,0.0,0,0.0,0.0,0.0,0.0,0.0,5.0,4.0,11.569944417876986,sim_input.json
47,1,18,<bidder.UniformBidder object at 0x0000028086D3F198>,5,True,36,2.4248262464006887,1.0,3.0,1,1,4.1,0.0,0.0,0,0.0,0.0,0.0,0.0,0.0,5.0,4.0,11.569944417876986,sim_input.json
47,1,18,<bidder.UniformBidder object at 0x0000028086D3F198>,5,True,37,6.1417904856348615,6.0,6.0,0.5,0.42857142857142855,4.1,0.0,0.0,0,0.0,0.0,0.0,0.0,0.0,5.0,4.0,11.569944417876986,sim_input.json
47,1,18,<bidder.UniformBidder object at 0x0000028086D3F198>,5,True,38,5.564386490147965,3.0,3.0,1,0.75,4.1,0.0,0.0,0,0.0,0.0,0.0,0.0,0.0,5.0,4.0,11.569944417876986,sim_input.json
47,1,18,<bidder.UniformBidder object at 0x0000028086D3F198>,5,True,39,4.697458460770707,2.0,3.0,1,1,4.1,0.0,0.0,0,0.0,0.0,0.0,0.0,0.0,5.0,4.0,11.569944417876986,sim_input.json
47,1,18,<bidder.UniformBidder object at 0x0000028086D3F198>,5,True,40,5.486031852451068,2.0,4.0,0.75,1,4.1,0.0,0.0,0,0.0,0.0,0.0,0.0,0.0,5.0,4.0,11.569944417876986,sim_input.json
47,1,18,<bidder.UniformBidder object at 0x0000028086D3F198>,5,True,41,6.534718406162843,1.0,1.0,1,1,4.1,0.0,0.0,0,0.15037593984962405,0.0,0.0,0.15037593984962405,0.9826644219793748,5.0,4.0,11.569944417876986,sim_input.json
47,1,18,<bidder.UniformBidder object at 0x0000028086D3F198>,5,True,42,6.187463125985335,3.0,3.0,1,0.75,4.1,0.0,0.0,0,0.0027847396268449024,0.0,0.0,0.0027847396268449024,0.017230473756572995,5.0,4.0,11.569944417876986,sim_input.json
47,1,18,<bidder.UniformBidder object at 0x0000028086D3F198>,5,True,43,4.802074788190765,4.0,4.0,0.75,0.6,4.1,0.0,0.0,0,0.00208855472013366,0.0,0.0,0.00208855472013366,0.010029395965310668,5.0,4.0,11.569944417876986,sim_input.json
47,1,18,<bidder.UniformBidder object at 0x0000028086D3F198>,5,True,44,5.9975549270013335,1.0,3.0,1,1,4.1,0.0,0.0,0,0.0,0.0,0.0,0.0,0.0,5.0,4.0,11.569944417876986,sim_input.json
47,1,18,<bidder.UniformBidder object at 0x0000028086D3F198>,5,True,45,0.8683196894438171,1.0,1.0,1,1,4.1,0.0,0.0,0,0.15037593984962405,0.0,0.0,0.15037593984962405,0.13057438939004767,5.0,4.0,11.569944417876986,sim_input.json
47,1,18,<bidder.UniformBidder object at 0x0000028086D3F198>,5,True,46,4.44115169707584,0.0,0.0,1,1,4.1,0.0,0.0,0,0.22556390977443608,0.0,0.0,0.22556390977443608,1.0017635406937986,5.0,4.0,11.569944417876986,sim_input.json
47,1,18,<bidder.UniformBidder object at 0x0000028086D3F198>,5,True,47,4.685102647021263,3.0,4.0,0.75,0.75,4.1,0.0,0.0,0,0.0,0.0,0.0,0.0,0.0,5.0,4.0,11.569944417876986,sim_input.json
47,1,18,<bidder.UniformBidder object at 0x0000028086D3F198>,5,True,48,0.8947630817802316,2.0,2.0,1,1,4.1,0.0,0.0,0,0.07797270955165693,0.0,0.0,0.07797270955165693,0.06976710189319545,5.0,4.0,11.569944417876986,sim_input.json
47,1,18,<bidder.UniformBidder object at 0x0000028086D3F198>,5,True,49,3.886219553114949,2.0,3.0,1,1,4.1,0.0,0.0,0,0.0,0.0,0.0,0.0,0.0,5.0,4.0,11.569944417876986,sim_input.json
47,1,18,<bidder.UniformBidder object at 0x0000028086D3F198>,5,True,50,5.380574908961501,0.0,0.0,1,1,4.1,0.0,0.0,0,0.22556390977443608,0.0,0.0,0.22556390977443608,1.2136635132995865,5.0,4.0,11.569944417876986,sim_input.json
47,1,18,<bidder.UniformBidder object at 0x0000028086D3F198>,5,True,51,0.8120861472669128,4.0,4.0,0.75,0.6,4.1,0.0,0.0,0,0.0,0.0,0.0,0.0,0.0,5.0,4.0,11.569944417876986,sim_input.json
47,1,19,<bidder.IntegralGreedyBidder object at 0x0000028086CB7978>,5,True,0,1.4157928004130482,5.0,6.0,0.5,0.5,6.75,0.0,0.0,0,0.0,0.0,0.0,0.0,0.0,8.0,6.5,2.5731925092716716,sim_input.json
47,1,19,<bidder.IntegralGreedyBidder object at 0x0000028086CB7978>,5,True,1,0.20863669155046538,1.0,1.0,1,1,6.75,1.0,1.0,1,1.0,1.0,1.0,1.0,0.20863669155046538,8.0,6.5,2.5731925092716716,sim_input.json
47,1,19,<bidder.IntegralGreedyBidder object at 0x0000028086CB7978>,5,True,2,0.0,4.0,4.0,0.75,0.6,6.75,0.0,0.0,0,0.0,0.0,0.0,0.0,0.0,8.0,6.5,2.5731925092716716,sim_input.json
47,1,19,<bidder.IntegralGreedyBidder object at 0x0000028086CB7978>,5,True,3,1.2045893710885411,3.0,3.0,1,0.75,6.75,0.0,0.0,0,0.0,0.0,0.0,0.0,0.0,8.0,6.5,2.5731925092716716,sim_input.json
47,1,19,<bidder.IntegralGreedyBidder object at 0x0000028086CB7978>,5,True,4,0.8802454041456405,5.0,5.0,0.6,0.5,6.75,0.0,0.0,0,0.0,0.0,0.0,0.0,0.0,8.0,6.5,2.5731925092716716,sim_input.json
47,1,19,<bidder.IntegralGreedyBidder object at 0x0000028086CB7978>,5,True,5,5.187502091952422,3.0,3.0,1,0.75,6.75,0.0,0.0,0,0.0,0.0,0.0,0.0,0.0,8.0,6.5,2.5731925092716716,sim_input.json
47,1,19,<bidder.IntegralGreedyBidder object at 0x0000028086CB7978>,5,True,6,1.5342798180679653,0.0,0.0,1,1,6.75,0.0,0.0,0,0.0,0.0,0.0,0.0,0.0,8.0,6.5,2.5731925092716716,sim_input.json
47,1,19,<bidder.IntegralGreedyBidder object at 0x0000028086CB7978>,5,True,7,1.5529883540214444,2.0,3.0,1,1,6.75,0.0,0.0,0,0.0,0.0,0.0,0.0,0.0,8.0,6.5,2.5731925092716716,sim_input.json
47,1,19,<bidder.IntegralGreedyBidder object at 0x0000028086CB7978>,5,True,8,4.28209308319677,1.0,2.0,1,1,6.75,0.0,0.0,0,0.0,0.0,0.0,0.0,0.0,8.0,6.5,2.5731925092716716,sim_input.json
47,1,19,<bidder.IntegralGreedyBidder object at 0x0000028086CB7978>,5,True,9,1.6764188074362696,4.0,4.0,0.75,0.6,6.75,0.0,0.0,0,0.0,0.0,0.0,0.0,0.0,8.0,6.5,2.5731925092716716,sim_input.json
47,1,19,<bidder.IntegralGreedyBidder object at 0x0000028086CB7978>,5,True,10,7.307708216858034,1.0,2.0,1,1,6.75,0.0,0.0,0,0.0,0.0,0.0,0.0,0.0,8.0,6.5,2.5731925092716716,sim_input.json
47,1,19,<bidder.IntegralGreedyBidder object at 0x0000028086CB7978>,5,True,11,3.6341886695013086,1.0,2.0,1,1,6.75,0.0,0.0,0,0.0,0.0,0.0,0.0,0.0,8.0,6.5,2.5731925092716716,sim_input.json
47,1,19,<bidder.IntegralGreedyBidder object at 0x0000028086CB7978>,5,True,12,3.1304953552197703,3.0,3.0,1,0.75,6.75,0.0,0.0,0,0.0,0.0,0.0,0.0,0.0,8.0,6.5,2.5731925092716716,sim_input.json
47,1,19,<bidder.IntegralGreedyBidder object at 0x0000028086CB7978>,5,True,13,6.2828773884673605,6.0,6.0,0.5,0.42857142857142855,6.75,0.0,0.0,0,0.0,0.0,0.0,0.0,0.0,8.0,6.5,2.5731925092716716,sim_input.json
47,1,19,<bidder.IntegralGreedyBidder object at 0x0000028086CB7978>,5,True,14,2.426453903231897,3.0,3.0,1,0.75,6.75,0.0,0.0,0,0.0,0.0,0.0,0.0,0.0,8.0,6.5,2.5731925092716716,sim_input.json
47,1,19,<bidder.IntegralGreedyBidder object at 0x0000028086CB7978>,5,True,15,0.5512839508735978,3.0,3.0,1,0.75,6.75,0.0,0.0,0,0.0,0.0,0.0,0.0,0.0,8.0,6.5,2.5731925092716716,sim_input.json
47,1,19,<bidder.IntegralGreedyBidder object at 0x0000028086CB7978>,5,True,16,0.8161006938475508,2.0,3.0,1,1,6.75,0.0,0.0,0,0.0,0.0,0.0,0.0,0.0,8.0,6.5,2.5731925092716716,sim_input.json
47,1,19,<bidder.IntegralGreedyBidder object at 0x0000028086CB7978>,5,True,17,0.5096046992983317,1.0,4.0,0.75,1,6.75,0.0,1.0,1,0.75,0.75,0.75,0.75,0.38220352447374883,8.0,6.5,2.5731925092716716,sim_input.json
47,1,19,<bidder.IntegralGreedyBidder object at 0x0000028086CB7978>,5,True,18,0.40930155961884407,6.0,6.0,0.5,0.5,6.75,1.0,1.0,1,0.5,0.5,0.5,0.5,0.20465077980942203,8.0,6.5,2.5731925092716716,sim_input.json
47,1,19,<bidder.IntegralGreedyBidder object at 0x0000028086CB7978>,5,True,19,1.9906892361847741,2.0,2.0,1,1,6.75,0.0,0.0,0,0.0,0.0,0.0,0.0,0.0,8.0,6.5,2.5731925092716716,sim_input.json
47,1,19,<bidder.IntegralGreedyBidder object at 0x0000028086CB7978>,5,True,20,5.8630175098927815,0.0,1.0,1,1,6.75,0.0,0.0,0,0.0,0.0,0.0,0.0,0.0,8.0,6.5,2.5731925092716716,sim_input.json
47,1,19,<bidder.IntegralGreedyBidder object at 0x0000028086CB7978>,5,True,21,5.812454894765089,1.0,1.0,1,1,6.75,0.0,0.0,0,0.0,0.0,0.0,0.0,0.0,8.0,6.5,2.5731925092716716,sim_input.json
47,1,19,<bidder.IntegralGreedyBidder object at 0x0000028086CB7978>,5,True,22,0.29361300922597877,3.0,3.0,1,1,6.75,1.0,1.0,1,1.0,1.0,1.0,1.0,0.29361300922597877,8.0,6.5,2.5731925092716716,sim_input.json
47,1,19,<bidder.IntegralGreedyBidder object at 0x0000028086CB7978>,5,True,23,5.459985341195626,1.0,3.0,1,1,6.75,0.0,0.0,0,0.0,0.0,0.0,0.0,0.0,8.0,6.5,2.5731925092716716,sim_input.json
47,1,19,<bidder.IntegralGreedyBidder object at 0x0000028086CB7978>,5,True,24,1.9118530912138545,2.0,4.0,0.75,1,6.75,0.0,0.0,0,0.0,0.0,0.0,0.0,0.0,8.0,6.5,2.5731925092716716,sim_input.json
47,1,19,<bidder.IntegralGreedyBidder object at 0x0000028086CB7978>,5,True,25,7.257790031321195,0.0,1.0,1,1,6.75,0.0,0.0,0,0.0,0.0,0.0,0.0,0.0,8.0,6.5,2.5731925092716716,sim_input.json
47,1,19,<bidder.IntegralGreedyBidder object at 0x0000028086CB7978>,5,True,26,5.33914195567803,0.0,1.0,1,1,6.75,0.0,0.0,0,0.0,0.0,0.0,0.0,0.0,8.0,6.5,2.5731925092716716,sim_input.json
47,1,19,<bidder.IntegralGreedyBidder object at 0x0000028086CB7978>,5,True,27,4.649634839306377,0.0,0.0,1,1,6.75,0.0,0.0,0,0.0,0.0,0.0,0.0,0.0,8.0,6.5,2.5731925092716716,sim_input.json
47,1,19,<bidder.IntegralGreedyBidder object at 0x0000028086CB7978>,5,True,28,6.084039791881742,3.0,3.0,1,0.75,6.75,0.0,0.0,0,0.0,0.0,0.0,0.0,0.0,8.0,6.5,2.5731925092716716,sim_input.json
47,1,19,<bidder.IntegralGreedyBidder object at 0x0000028086CB7978>,5,True,29,7.399157205195897,1.0,2.0,1,1,6.75,0.0,0.0,0,0.0,0.0,0.0,0.0,0.0,8.0,6.5,2.5731925092716716,sim_input.json
47,1,19,<bidder.IntegralGreedyBidder object at 0x0000028086CB7978>,5,True,30,7.412315565111891,3.0,4.0,0.75,0.75,6.75,0.0,0.0,0,0.0,0.0,0.0,0.0,0.0,8.0,6.5,2.5731925092716716,sim_input.json
47,1,19,<bidder.IntegralGreedyBidder object at 0x0000028086CB7978>,5,True,31,1.2524965362817482,3.0,3.0,1,0.75,6.75,0.0,0.0,0,0.0,0.0,0.0,0.0,0.0,8.0,6.5,2.5731925092716716,sim_input.json
47,1,19,<bidder.IntegralGreedyBidder object at 0x0000028086CB7978>,5,True,32,7.927331916433518,4.0,4.0,0.75,0.6,6.75,0.0,0.0,0,0.0,0.0,0.0,0.0,0.0,8.0,6.5,2.5731925092716716,sim_input.json
47,1,19,<bidder.IntegralGreedyBidder object at 0x0000028086CB7978>,5,True,33,6.105677109516412,2.0,2.0,1,1,6.75,0.0,0.0,0,0.0,0.0,0.0,0.0,0.0,8.0,6.5,2.5731925092716716,sim_input.json
47,1,19,<bidder.IntegralGreedyBidder object at 0x0000028086CB7978>,5,True,34,3.9914369634149107,4.0,4.0,0.75,0.6,6.75,0.0,0.0,0,0.0,0.0,0.0,0.0,0.0,8.0,6.5,2.5731925092716716,sim_input.json
47,1,19,<bidder.IntegralGreedyBidder object at 0x0000028086CB7978>,5,True,35,7.999132006562608,2.0,4.0,0.75,1,6.75,0.0,0.0,0,0.0,0.0,0.0,0.0,0.0,8.0,6.5,2.5731925092716716,sim_input.json
47,1,19,<bidder.IntegralGreedyBidder object at 0x0000028086CB7978>,5,True,36,7.655372617612107,1.0,3.0,1,1,6.75,0.0,0.0,0,0.0,0.0,0.0,0.0,0.0,8.0,6.5,2.5731925092716716,sim_input.json
47,1,19,<bidder.IntegralGreedyBidder object at 0x0000028086CB7978>,5,True,37,0.00862820621709659,6.0,6.0,0.5,0.5,6.75,1.0,1.0,1,0.5,0.5,0.5,0.5,0.004314103108548295,8.0,6.5,2.5731925092716716,sim_input.json
47,1,19,<bidder.IntegralGreedyBidder object at 0x0000028086CB7978>,5,True,38,5.154874028300172,3.0,3.0,1,0.75,6.75,0.0,0.0,0,0.0,0.0,0.0,0.0,0.0,8.0,6.5,2.5731925092716716,sim_input.json
47,1,19,<bidder.IntegralGreedyBidder object at 0x0000028086CB7978>,5,True,39,5.236016160692637,2.0,3.0,1,1,6.75,0.0,0.0,0,0.0,0.0,0.0,0.0,0.0,8.0,6.5,2.5731925092716716,sim_input.json
47,1,19,<bidder.IntegralGreedyBidder object at 0x0000028086CB7978>,5,True,40,7.7490419899084895,2.0,4.0,0.75,1,6.75,0.0,0.0,0,0.0,0.0,0.0,0.0,0.0,8.0,6.5,2.5731925092716716,sim_input.json
47,1,19,<bidder.IntegralGreedyBidder object at 0x0000028086CB7978>,5,True,41,3.5539663222772195,1.0,1.0,1,1,6.75,0.0,0.0,0,0.0,0.0,0.0,0.0,0.0,8.0,6.5,2.5731925092716716,sim_input.json
47,1,19,<bidder.IntegralGreedyBidder object at 0x0000028086CB7978>,5,True,42,0.4094239305813693,3.0,3.0,1,0.75,6.75,0.0,0.0,0,0.0,0.0,0.0,0.0,0.0,8.0,6.5,2.5731925092716716,sim_input.json
47,1,19,<bidder.IntegralGreedyBidder object at 0x0000028086CB7978>,5,True,43,3.8540945471926147,4.0,4.0,0.75,0.6,6.75,0.0,0.0,0,0.0,0.0,0.0,0.0,0.0,8.0,6.5,2.5731925092716716,sim_input.json
47,1,19,<bidder.IntegralGreedyBidder object at 0x0000028086CB7978>,5,True,44,0.5848189824863733,1.0,3.0,1,1,6.75,0.0,1.0,1,1.0,1.0,1.0,1.0,0.5848189824863733,8.0,6.5,2.5731925092716716,sim_input.json
47,1,19,<bidder.IntegralGreedyBidder object at 0x0000028086CB7978>,5,True,45,5.11045616868767,1.0,1.0,1,1,6.75,0.0,0.0,0,0.0,0.0,0.0,0.0,0.0,8.0,6.5,2.5731925092716716,sim_input.json
47,1,19,<bidder.IntegralGreedyBidder object at 0x0000028086CB7978>,5,True,46,6.632705092563487,0.0,0.0,1,1,6.75,0.0,0.0,0,0.0,0.0,0.0,0.0,0.0,8.0,6.5,2.5731925092716716,sim_input.json
47,1,19,<bidder.IntegralGreedyBidder object at 0x0000028086CB7978>,5,True,47,5.010521120973906,3.0,4.0,0.75,0.75,6.75,0.0,0.0,0,0.0,0.0,0.0,0.0,0.0,8.0,6.5,2.5731925092716716,sim_input.json
47,1,19,<bidder.IntegralGreedyBidder object at 0x0000028086CB7978>,5,True,48,6.242865642221441,2.0,2.0,1,1,6.75,0.0,0.0,0,0.0,0.0,0.0,0.0,0.0,8.0,6.5,2.5731925092716716,sim_input.json
47,1,19,<bidder.IntegralGreedyBidder object at 0x0000028086CB7978>,5,True,49,0.6762184756004613,2.0,3.0,1,1,6.75,0.0,1.0,1,1.0,1.0,1.0,1.0,0.6762184756004613,8.0,6.5,2.5731925092716716,sim_input.json
47,1,19,<bidder.IntegralGreedyBidder object at 0x0000028086CB7978>,5,True,50,5.358382335330373,0.0,0.0,1,1,6.75,0.0,0.0,0,0.0,0.0,0.0,0.0,0.0,8.0,6.5,2.5731925092716716,sim_input.json
47,1,19,<bidder.IntegralGreedyBidder object at 0x0000028086CB7978>,5,True,51,0.29164925735556513,4.0,4.0,0.75,0.75,6.75,1.0,1.0,1,0.75,0.75,0.75,0.75,0.21873694301667385,8.0,6.5,2.5731925092716716,sim_input.json
47,1,20,<bidder.IntegralGreedyBidder object at 0x0000028086CB7F28>,5,True,0,2.3082114061087626,5.0,6.0,0.5,0.5,6.5,0.0,0.0,0,0.0,0.0,0.0,0.0,0.0,8.0,5.75,5.06997299271025,sim_input.json
47,1,20,<bidder.IntegralGreedyBidder object at 0x0000028086CB7F28>,5,True,1,7.5983576724912165,1.0,1.0,1,1,6.5,0.0,0.0,0,0.045112781954887216,0.0,0.0,0.045112781954887216,0.3427830528943406,8.0,5.75,5.06997299271025,sim_input.json
47,1,20,<bidder.IntegralGreedyBidder object at 0x0000028086CB7F28>,5,True,2,4.586373782381752,4.0,4.0,0.75,0.6,6.5,0.0,0.0,0,0.0,0.0,0.0,0.0,0.0,8.0,5.75,5.06997299271025,sim_input.json
47,1,20,<bidder.IntegralGreedyBidder object at 0x0000028086CB7F28>,5,True,3,2.73211899796365,3.0,3.0,1,0.75,6.5,0.0,0.0,0,0.0,0.0,0.0,0.0,0.0,8.0,5.75,5.06997299271025,sim_input.json
47,1,20,<bidder.IntegralGreedyBidder object at 0x0000028086CB7F28>,5,True,4,7.628739301554569,5.0,5.0,0.6,0.5,6.5,0.0,0.0,0,0.0,0.0,0.0,0.0,0.0,8.0,5.75,5.06997299271025,sim_input.json
47,1,20,<bidder.IntegralGreedyBidder object at 0x0000028086CB7F28>,5,True,5,2.8135149706945812,3.0,3.0,1,0.75,6.5,0.0,0.0,0,0.0,0.0,0.0,0.0,0.0,8.0,5.75,5.06997299271025,sim_input.json
47,1,20,<bidder.IntegralGreedyBidder object at 0x0000028086CB7F28>,5,True,6,0.9110305068020731,0.0,0.0,1,1,6.5,0.0,0.0,0,0.06766917293233082,0.0,0.0,0.06766917293233082,0.06164868091141848,8.0,5.75,5.06997299271025,sim_input.json
47,1,20,<bidder.IntegralGreedyBidder object at 0x0000028086CB7F28>,5,True,7,6.9461075043101275,2.0,3.0,1,1,6.5,0.0,0.0,0,0.0008354218880534706,0.0,0.0,0.0008354218880534706,0.005802930245873148,8.0,5.75,5.06997299271025,sim_input.json
47,1,20,<bidder.IntegralGreedyBidder object at 0x0000028086CB7F28>,5,True,8,4.199528930200873,1.0,2.0,1,1,6.5,0.0,0.0,0,0.023391812865497078,0.0,0.0,0.023391812865497078,0.09823459485849996,8.0,5.75,5.06997299271025,sim_input.json
47,1,20,<bidder.IntegralGreedyBidder object at 0x0000028086CB7F28>,5,True,9,0.9321528488134967,4.0,4.0,0.75,0.6,6.5,0.0,0.0,0,0.0,0.0,0.0,0.0,0.0,8.0,5.75,5.06997299271025,sim_input.json
47,1,20,<bidder.IntegralGreedyBidder object at 0x0000028086CB7F28>,5,True,10,5.981470125145101,1.0,2.0,1,1,6.5,0.0,0.0,0,0.022556390977443608,0.0,0.0,0.022556390977443608,0.13492037876267146,8.0,5.75,5.06997299271025,sim_input.json
47,1,20,<bidder.IntegralGreedyBidder object at 0x0000028086CB7F28>,5,True,11,2.7641966927968236,1.0,2.0,1,1,6.5,0.0,0.0,0,0.022556390977443608,0.0,0.0,0.022556390977443608,0.06235030134128173,8.0,5.75,5.06997299271025,sim_input.json
47,1,20,<bidder.IntegralGreedyBidder object at 0x0000028086CB7F28>,5,True,12,4.745138700373349,3.0,3.0,1,0.75,6.5,0.0,0.0,0,0.0,0.0,0.0,0.0,0.0,8.0,5.75,5.06997299271025,sim_input.json
47,1,20,<bidder.IntegralGreedyBidder object at 0x0000028086CB7F28>,5,True,13,0.03198346086094983,6.0,6.0,0.5,0.5,6.5,1.0,1.0,1,0.5004177109440268,0.5,0.5,0.5004177109440268,0.016005090272104387,8.0,5.75,5.06997299271025,sim_input.json
47,1,20,<bidder.IntegralGreedyBidder object at 0x0000028086CB7F28>,5,True,14,0.0,3.0,3.0,1,0.75,6.5,0.0,0.0,0,0.0,0.0,0.0,0.0,0.0,8.0,5.75,5.06997299271025,sim_input.json
47,1,20,<bidder.IntegralGreedyBidder object at 0x0000028086CB7F28>,5,True,15,3.98040435508564,3.0,3.0,1,0.75,6.5,0.0,0.0,0,0.0,0.0,0.0,0.0,0.0,8.0,5.75,5.06997299271025,sim_input.json
47,1,20,<bidder.IntegralGreedyBidder object at 0x0000028086CB7F28>,5,True,16,0.0,2.0,3.0,1,1,6.5,0.0,0.0,0,0.0,0.0,0.0,0.0,0.0,8.0,5.75,5.06997299271025,sim_input.json
47,1,20,<bidder.IntegralGreedyBidder object at 0x0000028086CB7F28>,5,True,17,0.30172571051996566,1.0,4.0,0.75,1,6.5,1.0,1.0,1,0.75,0.75,0.75,0.75,0.22629428288997425,8.0,5.75,5.06997299271025,sim_input.json
47,1,20,<bidder.IntegralGreedyBidder object at 0x0000028086CB7F28>,5,True,18,4.997392072613367,6.0,6.0,0.5,0.42857142857142855,6.5,0.0,0.0,0,0.0,0.0,0.0,0.0,0.0,8.0,5.75,5.06997299271025,sim_input.json
47,1,20,<bidder.IntegralGreedyBidder object at 0x0000028086CB7F28>,5,True,19,5.927137081722592,2.0,2.0,1,1,6.5,0.0,0.0,0,0.022556390977443608,0.0,0.0,0.022556390977443608,0.13369482139223893,8.0,5.75,5.06997299271025,sim_input.json
47,1,20,<bidder.IntegralGreedyBidder object at 0x0000028086CB7F28>,5,True,20,4.023000920101753,0.0,1.0,1,1,6.5,0.0,0.0,0,0.045112781954887216,0.0,0.0,0.045112781954887216,0.181488763312861,8.0,5.75,5.06997299271025,sim_input.json
47,1,20,<bidder.IntegralGreedyBidder object at 0x0000028086CB7F28>,5,True,21,5.0151032302944465,1.0,1.0,1,1,6.5,0.0,0.0,0,0.045112781954887216,0.0,0.0,0.045112781954887216,0.2262452585095239,8.0,5.75,5.06997299271025,sim_input.json
47,1,20,<bidder.IntegralGreedyBidder object at 0x0000028086CB7F28>,5,True,22,2.4179666266258693,3.0,3.0,1,0.75,6.5,0.0,0.0,0,0.0,0.0,0.0,0.0,0.0,8.0,5.75,5.06997299271025,sim_input.json
47,1,20,<bidder.IntegralGreedyBidder object at 0x0000028086CB7F28>,5,True,23,4.511306002870674,1.0,3.0,1,1,6.5,0.0,0.0,0,0.0,0.0,0.0,0.0,0.0,8.0,5.75,5.06997299271025,sim_input.json
47,1,20,<bidder.IntegralGreedyBidder object at 0x0000028086CB7F28>,5,True,24,0.8282501283487078,2.0,4.0,0.75,1,6.5,0.0,1.0,1,0.7506265664160401,0.75,0.75,0.7506265664160401,0.621706549976035,8.0,5.75,5.06997299271025,sim_input.json
47,1,20,<bidder.IntegralGreedyBidder object at 0x0000028086CB7F28>,5,True,25,5.122351829531283,0.0,1.0,1,1,6.5,0.0,0.0,0,0.045112781954887216,0.0,0.0,0.045112781954887216,0.23108354118186236,8.0,5.75,5.06997299271025,sim_input.json
47,1,20,<bidder.IntegralGreedyBidder object at 0x0000028086CB7F28>,5,True,26,0.9799123150452158,0.0,1.0,1,1,6.5,0.0,0.0,0,0.045112781954887216,0.0,0.0,0.045112781954887216,0.04420657060354357,8.0,5.75,5.06997299271025,sim_input.json
47,1,20,<bidder.IntegralGreedyBidder object at 0x0000028086CB7F28>,5,True,27,0.0,0.0,0.0,1,1,6.5,0.0,0.0,0,0.0,0.0,0.0,0.0,0.0,8.0,5.75,5.06997299271025,sim_input.json
47,1,20,<bidder.IntegralGreedyBidder object at 0x0000028086CB7F28>,5,True,28,0.0,3.0,3.0,1,0.75,6.5,0.0,0.0,0,0.0,0.0,0.0,0.0,0.0,8.0,5.75,5.06997299271025,sim_input.json
47,1,20,<bidder.IntegralGreedyBidder object at 0x0000028086CB7F28>,5,True,29,0.0,1.0,2.0,1,1,6.5,0.0,0.0,0,0.0,0.0,0.0,0.0,0.0,8.0,5.75,5.06997299271025,sim_input.json
47,1,20,<bidder.IntegralGreedyBidder object at 0x0000028086CB7F28>,5,True,30,0.3797543077999792,3.0,4.0,0.75,1,6.5,1.0,1.0,1,0.75,0.75,0.75,0.75,0.2848157308499844,8.0,5.75,5.06997299271025,sim_input.json
47,1,20,<bidder.IntegralGreedyBidder object at 0x0000028086CB7F28>,5,True,31,6.868613878853594,3.0,3.0,1,0.75,6.5,0.0,0.0,0,0.0,0.0,0.0,0.0,0.0,8.0,5.75,5.06997299271025,sim_input.json
47,1,20,<bidder.IntegralGreedyBidder object at 0x0000028086CB7F28>,5,True,32,0.31534754102141715,4.0,4.0,0.75,0.75,6.5,1.0,1.0,1,0.75,0.75,0.75,0.75,0.23651065576606287,8.0,5.75,5.06997299271025,sim_input.json
47,1,20,<bidder.IntegralGreedyBidder object at 0x0000028086CB7F28>,5,True,33,6.512979584810474,2.0,2.0,1,1,6.5,0.0,0.0,0,0.022556390977443608,0.0,0.0,0.022556390977443608,0.1469093139430934,8.0,5.75,5.06997299271025,sim_input.json
47,1,20,<bidder.IntegralGreedyBidder object at 0x0000028086CB7F28>,5,True,34,0.756633011241033,4.0,4.0,0.75,0.6,6.5,0.0,0.0,0,0.0006265664160400979,0.0,0.0,0.0006265664160400979,0.00047408083411092116,8.0,5.75,5.06997299271025,sim_input.json
47,1,20,<bidder.IntegralGreedyBidder object at 0x0000028086CB7F28>,5,True,35,5.9912604605036215,2.0,4.0,0.75,1,6.5,0.0,0.0,0,0.0,0.0,0.0,0.0,0.0,8.0,5.75,5.06997299271025,sim_input.json
47,1,20,<bidder.IntegralGreedyBidder object at 0x0000028086CB7F28>,5,True,36,0.44393875235159264,1.0,3.0,1,1,6.5,0.0,1.0,1,1.0,1.0,1.0,1.0,0.44393875235159264,8.0,5.75,5.06997299271025,sim_input.json
47,1,20,<bidder.IntegralGreedyBidder object at 0x0000028086CB7F28>,5,True,37,0.24997831741307008,6.0,6.0,0.5,0.5,6.5,1.0,1.0,1,0.5,0.5,0.5,0.5,0.12498915870653504,8.0,5.75,5.06997299271025,sim_input.json
47,1,20,<bidder.IntegralGreedyBidder object at 0x0000028086CB7F28>,5,True,38,4.957311698439689,3.0,3.0,1,0.75,6.5,0.0,0.0,0,0.0,0.0,0.0,0.0,0.0,8.0,5.75,5.06997299271025,sim_input.json
47,1,20,<bidder.IntegralGreedyBidder object at 0x0000028086CB7F28>,5,True,39,7.143826335892478,2.0,3.0,1,1,6.5,0.0,0.0,0,0.0,0.0,0.0,0.0,0.0,8.0,5.75,5.06997299271025,sim_input.json
47,1,20,<bidder.IntegralGreedyBidder object at 0x0000028086CB7F28>,5,True,40,4.946155223207547,2.0,4.0,0.75,1,6.5,0.0,0.0,0,0.0,0.0,0.0,0.0,0.0,8.0,5.75,5.06997299271025,sim_input.json
47,1,20,<bidder.IntegralGreedyBidder object at 0x0000028086CB7F28>,5,True,41,6.781805906866014,1.0,1.0,1,1,6.5,0.0,0.0,0,0.045112781954887216,0.0,0.0,0.045112781954887216,0.3059461311368126,8.0,5.75,5.06997299271025,sim_input.json
47,1,20,<bidder.IntegralGreedyBidder object at 0x0000028086CB7F28>,5,True,42,6.773775110094891,3.0,3.0,1,0.75,6.5,0.0,0.0,0,0.0008354218880534706,0.0,0.0,0.0008354218880534706,0.0056589599917250795,8.0,5.75,5.06997299271025,sim_input.json
47,1,20,<bidder.IntegralGreedyBidder object at 0x0000028086CB7F28>,5,True,43,3.9679274217920555,4.0,4.0,0.75,0.6,6.5,0.0,0.0,0,0.0006265664160400979,0.0,0.0,0.0006265664160400979,0.002486170063779474,8.0,5.75,5.06997299271025,sim_input.json
47,1,20,<bidder.IntegralGreedyBidder object at 0x0000028086CB7F28>,5,True,44,7.648481152695934,1.0,3.0,1,1,6.5,0.0,0.0,0,0.0,0.0,0.0,0.0,0.0,8.0,5.75,5.06997299271025,sim_input.json
47,1,20,<bidder.IntegralGreedyBidder object at 0x0000028086CB7F28>,5,True,45,0.9474071753350684,1.0,1.0,1,1,6.5,0.0,0.0,0,0.045112781954887216,0.0,0.0,0.045112781954887216,0.04274017332338654,8.0,5.75,5.06997299271025,sim_input.json
47,1,20,<bidder.IntegralGreedyBidder object at 0x0000028086CB7F28>,5,True,46,7.981651435416028,0.0,0.0,1,1,6.5,0.0,0.0,0,0.06766917293233082,0.0,0.0,0.06766917293233082,0.5401117512687538,8.0,5.75,5.06997299271025,sim_input.json
47,1,20,<bidder.IntegralGreedyBidder object at 0x0000028086CB7F28>,5,True,47,0.4108115989716732,3.0,4.0,0.75,0.75,6.5,0.0,1.0,1,0.75,0.75,0.75,0.75,0.3081086992287549,8.0,5.75,5.06997299271025,sim_input.json
47,1,20,<bidder.IntegralGreedyBidder object at 0x0000028086CB7F28>,5,True,48,2.094751816180569,2.0,2.0,1,1,6.5,0.0,0.0,0,0.023391812865497078,0.0,0.0,0.023391812865497078,0.049000042483756,8.0,5.75,5.06997299271025,sim_input.json
47,1,20,<bidder.IntegralGreedyBidder object at 0x0000028086CB7F28>,5,True,49,4.61937015878077,2.0,3.0,1,1,6.5,0.0,0.0,0,0.0,0.0,0.0,0.0,0.0,8.0,5.75,5.06997299271025,sim_input.json
47,1,20,<bidder.IntegralGreedyBidder object at 0x0000028086CB7F28>,5,True,50,2.83465198845406,0.0,0.0,1,1,6.5,0.0,0.0,0,0.06766917293233082,0.0,0.0,0.06766917293233082,0.19181855560967323,8.0,5.75,5.06997299271025,sim_input.json
47,1,20,<bidder.IntegralGreedyBidder object at 0x0000028086CB7F28>,5,True,51,3.5312615959606886,4.0,4.0,0.75,0.6,6.5,0.0,0.0,0,0.0,0.0,0.0,0.0,0.0,8.0,5.75,5.06997299271025,sim_input.json
47,1,21,<bidder.IntegralGreedyBidder object at 0x0000028086CB7F98>,5,True,0,0.0,5.0,6.0,0.5,0.5,6.25,0.0,0.0,0,0.0,0.0,0.0,0.0,0.0,7.0,6.0,5.278528567842405,sim_input.json
47,1,21,<bidder.IntegralGreedyBidder object at 0x0000028086CB7F98>,5,True,1,7.6229785552601745,1.0,1.0,1,1,6.25,0.0,0.0,0,0.03007518796992481,0.0,0.0,0.03007518796992481,0.22926251294015562,7.0,6.0,5.278528567842405,sim_input.json
47,1,21,<bidder.IntegralGreedyBidder object at 0x0000028086CB7F98>,5,True,2,0.5922592005146028,4.0,4.0,0.75,0.75,6.25,1.0,1.0,1,0.75,0.75,0.75,0.75,0.4441944003859521,7.0,6.0,5.278528567842405,sim_input.json
47,1,21,<bidder.IntegralGreedyBidder object at 0x0000028086CB7F98>,5,True,3,7.146553396117546,3.0,3.0,1,0.75,6.25,0.0,0.0,0,0.0,0.0,0.0,0.0,0.0,7.0,6.0,5.278528567842405,sim_input.json
47,1,21,<bidder.IntegralGreedyBidder object at 0x0000028086CB7F98>,5,True,4,7.658621796462693,5.0,5.0,0.6,0.5,6.25,0.0,0.0,0,0.0,0.0,0.0,0.0,0.0,7.0,6.0,5.278528567842405,sim_input.json
47,1,21,<bidder.IntegralGreedyBidder object at 0x0000028086CB7F98>,5,True,5,0.06150128985580272,3.0,3.0,1,1,6.25,1.0,1.0,1,1.0,1.0,1.0,1.0,0.06150128985580272,7.0,6.0,5.278528567842405,sim_input.json
47,1,21,<bidder.IntegralGreedyBidder object at 0x0000028086CB7F98>,5,True,6,2.7904674053694,0.0,0.0,1,1,6.25,0.0,0.0,0,0.045112781954887216,0.0,0.0,0.045112781954887216,0.1258857476106496,7.0,6.0,5.278528567842405,sim_input.json
47,1,21,<bidder.IntegralGreedyBidder object at 0x0000028086CB7F98>,5,True,7,5.227257267176301,2.0,3.0,1,1,6.25,0.0,0.0,0,0.0005569479253689805,0.0,0.0,0.0005569479253689805,0.0029113100903237674,7.0,6.0,5.278528567842405,sim_input.json
47,1,21,<bidder.IntegralGreedyBidder object at 0x0000028086CB7F98>,5,True,8,6.638345226917731,1.0,2.0,1,1,6.25,0.0,0.0,0,0.015594541910331385,0.0,0.0,0.015594541910331385,0.10352195285641687,7.0,6.0,5.278528567842405,sim_input.json
47,1,21,<bidder.IntegralGreedyBidder object at 0x0000028086CB7F98>,5,True,9,0.0,4.0,4.0,0.75,0.6,6.25,0.0,0.0,0,0.0,0.0,0.0,0.0,0.0,7.0,6.0,5.278528567842405,sim_input.json
47,1,21,<bidder.IntegralGreedyBidder object at 0x0000028086CB7F98>,5,True,10,2.1384755153226838,1.0,2.0,1,1,6.25,0.0,0.0,0,0.015037593984962405,0.0,0.0,0.015037593984962405,0.03215752654620577,7.0,6.0,5.278528567842405,sim_input.json
47,1,21,<bidder.IntegralGreedyBidder object at 0x0000028086CB7F98>,5,True,11,0.0,1.0,2.0,1,1,6.25,0.0,0.0,0,0.0,0.0,0.0,0.0,0.0,7.0,6.0,5.278528567842405,sim_input.json
47,1,21,<bidder.IntegralGreedyBidder object at 0x0000028086CB7F98>,5,True,12,0.05405603745832366,3.0,3.0,1,1,6.25,1.0,1.0,1,1.0,1.0,1.0,1.0,0.05405603745832366,7.0,6.0,5.278528567842405,sim_input.json
47,1,21,<bidder.IntegralGreedyBidder object at 0x0000028086CB7F98>,5,True,13,0.0,6.0,6.0,0.5,0.42857142857142855,6.25,0.0,0.0,0,0.0,0.0,0.0,0.0,0.0,7.0,6.0,5.278528567842405,sim_input.json
47,1,21,<bidder.IntegralGreedyBidder object at 0x0000028086CB7F98>,5,True,14,1.1874518537256664,3.0,3.0,1,0.75,6.25,0.0,0.0,0,0.0,0.0,0.0,0.0,0.0,7.0,6.0,5.278528567842405,sim_input.json
47,1,21,<bidder.IntegralGreedyBidder object at 0x0000028086CB7F98>,5,True,15,0.4712340550287297,3.0,3.0,1,1,6.25,1.0,1.0,1,1.0,1.0,1.0,1.0,0.4712340550287297,7.0,6.0,5.278528567842405,sim_input.json
47,1,21,<bidder.IntegralGreedyBidder object at 0x0000028086CB7F98>,5,True,16,0.0,2.0,3.0,1,1,6.25,0.0,0.0,0,0.0,0.0,0.0,0.0,0.0,7.0,6.0,5.278528567842405,sim_input.json
47,1,21,<bidder.IntegralGreedyBidder object at 0x0000028086CB7F98>,5,True,17,0.0,1.0,4.0,0.75,1,6.25,0.0,0.0,0,0.0,0.0,0.0,0.0,0.0,7.0,6.0,5.278528567842405,sim_input.json
47,1,21,<bidder.IntegralGreedyBidder object at 0x0000028086CB7F98>,5,True,18,0.8038666690620028,6.0,6.0,0.5,0.5,6.25,1.0,1.0,1,0.5,0.5,0.5,0.5,0.4019333345310014,7.0,6.0,5.278528567842405,sim_input.json
47,1,21,<bidder.IntegralGreedyBidder object at 0x0000028086CB7F98>,5,True,19,2.1012247090220377,2.0,2.0,1,1,6.25,0.0,0.0,0,0.015037593984962405,0.0,0.0,0.015037593984962405,0.03159736404544417,7.0,6.0,5.278528567842405,sim_input.json
47,1,21,<bidder.IntegralGreedyBidder object at 0x0000028086CB7F98>,5,True,20,2.15163078781743,0.0,1.0,1,1,6.25,0.0,0.0,0,0.03007518796992481,0.0,0.0,0.03007518796992481,0.06471070038548661,7.0,6.0,5.278528567842405,sim_input.json
47,1,21,<bidder.IntegralGreedyBidder object at 0x0000028086CB7F98>,5,True,21,0.0,1.0,1.0,1,1,6.25,0.0,0.0,0,0.0,0.0,0.0,0.0,0.0,7.0,6.0,5.278528567842405,sim_input.json
47,1,21,<bidder.IntegralGreedyBidder object at 0x0000028086CB7F98>,5,True,22,2.6657281104725987,3.0,3.0,1,0.75,6.25,0.0,0.0,0,0.0,0.0,0.0,0.0,0.0,7.0,6.0,5.278528567842405,sim_input.json
47,1,21,<bidder.IntegralGreedyBidder object at 0x0000028086CB7F98>,5,True,23,1.2343816531685219,1.0,3.0,1,1,6.25,0.0,1.0,1,1.0,1.0,1.0,1.0,1.2343816531685219,7.0,6.0,5.278528567842405,sim_input.json
47,1,21,<bidder.IntegralGreedyBidder object at 0x0000028086CB7F98>,5,True,24,6.056920904781192,2.0,4.0,0.75,1,6.25,0.0,0.0,0,0.000417710944026732,0.0,0.0,0.000417710944026732,0.0025300421490313993,7.0,6.0,5.278528567842405,sim_input.json
47,1,21,<bidder.IntegralGreedyBidder object at 0x0000028086CB7F98>,5,True,25,4.23162355749542,0.0,1.0,1,1,6.25,0.0,0.0,0,0.03007518796992481,0.0,0.0,0.03007518796992481,0.1272668739096367,7.0,6.0,5.278528567842405,sim_input.json
47,1,21,<bidder.IntegralGreedyBidder object at 0x0000028086CB7F98>,5,True,26,7.704322774936507,0.0,1.0,1,1,6.25,0.0,0.0,0,0.03007518796992481,0.0,0.0,0.03007518796992481,0.23170895563718819,7.0,6.0,5.278528567842405,sim_input.json
47,1,21,<bidder.IntegralGreedyBidder object at 0x0000028086CB7F98>,5,True,27,4.558038599782803,0.0,0.0,1,1,6.25,0.0,0.0,0,0.045112781954887216,0.0,0.0,0.045112781954887216,0.205625801493961,7.0,6.0,5.278528567842405,sim_input.json
47,1,21,<bidder.IntegralGreedyBidder object at 0x0000028086CB7F98>,5,True,28,6.624495129645584,3.0,3.0,1,0.75,6.25,0.0,0.0,0,0.0,0.0,0.0,0.0,0.0,7.0,6.0,5.278528567842405,sim_input.json
47,1,21,<bidder.IntegralGreedyBidder object at 0x0000028086CB7F98>,5,True,29,6.5511877649353725,1.0,2.0,1,1,6.25,0.0,0.0,0,0.015037593984962405,0.0,0.0,0.015037593984962405,0.09851410172835146,7.0,6.0,5.278528567842405,sim_input.json
47,1,21,<bidder.IntegralGreedyBidder object at 0x0000028086CB7F98>,5,True,30,7.611193520577263,3.0,4.0,0.75,0.75,6.25,0.0,0.0,0,0.0,0.0,0.0,0.0,0.0,7.0,6.0,5.278528567842405,sim_input.json
47,1,21,<bidder.IntegralGreedyBidder object at 0x0000028086CB7F98>,5,True,31,4.940633546559601,3.0,3.0,1,0.75,6.25,0.0,0.0,0,0.0,0.0,0.0,0.0,0.0,7.0,6.0,5.278528567842405,sim_input.json
47,1,21,<bidder.IntegralGreedyBidder object at 0x0000028086CB7F98>,5,True,32,0.0,4.0,4.0,0.75,0.6,6.25,0.0,0.0,0,0.0,0.0,0.0,0.0,0.0,7.0,6.0,5.278528567842405,sim_input.json
47,1,21,<bidder.IntegralGreedyBidder object at 0x0000028086CB7F98>,5,True,33,6.925830241512566,2.0,2.0,1,1,6.25,0.0,0.0,0,0.015037593984962405,0.0,0.0,0.015037593984962405,0.10414782318064009,7.0,6.0,5.278528567842405,sim_input.json
47,1,21,<bidder.IntegralGreedyBidder object at 0x0000028086CB7F98>,5,True,34,6.192919181568804,4.0,4.0,0.75,0.6,6.25,0.0,0.0,0,0.000417710944026732,0.0,0.0,0.000417710944026732,0.0025868501176143617,7.0,6.0,5.278528567842405,sim_input.json
47,1,21,<bidder.IntegralGreedyBidder object at 0x0000028086CB7F98>,5,True,35,0.9479686284402136,2.0,4.0,0.75,1,6.25,0.0,1.0,1,0.75,0.75,0.75,0.75,0.7109764713301602,7.0,6.0,5.278528567842405,sim_input.json
47,1,21,<bidder.IntegralGreedyBidder object at 0x0000028086CB7F98>,5,True,36,0.0,1.0,3.0,1,1,6.25,0.0,0.0,0,0.0,0.0,0.0,0.0,0.0,7.0,6.0,5.278528567842405,sim_input.json
47,1,21,<bidder.IntegralGreedyBidder object at 0x0000028086CB7F98>,5,True,37,1.2965787514346152,6.0,6.0,0.5,0.42857142857142855,6.25,0.0,0.0,0,0.0,0.0,0.0,0.0,0.0,7.0,6.0,5.278528567842405,sim_input.json
47,1,21,<bidder.IntegralGreedyBidder object at 0x0000028086CB7F98>,5,True,38,1.2377809485890203,3.0,3.0,1,0.75,6.25,0.0,0.0,0,0.0,0.0,0.0,0.0,0.0,7.0,6.0,5.278528567842405,sim_input.json
47,1,21,<bidder.IntegralGreedyBidder object at 0x0000028086CB7F98>,5,True,39,5.447805302063117,2.0,3.0,1,1,6.25,0.0,0.0,0,0.0,0.0,0.0,0.0,0.0,7.0,6.0,5.278528567842405,sim_input.json
47,1,21,<bidder.IntegralGreedyBidder object at 0x0000028086CB7F98>,5,True,40,4.177076574576072,2.0,4.0,0.75,1,6.25,0.0,0.0,0,0.0,0.0,0.0,0.0,0.0,7.0,6.0,5.278528567842405,sim_input.json
47,1,21,<bidder.IntegralGreedyBidder object at 0x0000028086CB7F98>,5,True,41,6.086880876704409,1.0,1.0,1,1,6.25,0.0,0.0,0,0.03007518796992481,0.0,0.0,0.03007518796992481,0.18306408651742584,7.0,6.0,5.278528567842405,sim_input.json
47,1,21,<bidder.IntegralGreedyBidder object at 0x0000028086CB7F98>,5,True,42,6.25982647541084,3.0,3.0,1,0.75,6.25,0.0,0.0,0,0.0005569479253689805,0.0,0.0,0.0005569479253689805,0.0034863973686498845,7.0,6.0,5.278528567842405,sim_input.json
47,1,21,<bidder.IntegralGreedyBidder object at 0x0000028086CB7F98>,5,True,43,1.167751993141401,4.0,4.0,0.75,0.6,6.25,0.0,0.0,0,0.000417710944026732,0.0,0.0,0.000417710944026732,0.00048778278744419256,7.0,6.0,5.278528567842405,sim_input.json
47,1,21,<bidder.IntegralGreedyBidder object at 0x0000028086CB7F98>,5,True,44,5.730378985511484,1.0,3.0,1,1,6.25,0.0,0.0,0,0.0,0.0,0.0,0.0,0.0,7.0,6.0,5.278528567842405,sim_input.json
47,1,21,<bidder.IntegralGreedyBidder object at 0x0000028086CB7F98>,5,True,45,2.970178880467194,1.0,1.0,1,1,6.25,0.0,0.0,0,0.03007518796992481,0.0,0.0,0.03007518796992481,0.0893286881343517,7.0,6.0,5.278528567842405,sim_input.json
47,1,21,<bidder.IntegralGreedyBidder object at 0x0000028086CB7F98>,5,True,46,2.1984338555024934,0.0,0.0,1,1,6.25,0.0,0.0,0,0.045112781954887216,0.0,0.0,0.045112781954887216,0.09917746716552601,7.0,6.0,5.278528567842405,sim_input.json
47,1,21,<bidder.IntegralGreedyBidder object at 0x0000028086CB7F98>,5,True,47,7.945572442533103,3.0,4.0,0.75,0.75,6.25,0.0,0.0,0,0.0,0.0,0.0,0.0,0.0,7.0,6.0,5.278528567842405,sim_input.json
47,1,21,<bidder.IntegralGreedyBidder object at 0x0000028086CB7F98>,5,True,48,6.818390049275289,2.0,2.0,1,1,6.25,0.0,0.0,0,0.015594541910331385,0.0,0.0,0.015594541910331385,0.10632966938440996,7.0,6.0,5.278528567842405,sim_input.json
47,1,21,<bidder.IntegralGreedyBidder object at 0x0000028086CB7F98>,5,True,49,7.318023358651466,2.0,3.0,1,1,6.25,0.0,0.0,0,0.0,0.0,0.0,0.0,0.0,7.0,6.0,5.278528567842405,sim_input.json
47,1,21,<bidder.IntegralGreedyBidder object at 0x0000028086CB7F98>,5,True,50,1.240217730109169,0.0,0.0,1,1,6.25,0.0,0.0,0,0.045112781954887216,0.0,0.0,0.045112781954887216,0.055949672035000106,7.0,6.0,5.278528567842405,sim_input.json
47,1,21,<bidder.IntegralGreedyBidder object at 0x0000028086CB7F98>,5,True,51,7.24243328727687,4.0,4.0,0.75,0.6,6.25,0.0,0.0,0,0.0,0.0,0.0,0.0,0.0,7.0,6.0,5.278528567842405,sim_input.json
47,1,22,<bidder.UniformBidder object at 0x0000028086CB7D68>,5,True,0,4.758219846509966,5.0,6.0,0.5,0.5,4.75,0.0,0.0,0,0.0,0.0,0.0,0.0,0.0,5.0,4.75,9.626341102059534,sim_input.json
47,1,22,<bidder.UniformBidder object at 0x0000028086CB7D68>,5,True,1,4.542294819389234,1.0,1.0,1,1,4.75,0.0,0.0,0,0.10526315789473684,0.0,0.0,0.10526315789473684,0.47813629677781405,5.0,4.75,9.626341102059534,sim_input.json
47,1,22,<bidder.UniformBidder object at 0x0000028086CB7D68>,5,True,2,4.7854435349846876,4.0,4.0,0.75,0.6,4.75,0.0,0.0,0,0.0,0.0,0.0,0.0,0.0,5.0,4.75,9.626341102059534,sim_input.json
47,1,22,<bidder.UniformBidder object at 0x0000028086CB7D68>,5,True,3,3.299576955832204,3.0,3.0,1,0.75,4.75,0.0,0.0,0,0.0,0.0,0.0,0.0,0.0,5.0,4.75,9.626341102059534,sim_input.json
47,1,22,<bidder.UniformBidder object at 0x0000028086CB7D68>,5,True,4,0.948914506526623,5.0,5.0,0.6,0.5,4.75,0.0,0.0,0,0.0,0.0,0.0,0.0,0.0,5.0,4.75,9.626341102059534,sim_input.json
47,1,22,<bidder.UniformBidder object at 0x0000028086CB7D68>,5,True,5,0.5983306553972498,3.0,3.0,1,1,4.75,1.0,1.0,1,1.0,1.0,1.0,1.0,0.5983306553972498,5.0,4.75,9.626341102059534,sim_input.json
47,1,22,<bidder.UniformBidder object at 0x0000028086CB7D68>,5,True,6,4.821604461707216,0.0,0.0,1,1,4.75,0.0,0.0,0,0.15789473684210525,0.0,0.0,0.15789473684210525,0.7613059676379814,5.0,4.75,9.626341102059534,sim_input.json
47,1,22,<bidder.UniformBidder object at 0x0000028086CB7D68>,5,True,7,4.019130561798734,2.0,3.0,1,1,4.75,0.0,0.0,0,0.0019493177387914316,0.0,0.0,0.0019493177387914316,0.007834562498633044,5.0,4.75,9.626341102059534,sim_input.json
47,1,22,<bidder.UniformBidder object at 0x0000028086CB7D68>,5,True,8,7.727427443298637,1.0,2.0,1,1,4.75,0.0,0.0,0,0.05458089668615985,0.0,0.0,0.05458089668615985,0.4217699189324793,5.0,4.75,9.626341102059534,sim_input.json
47,1,22,<bidder.UniformBidder object at 0x0000028086CB7D68>,5,True,9,1.1968195888226,4.0,4.0,0.75,0.6,4.75,0.0,0.0,0,0.0,0.0,0.0,0.0,0.0,5.0,4.75,9.626341102059534,sim_input.json
47,1,22,<bidder.UniformBidder object at 0x0000028086CB7D68>,5,True,10,1.8281230376423934,1.0,2.0,1,1,4.75,0.0,0.0,0,0.05263157894736842,0.0,0.0,0.05263157894736842,0.0962170019811786,5.0,4.75,9.626341102059534,sim_input.json
47,1,22,<bidder.UniformBidder object at 0x0000028086CB7D68>,5,True,11,2.5886274063563093,1.0,2.0,1,1,4.75,0.0,0.0,0,0.05263157894736842,0.0,0.0,0.05263157894736842,0.13624354770296365,5.0,4.75,9.626341102059534,sim_input.json
47,1,22,<bidder.UniformBidder object at 0x0000028086CB7D68>,5,True,12,5.24058988372829,3.0,3.0,1,0.75,4.75,0.0,0.0,0,0.0,0.0,0.0,0.0,0.0,5.0,4.75,9.626341102059534,sim_input.json
47,1,22,<bidder.UniformBidder object at 0x0000028086CB7D68>,5,True,13,1.5719488850507684,6.0,6.0,0.5,0.42857142857142855,4.75,0.0,0.0,0,0.0009746588693957158,0.0,0.0,0.0009746588693957158,0.001532113923051438,5.0,4.75,9.626341102059534,sim_input.json
47,1,22,<bidder.UniformBidder object at 0x0000028086CB7D68>,5,True,14,3.4324794683531943,3.0,3.0,1,0.75,4.75,0.0,0.0,0,0.0,0.0,0.0,0.0,0.0,5.0,4.75,9.626341102059534,sim_input.json
47,1,22,<bidder.UniformBidder object at 0x0000028086CB7D68>,5,True,15,4.203446822009967,3.0,3.0,1,0.75,4.75,0.0,0.0,0,0.0,0.0,0.0,0.0,0.0,5.0,4.75,9.626341102059534,sim_input.json
47,1,22,<bidder.UniformBidder object at 0x0000028086CB7D68>,5,True,16,0.09100889898220343,2.0,3.0,1,1,4.75,1.0,1.0,1,1.0,1.0,1.0,1.0,0.09100889898220343,5.0,4.75,9.626341102059534,sim_input.json
47,1,22,<bidder.UniformBidder object at 0x0000028086CB7D68>,5,True,17,5.590154149957437,1.0,4.0,0.75,1,4.75,0.0,0.0,0,0.0,0.0,0.0,0.0,0.0,5.0,4.75,9.626341102059534,sim_input.json
47,1,22,<bidder.UniformBidder object at 0x0000028086CB7D68>,5,True,18,6.914762830430781,6.0,6.0,0.5,0.42857142857142855,4.75,0.0,0.0,0,0.0,0.0,0.0,0.0,0.0,5.0,4.75,9.626341102059534,sim_input.json
47,1,22,<bidder.UniformBidder object at 0x0000028086CB7D68>,5,True,19,3.604507798563038,2.0,2.0,1,1,4.75,0.0,0.0,0,0.05263157894736842,0.0,0.0,0.05263157894736842,0.18971093676647566,5.0,4.75,9.626341102059534,sim_input.json
47,1,22,<bidder.UniformBidder object at 0x0000028086CB7D68>,5,True,20,1.9396787089929086,0.0,1.0,1,1,4.75,0.0,0.0,0,0.10526315789473684,0.0,0.0,0.10526315789473684,0.20417670620977985,5.0,4.75,9.626341102059534,sim_input.json
47,1,22,<bidder.UniformBidder object at 0x0000028086CB7D68>,5,True,21,2.5617835007040832,1.0,1.0,1,1,4.75,0.0,0.0,0,0.10526315789473684,0.0,0.0,0.10526315789473684,0.26966142112674557,5.0,4.75,9.626341102059534,sim_input.json
47,1,22,<bidder.UniformBidder object at 0x0000028086CB7D68>,5,True,22,4.4288676676404,3.0,3.0,1,0.75,4.75,0.0,0.0,0,0.0,0.0,0.0,0.0,0.0,5.0,4.75,9.626341102059534,sim_input.json
47,1,22,<bidder.UniformBidder object at 0x0000028086CB7D68>,5,True,23,7.126968660833667,1.0,3.0,1,1,4.75,0.0,0.0,0,0.0,0.0,0.0,0.0,0.0,5.0,4.75,9.626341102059534,sim_input.json
47,1,22,<bidder.UniformBidder object at 0x0000028086CB7D68>,5,True,24,4.51223084853991,2.0,4.0,0.75,1,4.75,0.0,0.0,0,0.001461988304093562,0.0,0.0,0.001461988304093562,0.006596828725935517,5.0,4.75,9.626341102059534,sim_input.json
47,1,22,<bidder.UniformBidder object at 0x0000028086CB7D68>,5,True,25,5.255891738743326,0.0,1.0,1,1,4.75,0.0,0.0,0,0.10526315789473684,0.0,0.0,0.10526315789473684,0.5532517619729816,5.0,4.75,9.626341102059534,sim_input.json
47,1,22,<bidder.UniformBidder object at 0x0000028086CB7D68>,5,True,26,3.865678114546947,0.0,1.0,1,1,4.75,0.0,0.0,0,0.10526315789473684,0.0,0.0,0.10526315789473684,0.4069134857417839,5.0,4.75,9.626341102059534,sim_input.json
47,1,22,<bidder.UniformBidder object at 0x0000028086CB7D68>,5,True,27,6.950554886136633,0.0,0.0,1,1,4.75,0.0,0.0,0,0.15789473684210525,0.0,0.0,0.15789473684210525,1.0974560346531526,5.0,4.75,9.626341102059534,sim_input.json
47,1,22,<bidder.UniformBidder object at 0x0000028086CB7D68>,5,True,28,7.422052891841081,3.0,3.0,1,0.75,4.75,0.0,0.0,0,0.0,0.0,0.0,0.0,0.0,5.0,4.75,9.626341102059534,sim_input.json
47,1,22,<bidder.UniformBidder object at 0x0000028086CB7D68>,5,True,29,6.16948978846499,1.0,2.0,1,1,4.75,0.0,0.0,0,0.05263157894736842,0.0,0.0,0.05263157894736842,0.32470998886657837,5.0,4.75,9.626341102059534,sim_input.json
47,1,22,<bidder.UniformBidder object at 0x0000028086CB7D68>,5,True,30,7.324371102144226,3.0,4.0,0.75,0.75,4.75,0.0,0.0,0,0.0,0.0,0.0,0.0,0.0,5.0,4.75,9.626341102059534,sim_input.json
47,1,22,<bidder.UniformBidder object at 0x0000028086CB7D68>,5,True,31,2.751251735016547,3.0,3.0,1,0.75,4.75,0.0,0.0,0,0.0,0.0,0.0,0.0,0.0,5.0,4.75,9.626341102059534,sim_input.json
47,1,22,<bidder.UniformBidder object at 0x0000028086CB7D68>,5,True,32,0.6047783068661026,4.0,4.0,0.75,0.75,4.75,1.0,1.0,1,0.75,0.75,0.75,0.75,0.4535837301495769,5.0,4.75,9.626341102059534,sim_input.json
47,1,22,<bidder.UniformBidder object at 0x0000028086CB7D68>,5,True,33,1.8330719025542463,2.0,2.0,1,1,4.75,0.0,0.0,0,0.05263157894736842,0.0,0.0,0.05263157894736842,0.09647746855548664,5.0,4.75,9.626341102059534,sim_input.json
47,1,22,<bidder.UniformBidder object at 0x0000028086CB7D68>,5,True,34,1.4397275738106239,4.0,4.0,0.75,0.6,4.75,0.0,0.0,0,0.001461988304093562,0.0,0.0,0.001461988304093562,0.0021048648739921327,5.0,4.75,9.626341102059534,sim_input.json
47,1,22,<bidder.UniformBidder object at 0x0000028086CB7D68>,5,True,35,2.1853301852114932,2.0,4.0,0.75,1,4.75,0.0,0.0,0,0.0,0.0,0.0,0.0,0.0,5.0,4.75,9.626341102059534,sim_input.json
47,1,22,<bidder.UniformBidder object at 0x0000028086CB7D68>,5,True,36,6.015341987774654,1.0,3.0,1,1,4.75,0.0,0.0,0,0.0,0.0,0.0,0.0,0.0,5.0,4.75,9.626341102059534,sim_input.json
47,1,22,<bidder.UniformBidder object at 0x0000028086CB7D68>,5,True,37,5.887578902032378,6.0,6.0,0.5,0.42857142857142855,4.75,0.0,0.0,0,0.0,0.0,0.0,0.0,0.0,5.0,4.75,9.626341102059534,sim_input.json
47,1,22,<bidder.UniformBidder object at 0x0000028086CB7D68>,5,True,38,3.3736824078749237,3.0,3.0,1,0.75,4.75,0.0,0.0,0,0.0,0.0,0.0,0.0,0.0,5.0,4.75,9.626341102059534,sim_input.json
47,1,22,<bidder.UniformBidder object at 0x0000028086CB7D68>,5,True,39,0.5941790358582417,2.0,3.0,1,1,4.75,1.0,1.0,1,1.0,1.0,1.0,1.0,0.5941790358582417,5.0,4.75,9.626341102059534,sim_input.json
47,1,22,<bidder.UniformBidder object at 0x0000028086CB7D68>,5,True,40,6.8364909549281325,2.0,4.0,0.75,1,4.75,0.0,0.0,0,0.0,0.0,0.0,0.0,0.0,5.0,4.75,9.626341102059534,sim_input.json
47,1,22,<bidder.UniformBidder object at 0x0000028086CB7D68>,5,True,41,5.751229453904242,1.0,1.0,1,1,4.75,0.0,0.0,0,0.10526315789473684,0.0,0.0,0.10526315789473684,0.6053925740951833,5.0,4.75,9.626341102059534,sim_input.json
47,1,22,<bidder.UniformBidder object at 0x0000028086CB7D68>,5,True,42,1.4709296692282592,3.0,3.0,1,0.75,4.75,0.0,0.0,0,0.0019493177387914316,0.0,0.0,0.0019493177387914316,0.0028673092967412585,5.0,4.75,9.626341102059534,sim_input.json
47,1,22,<bidder.UniformBidder object at 0x0000028086CB7D68>,5,True,43,3.9203149057738695,4.0,4.0,0.75,0.6,4.75,0.0,0.0,0,0.001461988304093562,0.0,0.0,0.001461988304093562,0.005731454540605052,5.0,4.75,9.626341102059534,sim_input.json
47,1,22,<bidder.UniformBidder object at 0x0000028086CB7D68>,5,True,44,4.221720002811179,1.0,3.0,1,1,4.75,0.0,0.0,0,0.0,0.0,0.0,0.0,0.0,5.0,4.75,9.626341102059534,sim_input.json
47,1,22,<bidder.UniformBidder object at 0x0000028086CB7D68>,5,True,45,0.1616093155568934,1.0,1.0,1,1,4.75,1.0,1.0,1,1.0,1.0,1.0,1.0,0.1616093155568934,5.0,4.75,9.626341102059534,sim_input.json
47,1,22,<bidder.UniformBidder object at 0x0000028086CB7D68>,5,True,46,5.554517068127428,0.0,0.0,1,1,4.75,0.0,0.0,0,0.15789473684210525,0.0,0.0,0.15789473684210525,0.8770290107569623,5.0,4.75,9.626341102059534,sim_input.json
47,1,22,<bidder.UniformBidder object at 0x0000028086CB7D68>,5,True,47,6.228191849929317,3.0,4.0,0.75,0.75,4.75,0.0,0.0,0,0.0,0.0,0.0,0.0,0.0,5.0,4.75,9.626341102059534,sim_input.json
47,1,22,<bidder.UniformBidder object at 0x0000028086CB7D68>,5,True,48,5.243502108030342,2.0,2.0,1,1,4.75,0.0,0.0,0,0.05458089668615985,0.0,0.0,0.05458089668615985,0.2861950468320655,5.0,4.75,9.626341102059534,sim_input.json
47,1,22,<bidder.UniformBidder object at 0x0000028086CB7D68>,5,True,49,4.217233065783269,2.0,3.0,1,1,4.75,0.0,0.0,0,0.0,0.0,0.0,0.0,0.0,5.0,4.75,9.626341102059534,sim_input.json
47,1,22,<bidder.UniformBidder object at 0x0000028086CB7D68>,5,True,50,5.676662703096388,0.0,0.0,1,1,4.75,0.0,0.0,0,0.15789473684210525,0.0,0.0,0.15789473684210525,0.896315163646798,5.0,4.75,9.626341102059534,sim_input.json
47,1,22,<bidder.UniformBidder object at 0x0000028086CB7D68>,5,True,51,7.131511518345322,4.0,4.0,0.75,0.6,4.75,0.0,0.0,0,0.0,0.0,0.0,0.0,0.0,5.0,4.75,9.626341102059534,sim_input.json
47,1,23,<bidder.IntegralGreedyBidder object at 0x0000028086CB7F60>,5,True,0,3.326465915416624,5.0,6.0,0.5,0.5,5.6,0.0,0.0,0,0.0,0.0,0.0,0.0,0.0,6.0,5.6,6.000512007795711,sim_input.json
47,1,23,<bidder.IntegralGreedyBidder object at 0x0000028086CB7F60>,5,True,1,6.383578840874052,1.0,1.0,1,1,5.6,0.0,0.0,0,0.05413533834586468,0.0,0.0,0.05413533834586468,0.3455772004082195,6.0,5.6,6.000512007795711,sim_input.json
47,1,23,<bidder.IntegralGreedyBidder object at 0x0000028086CB7F60>,5,True,2,5.777733865376913,4.0,4.0,0.75,0.6,5.6,0.0,0.0,0,0.0,0.0,0.0,0.0,0.0,6.0,5.6,6.000512007795711,sim_input.json
47,1,23,<bidder.IntegralGreedyBidder object at 0x0000028086CB7F60>,5,True,3,0.32183510594691145,3.0,3.0,1,1,5.6,1.0,1.0,1,1.0,1.0,1.0,1.0,0.32183510594691145,6.0,5.6,6.000512007795711,sim_input.json
47,1,23,<bidder.IntegralGreedyBidder object at 0x0000028086CB7F60>,5,True,4,0.11203044487435265,5.0,5.0,0.6,0.6,5.6,1.0,1.0,1,0.6,0.6,0.6,0.6,0.0672182669246116,6.0,5.6,6.000512007795711,sim_input.json
47,1,23,<bidder.IntegralGreedyBidder object at 0x0000028086CB7F60>,5,True,5,6.238051875517214,3.0,3.0,1,0.75,5.6,0.0,0.0,0,0.0,0.0,0.0,0.0,0.0,6.0,5.6,6.000512007795711,sim_input.json
47,1,23,<bidder.IntegralGreedyBidder object at 0x0000028086CB7F60>,5,True,6,1.0902216900730695,0.0,0.0,1,1,5.6,0.0,0.0,0,0.08120300751879703,0.0,0.0,0.08120300751879703,0.08852928009615905,6.0,5.6,6.000512007795711,sim_input.json
47,1,23,<bidder.IntegralGreedyBidder object at 0x0000028086CB7F60>,5,True,7,5.934011249329166,2.0,3.0,1,1,5.6,0.0,0.0,0,0.0010025062656641652,0.0,0.0,0.0010025062656641652,0.005948883457974129,6.0,5.6,6.000512007795711,sim_input.json
47,1,23,<bidder.IntegralGreedyBidder object at 0x0000028086CB7F60>,5,True,8,1.6946956602228478,1.0,2.0,1,1,5.6,0.0,0.0,0,0.028070175438596506,0.0,0.0,0.028070175438596506,0.04757040449748347,6.0,5.6,6.000512007795711,sim_input.json
47,1,23,<bidder.IntegralGreedyBidder object at 0x0000028086CB7F60>,5,True,9,0.0,4.0,4.0,0.75,0.6,5.6,0.0,0.0,0,0.0,0.0,0.0,0.0,0.0,6.0,5.6,6.000512007795711,sim_input.json
47,1,23,<bidder.IntegralGreedyBidder object at 0x0000028086CB7F60>,5,True,10,0.7620691102456787,1.0,2.0,1,1,5.6,0.0,1.0,1,1.0,1.0,1.0,1.0,0.7620691102456787,6.0,5.6,6.000512007795711,sim_input.json
47,1,23,<bidder.IntegralGreedyBidder object at 0x0000028086CB7F60>,5,True,11,2.281956461693687,1.0,2.0,1,1,5.6,0.0,0.0,0,0.02706766917293234,0.0,0.0,0.02706766917293234,0.06176724257215997,6.0,5.6,6.000512007795711,sim_input.json
47,1,23,<bidder.IntegralGreedyBidder object at 0x0000028086CB7F60>,5,True,12,5.242870705752605,3.0,3.0,1,0.75,5.6,0.0,0.0,0,0.0,0.0,0.0,0.0,0.0,6.0,5.6,6.000512007795711,sim_input.json
47,1,23,<bidder.IntegralGreedyBidder object at 0x0000028086CB7F60>,5,True,13,6.625174290067435,6.0,6.0,0.5,0.42857142857142855,5.6,0.0,0.0,0,0.0005012531328320826,0.0,0.0,0.0005012531328320826,0.0033208893684548704,6.0,5.6,6.000512007795711,sim_input.json
47,1,23,<bidder.IntegralGreedyBidder object at 0x0000028086CB7F60>,5,True,14,4.875787558883553,3.0,3.0,1,0.75,5.6,0.0,0.0,0,0.0,0.0,0.0,0.0,0.0,6.0,5.6,6.000512007795711,sim_input.json
47,1,23,<bidder.IntegralGreedyBidder object at 0x0000028086CB7F60>,5,True,15,4.917015568045109,3.0,3.0,1,0.75,5.6,0.0,0.0,0,0.0,0.0,0.0,0.0,0.0,6.0,5.6,6.000512007795711,sim_input.json
47,1,23,<bidder.IntegralGreedyBidder object at 0x0000028086CB7F60>,5,True,16,0.6065467268383707,2.0,3.0,1,1,5.6,1.0,1.0,1,1.0,1.0,1.0,1.0,0.6065467268383707,6.0,5.6,6.000512007795711,sim_input.json
47,1,23,<bidder.IntegralGreedyBidder object at 0x0000028086CB7F60>,5,True,17,6.813525512416465,1.0,4.0,0.75,1,5.6,0.0,0.0,0,0.0,0.0,0.0,0.0,0.0,6.0,5.6,6.000512007795711,sim_input.json
47,1,23,<bidder.IntegralGreedyBidder object at 0x0000028086CB7F60>,5,True,18,4.661934232177896,6.0,6.0,0.5,0.42857142857142855,5.6,0.0,0.0,0,0.0,0.0,0.0,0.0,0.0,6.0,5.6,6.000512007795711,sim_input.json
47,1,23,<bidder.IntegralGreedyBidder object at 0x0000028086CB7F60>,5,True,19,4.110757354047453,2.0,2.0,1,1,5.6,0.0,0.0,0,0.02706766917293234,0.0,0.0,0.02706766917293234,0.11126862010955517,6.0,5.6,6.000512007795711,sim_input.json
47,1,23,<bidder.IntegralGreedyBidder object at 0x0000028086CB7F60>,5,True,20,5.947635063017609,0.0,1.0,1,1,5.6,0.0,0.0,0,0.05413533834586468,0.0,0.0,0.05413533834586468,0.32197723649418647,6.0,5.6,6.000512007795711,sim_input.json
47,1,23,<bidder.IntegralGreedyBidder object at 0x0000028086CB7F60>,5,True,21,4.079372470354275,1.0,1.0,1,1,5.6,0.0,0.0,0,0.05413533834586468,0.0,0.0,0.05413533834586468,0.22083820892143452,6.0,5.6,6.000512007795711,sim_input.json
47,1,23,<bidder.IntegralGreedyBidder object at 0x0000028086CB7F60>,5,True,22,4.701169443442113,3.0,3.0,1,0.75,5.6,0.0,0.0,0,0.0,0.0,0.0,0.0,0.0,6.0,5.6,6.000512007795711,sim_input.json
47,1,23,<bidder.IntegralGreedyBidder object at 0x0000028086CB7F60>,5,True,23,2.13162806912714,1.0,3.0,1,1,5.6,0.0,0.0,0,0.0,0.0,0.0,0.0,0.0,6.0,5.6,6.000512007795711,sim_input.json
47,1,23,<bidder.IntegralGreedyBidder object at 0x0000028086CB7F60>,5,True,24,0.0,2.0,4.0,0.75,1,5.6,0.0,0.0,0,0.0,0.0,0.0,0.0,0.0,6.0,5.6,6.000512007795711,sim_input.json
47,1,23,<bidder.IntegralGreedyBidder object at 0x0000028086CB7F60>,5,True,25,6.449650627635239,0.0,1.0,1,1,5.6,0.0,0.0,0,0.05413533834586468,0.0,0.0,0.05413533834586468,0.34915401893965214,6.0,5.6,6.000512007795711,sim_input.json
47,1,23,<bidder.IntegralGreedyBidder object at 0x0000028086CB7F60>,5,True,26,5.400874198091677,0.0,1.0,1,1,5.6,0.0,0.0,0,0.05413533834586468,0.0,0.0,0.05413533834586468,0.2923781520771435,6.0,5.6,6.000512007795711,sim_input.json
47,1,23,<bidder.IntegralGreedyBidder object at 0x0000028086CB7F60>,5,True,27,3.9530215047622277,0.0,0.0,1,1,5.6,0.0,0.0,0,0.08120300751879703,0.0,0.0,0.08120300751879703,0.3209972349731735,6.0,5.6,6.000512007795711,sim_input.json
47,1,23,<bidder.IntegralGreedyBidder object at 0x0000028086CB7F60>,5,True,28,6.507904544732049,3.0,3.0,1,0.75,5.6,0.0,0.0,0,0.0,0.0,0.0,0.0,0.0,6.0,5.6,6.000512007795711,sim_input.json
47,1,23,<bidder.IntegralGreedyBidder object at 0x0000028086CB7F60>,5,True,29,6.017568576333193,1.0,2.0,1,1,5.6,0.0,0.0,0,0.02706766917293234,0.0,0.0,0.02706766917293234,0.16288155544962032,6.0,5.6,6.000512007795711,sim_input.json
47,1,23,<bidder.IntegralGreedyBidder object at 0x0000028086CB7F60>,5,True,30,6.32680989330274,3.0,4.0,0.75,0.75,5.6,0.0,0.0,0,0.0,0.0,0.0,0.0,0.0,6.0,5.6,6.000512007795711,sim_input.json
47,1,23,<bidder.IntegralGreedyBidder object at 0x0000028086CB7F60>,5,True,31,1.0752070064975978,3.0,3.0,1,0.75,5.6,0.0,0.0,0,0.0,0.0,0.0,0.0,0.0,6.0,5.6,6.000512007795711,sim_input.json
47,1,23,<bidder.IntegralGreedyBidder object at 0x0000028086CB7F60>,5,True,32,0.7045890662403079,4.0,4.0,0.75,0.6,5.6,0.0,0.0,0,0.0,0.0,0.0,0.0,0.0,6.0,5.6,6.000512007795711,sim_input.json
47,1,23,<bidder.IntegralGreedyBidder object at 0x0000028086CB7F60>,5,True,33,4.760760508343476,2.0,2.0,1,1,5.6,0.0,0.0,0,0.02706766917293234,0.0,0.0,0.02706766917293234,0.12886269045140242,6.0,5.6,6.000512007795711,sim_input.json
47,1,23,<bidder.IntegralGreedyBidder object at 0x0000028086CB7F60>,5,True,34,1.8991742488318497,4.0,4.0,0.75,0.6,5.6,0.0,0.0,0,0.000751879699248118,0.0,0.0,0.000751879699248118,0.0014279505630314616,6.0,5.6,6.000512007795711,sim_input.json
47,1,23,<bidder.IntegralGreedyBidder object at 0x0000028086CB7F60>,5,True,35,7.25928040889195,2.0,4.0,0.75,1,5.6,0.0,0.0,0,0.0,0.0,0.0,0.0,0.0,6.0,5.6,6.000512007795711,sim_input.json
47,1,23,<bidder.IntegralGreedyBidder object at 0x0000028086CB7F60>,5,True,36,7.613865651716596,1.0,3.0,1,1,5.6,0.0,0.0,0,0.0,0.0,0.0,0.0,0.0,6.0,5.6,6.000512007795711,sim_input.json
47,1,23,<bidder.IntegralGreedyBidder object at 0x0000028086CB7F60>,5,True,37,4.964431310154906,6.0,6.0,0.5,0.42857142857142855,5.6,0.0,0.0,0,0.0,0.0,0.0,0.0,0.0,6.0,5.6,6.000512007795711,sim_input.json
47,1,23,<bidder.IntegralGreedyBidder object at 0x0000028086CB7F60>,5,True,38,7.1979326238757455,3.0,3.0,1,0.75,5.6,0.0,0.0,0,0.0,0.0,0.0,0.0,0.0,6.0,5.6,6.000512007795711,sim_input.json
47,1,23,<bidder.IntegralGreedyBidder object at 0x0000028086CB7F60>,5,True,39,0.5500444014858574,2.0,3.0,1,1,5.6,1.0,1.0,1,1.0,1.0,1.0,1.0,0.5500444014858574,6.0,5.6,6.000512007795711,sim_input.json
47,1,23,<bidder.IntegralGreedyBidder object at 0x0000028086CB7F60>,5,True,40,6.197291960927986,2.0,4.0,0.75,1,5.6,0.0,0.0,0,0.0,0.0,0.0,0.0,0.0,6.0,5.6,6.000512007795711,sim_input.json
47,1,23,<bidder.IntegralGreedyBidder object at 0x0000028086CB7F60>,5,True,41,4.379200942470751,1.0,1.0,1,1,5.6,0.0,0.0,0,0.05413533834586468,0.0,0.0,0.05413533834586468,0.2370695247051836,6.0,5.6,6.000512007795711,sim_input.json
47,1,23,<bidder.IntegralGreedyBidder object at 0x0000028086CB7F60>,5,True,42,0.012712139893595209,3.0,3.0,1,1,5.6,1.0,1.0,1,1.0,1.0,1.0,1.0,0.012712139893595209,6.0,5.6,6.000512007795711,sim_input.json
47,1,23,<bidder.IntegralGreedyBidder object at 0x0000028086CB7F60>,5,True,43,3.41120792447546,4.0,4.0,0.75,0.6,5.6,0.0,0.0,0,0.000751879699248118,0.0,0.0,0.000751879699248118,0.0025648179883274056,6.0,5.6,6.000512007795711,sim_input.json
47,1,23,<bidder.IntegralGreedyBidder object at 0x0000028086CB7F60>,5,True,44,7.743568360056109,1.0,3.0,1,1,5.6,0.0,0.0,0,0.0,0.0,0.0,0.0,0.0,6.0,5.6,6.000512007795711,sim_input.json
47,1,23,<bidder.IntegralGreedyBidder object at 0x0000028086CB7F60>,5,True,45,0.9841760450907646,1.0,1.0,1,1,5.6,0.0,0.0,0,0.05413533834586468,0.0,0.0,0.05413533834586468,0.05327870319288352,6.0,5.6,6.000512007795711,sim_input.json
47,1,23,<bidder.IntegralGreedyBidder object at 0x0000028086CB7F60>,5,True,46,4.770230357836953,0.0,0.0,1,1,5.6,0.0,0.0,0,0.08120300751879703,0.0,0.0,0.08120300751879703,0.3873570516138279,6.0,5.6,6.000512007795711,sim_input.json
47,1,23,<bidder.IntegralGreedyBidder object at 0x0000028086CB7F60>,5,True,47,5.047120917808993,3.0,4.0,0.75,0.75,5.6,0.0,0.0,0,0.0,0.0,0.0,0.0,0.0,6.0,5.6,6.000512007795711,sim_input.json
47,1,23,<bidder.IntegralGreedyBidder object at 0x0000028086CB7F60>,5,True,48,1.5363609150047288,2.0,2.0,1,1,5.6,0.0,0.0,0,0.028070175438596506,0.0,0.0,0.028070175438596506,0.04312592042118539,6.0,5.6,6.000512007795711,sim_input.json
47,1,23,<bidder.IntegralGreedyBidder object at 0x0000028086CB7F60>,5,True,49,5.0875585100423,2.0,3.0,1,1,5.6,0.0,0.0,0,0.0,0.0,0.0,0.0,0.0,6.0,5.6,6.000512007795711,sim_input.json
47,1,23,<bidder.IntegralGreedyBidder object at 0x0000028086CB7F60>,5,True,50,6.085866586225041,0.0,0.0,1,1,5.6,0.0,0.0,0,0.08120300751879703,0.0,0.0,0.08120300751879703,0.4941906701596276,6.0,5.6,6.000512007795711,sim_input.json
47,1,23,<bidder.IntegralGreedyBidder object at 0x0000028086CB7F60>,5,True,51,6.513593637920466,4.0,4.0,0.75,0.6,5.6,0.0,0.0,0,0.0,0.0,0.0,0.0,0.0,6.0,5.6,6.000512007795711,sim_input.json
47,1,VB,VB,VB,VB,0,1,VB,VB,VB,VB,VB,VB,VB,VB,VB,0.0,0.0,0.0,0.0,VB,VB,3.2012113617376765,sim_input.json
47,1,VB,VB,VB,VB,1,1,VB,VB,VB,VB,VB,VB,VB,VB,VB,2.0,2.0,0.18045112781954886,0.18045112781954886,VB,VB,3.2012113617376765,sim_input.json
47,1,VB,VB,VB,VB,2,1,VB,VB,VB,VB,VB,VB,VB,VB,VB,0.0,0.0,0.0,0.0,VB,VB,3.2012113617376765,sim_input.json
47,1,VB,VB,VB,VB,3,1,VB,VB,VB,VB,VB,VB,VB,VB,VB,0.0,0.0,0.0,0.0,VB,VB,3.2012113617376765,sim_input.json
47,1,VB,VB,VB,VB,4,1,VB,VB,VB,VB,VB,VB,VB,VB,VB,0.0,0.0,0.0,0.0,VB,VB,3.2012113617376765,sim_input.json
47,1,VB,VB,VB,VB,5,1,VB,VB,VB,VB,VB,VB,VB,VB,VB,0.0,0.0,0.0,0.0,VB,VB,3.2012113617376765,sim_input.json
47,1,VB,VB,VB,VB,6,1,VB,VB,VB,VB,VB,VB,VB,VB,VB,3.0,3.0,0.5097744360902259,0.5097744360902259,VB,VB,3.2012113617376765,sim_input.json
47,1,VB,VB,VB,VB,7,1,VB,VB,VB,VB,VB,VB,VB,VB,VB,0.0,0.0370370370370372,0.0029518240044557054,0.0029518240044557054,VB,VB,3.2012113617376765,sim_input.json
47,1,VB,VB,VB,VB,8,1,VB,VB,VB,VB,VB,VB,VB,VB,VB,1.0,1.0370370370370372,0.21832358674463848,0.21832358674463848,VB,VB,3.2012113617376765,sim_input.json
47,1,VB,VB,VB,VB,9,1,VB,VB,VB,VB,VB,VB,VB,VB,VB,0.0,0.0,0.0,0.0,VB,VB,3.2012113617376765,sim_input.json
47,1,VB,VB,VB,VB,10,1,VB,VB,VB,VB,VB,VB,VB,VB,VB,1.0,1.0,0.20902255639097778,0.20902255639097778,VB,VB,3.2012113617376765,sim_input.json
47,1,VB,VB,VB,VB,11,1,VB,VB,VB,VB,VB,VB,VB,VB,VB,1.0,1.0,0.2646616541353377,0.2646616541353377,VB,VB,3.2012113617376765,sim_input.json
47,1,VB,VB,VB,VB,12,1,VB,VB,VB,VB,VB,VB,VB,VB,VB,0.0,0.0,0.0,0.0,VB,VB,3.2012113617376765,sim_input.json
47,1,VB,VB,VB,VB,13,1,VB,VB,VB,VB,VB,VB,VB,VB,VB,0.0,0.0185185185185186,0.003202450570871207,0.003202450570871207,VB,VB,3.2012113617376765,sim_input.json
47,1,VB,VB,VB,VB,14,1,VB,VB,VB,VB,VB,VB,VB,VB,VB,0.0,0.0,0.0,0.0,VB,VB,3.2012113617376765,sim_input.json
47,1,VB,VB,VB,VB,15,1,VB,VB,VB,VB,VB,VB,VB,VB,VB,0.0,0.0,0.0,0.0,VB,VB,3.2012113617376765,sim_input.json
47,1,VB,VB,VB,VB,16,1,VB,VB,VB,VB,VB,VB,VB,VB,VB,0.0,0.0,0.0,0.0,VB,VB,3.2012113617376765,sim_input.json
47,1,VB,VB,VB,VB,17,1,VB,VB,VB,VB,VB,VB,VB,VB,VB,0.0,0.0,0.0,0.0,VB,VB,3.2012113617376765,sim_input.json
47,1,VB,VB,VB,VB,18,1,VB,VB,VB,VB,VB,VB,VB,VB,VB,0.0,0.0,0.0,0.0,VB,VB,3.2012113617376765,sim_input.json
47,1,VB,VB,VB,VB,19,1,VB,VB,VB,VB,VB,VB,VB,VB,VB,1.0,1.0,0.1353383458646613,0.1353383458646613,VB,VB,3.2012113617376765,sim_input.json
47,1,VB,VB,VB,VB,20,1,VB,VB,VB,VB,VB,VB,VB,VB,VB,2.0,2.0,0.03909774436090219,0.03909774436090219,VB,VB,3.2012113617376765,sim_input.json
47,1,VB,VB,VB,VB,21,1,VB,VB,VB,VB,VB,VB,VB,VB,VB,2.0,2.0,0.42105263157894823,0.42105263157894823,VB,VB,3.2012113617376765,sim_input.json
47,1,VB,VB,VB,VB,22,1,VB,VB,VB,VB,VB,VB,VB,VB,VB,0.0,0.0,0.0,0.0,VB,VB,3.2012113617376765,sim_input.json
47,1,VB,VB,VB,VB,23,1,VB,VB,VB,VB,VB,VB,VB,VB,VB,0.0,0.0,0.0,0.0,VB,VB,3.2012113617376765,sim_input.json
47,1,VB,VB,VB,VB,24,1,VB,VB,VB,VB,VB,VB,VB,VB,VB,0.0,0.02777777777777768,0.00639097744360928,0.00639097744360928,VB,VB,3.2012113617376765,sim_input.json
47,1,VB,VB,VB,VB,25,1,VB,VB,VB,VB,VB,VB,VB,VB,VB,2.0,2.0,0.03909774436090219,0.03909774436090219,VB,VB,3.2012113617376765,sim_input.json
47,1,VB,VB,VB,VB,26,1,VB,VB,VB,VB,VB,VB,VB,VB,VB,2.0,2.0,0.09022556390977465,0.09022556390977465,VB,VB,3.2012113617376765,sim_input.json
47,1,VB,VB,VB,VB,27,1,VB,VB,VB,VB,VB,VB,VB,VB,VB,3.0,3.0,0.13533834586466176,0.13533834586466176,VB,VB,3.2012113617376765,sim_input.json
47,1,VB,VB,VB,VB,28,1,VB,VB,VB,VB,VB,VB,VB,VB,VB,0.0,0.0,0.0,0.0,VB,VB,3.2012113617376765,sim_input.json
47,1,VB,VB,VB,VB,29,1,VB,VB,VB,VB,VB,VB,VB,VB,VB,1.0,1.0,0.10526315789473628,0.10526315789473628,VB,VB,3.2012113617376765,sim_input.json
47,1,VB,VB,VB,VB,30,1,VB,VB,VB,VB,VB,VB,VB,VB,VB,0.0,0.0,0.0,0.0,VB,VB,3.2012113617376765,sim_input.json
47,1,VB,VB,VB,VB,31,1,VB,VB,VB,VB,VB,VB,VB,VB,VB,0.0,0.0,0.0,0.0,VB,VB,3.2012113617376765,sim_input.json
47,1,VB,VB,VB,VB,32,1,VB,VB,VB,VB,VB,VB,VB,VB,VB,0.0,0.0,0.0,0.0,VB,VB,3.2012113617376765,sim_input.json
47,1,VB,VB,VB,VB,33,1,VB,VB,VB,VB,VB,VB,VB,VB,VB,1.0,1.0,0.16541353383458635,0.16541353383458635,VB,VB,3.2012113617376765,sim_input.json
47,1,VB,VB,VB,VB,34,1,VB,VB,VB,VB,VB,VB,VB,VB,VB,0.0,0.02777777777777768,0.00020885547201343613,0.00020885547201343613,VB,VB,3.2012113617376765,sim_input.json
47,1,VB,VB,VB,VB,35,1,VB,VB,VB,VB,VB,VB,VB,VB,VB,0.0,0.0,0.0,0.0,VB,VB,3.2012113617376765,sim_input.json
47,1,VB,VB,VB,VB,36,1,VB,VB,VB,VB,VB,VB,VB,VB,VB,0.0,0.0,0.0,0.0,VB,VB,3.2012113617376765,sim_input.json
47,1,VB,VB,VB,VB,37,1,VB,VB,VB,VB,VB,VB,VB,VB,VB,0.0,0.0,0.0,0.0,VB,VB,3.2012113617376765,sim_input.json
47,1,VB,VB,VB,VB,38,1,VB,VB,VB,VB,VB,VB,VB,VB,VB,0.0,0.0,0.0,0.0,VB,VB,3.2012113617376765,sim_input.json
47,1,VB,VB,VB,VB,39,1,VB,VB,VB,VB,VB,VB,VB,VB,VB,0.0,0.0,0.0,0.0,VB,VB,3.2012113617376765,sim_input.json
47,1,VB,VB,VB,VB,40,1,VB,VB,VB,VB,VB,VB,VB,VB,VB,0.0,0.0,0.0,0.0,VB,VB,3.2012113617376765,sim_input.json
47,1,VB,VB,VB,VB,41,1,VB,VB,VB,VB,VB,VB,VB,VB,VB,2.0,2.0,0.14436090225563936,0.14436090225563936,VB,VB,3.2012113617376765,sim_input.json
47,1,VB,VB,VB,VB,42,1,VB,VB,VB,VB,VB,VB,VB,VB,VB,0.0,0.0370370370370372,0.002561960456697321,0.002561960456697321,VB,VB,3.2012113617376765,sim_input.json
47,1,VB,VB,VB,VB,43,1,VB,VB,VB,VB,VB,VB,VB,VB,VB,0.0,0.02777777777777768,0.001879699248120481,0.001879699248120481,VB,VB,3.2012113617376765,sim_input.json
47,1,VB,VB,VB,VB,44,1,VB,VB,VB,VB,VB,VB,VB,VB,VB,0.0,0.0,0.0,0.0,VB,VB,3.2012113617376765,sim_input.json
47,1,VB,VB,VB,VB,45,1,VB,VB,VB,VB,VB,VB,VB,VB,VB,2.0,2.0,0.10526315789473717,0.10526315789473717,VB,VB,3.2012113617376765,sim_input.json
47,1,VB,VB,VB,VB,46,1,VB,VB,VB,VB,VB,VB,VB,VB,VB,3.0,3.0,0.20300751879699241,0.20300751879699241,VB,VB,3.2012113617376765,sim_input.json
47,1,VB,VB,VB,VB,47,1,VB,VB,VB,VB,VB,VB,VB,VB,VB,0.0,0.0,0.0,0.0,VB,VB,3.2012113617376765,sim_input.json
47,1,VB,VB,VB,VB,48,1,VB,VB,VB,VB,VB,VB,VB,VB,VB,1.0,1.0370370370370372,0.21832358674463848,0.21832358674463848,VB,VB,3.2012113617376765,sim_input.json
47,1,VB,VB,VB,VB,49,1,VB,VB,VB,VB,VB,VB,VB,VB,VB,0.0,0.0,0.0,0.0,VB,VB,3.2012113617376765,sim_input.json
47,1,VB,VB,VB,VB,50,1,VB,VB,VB,VB,VB,VB,VB,VB,VB,3.0,3.0,0.0,0.0,VB,VB,3.2012113617376765,sim_input.json
47,1,VB,VB,VB,VB,51,1,VB,VB,VB,VB,VB,VB,VB,VB,VB,0.0,0.0,0.0,0.0,VB,VB,3.2012113617376765,sim_input.json
71,2,0,<bidder.IntegralGreedyBidder object at 0x00000280FFA40470>,5,True,0,0.40474492755964775,6.0,6.0,0.5,0.5,5.75,1.0,1.0,1,0.5011709601873536,0.5,0.5,0.5011709601873536,0.20284640397602954,7.0,5.5,7.473033188219345,sim_input.json
71,2,0,<bidder.IntegralGreedyBidder object at 0x00000280FFA40470>,5,True,1,3.1129788522040034,1.0,1.0,1,1,5.75,0.0,0.0,0,0.06896551724137931,0.0,0.0,0.06896551724137931,0.21468819670372438,7.0,5.5,7.473033188219345,sim_input.json
71,2,0,<bidder.IntegralGreedyBidder object at 0x00000280FFA40470>,5,True,2,7.152018098724376,4.0,4.0,0.75,0.6,5.75,0.0,0.0,0,0.002667187093416607,0.0,0.0,0.002667187093416607,0.019075770364799637,7.0,5.5,7.473033188219345,sim_input.json
71,2,0,<bidder.IntegralGreedyBidder object at 0x00000280FFA40470>,5,True,3,0.0,3.0,3.0,1,0.75,5.75,0.0,0.0,0,0.0,0.0,0.0,0.0,0.0,7.0,5.5,7.473033188219345,sim_input.json
71,2,0,<bidder.IntegralGreedyBidder object at 0x00000280FFA40470>,5,True,4,6.49370827357277,5.0,5.0,0.6,0.5,5.75,0.0,0.0,0,0.0,0.0,0.0,0.0,0.0,7.0,5.5,7.473033188219345,sim_input.json
71,2,0,<bidder.IntegralGreedyBidder object at 0x00000280FFA40470>,5,True,5,2.7104103122595786,3.0,3.0,1,0.75,5.75,0.0,0.0,0,0.0023419203747072517,0.0,0.0,0.0023419203747072517,0.006347565134097352,7.0,5.5,7.473033188219345,sim_input.json
71,2,0,<bidder.IntegralGreedyBidder object at 0x00000280FFA40470>,5,True,6,0.0,0.0,1.0,1,1,5.75,0.0,0.0,0,0.0,0.0,0.0,0.0,0.0,7.0,5.5,7.473033188219345,sim_input.json
71,2,0,<bidder.IntegralGreedyBidder object at 0x00000280FFA40470>,5,True,7,4.960833865930199,3.0,3.0,1,0.75,5.75,0.0,0.0,0,0.0,0.0,0.0,0.0,0.0,7.0,5.5,7.473033188219345,sim_input.json
71,2,0,<bidder.IntegralGreedyBidder object at 0x00000280FFA40470>,5,True,8,2.3005669076477755,2.0,2.0,1,1,5.75,0.0,0.0,0,0.03278688524590164,0.0,0.0,0.03278688524590164,0.07542842320156641,7.0,5.5,7.473033188219345,sim_input.json
71,2,0,<bidder.IntegralGreedyBidder object at 0x00000280FFA40470>,5,True,9,2.5157467121518,4.0,4.0,0.75,0.6,5.75,0.0,0.0,0,0.0017564402810304534,0.0,0.0,0.0017564402810304534,0.004418758862093346,7.0,5.5,7.473033188219345,sim_input.json
71,2,0,<bidder.IntegralGreedyBidder object at 0x00000280FFA40470>,5,True,10,3.7333861479385755,2.0,3.0,1,1,5.75,0.0,0.0,0,0.0023419203747072517,0.0,0.0,0.0023419203747072517,0.008743293086507172,7.0,5.5,7.473033188219345,sim_input.json
71,2,0,<bidder.IntegralGreedyBidder object at 0x00000280FFA40470>,5,True,11,0.0,2.0,2.0,1,1,5.75,0.0,0.0,0,0.0,0.0,0.0,0.0,0.0,7.0,5.5,7.473033188219345,sim_input.json
71,2,0,<bidder.IntegralGreedyBidder object at 0x00000280FFA40470>,5,True,12,4.341664884145883,3.0,3.0,1,0.75,5.75,0.0,0.0,0,0.0023419203747072517,0.0,0.0,0.0023419203747072517,0.010167833452332244,7.0,5.5,7.473033188219345,sim_input.json
71,2,0,<bidder.IntegralGreedyBidder object at 0x00000280FFA40470>,5,True,13,2.354394332059072,6.0,6.0,0.5,0.42857142857142855,5.75,0.0,0.0,0,0.0012143290831815477,0.0,0.0,0.0012143290831815477,0.0028590095106971252,7.0,5.5,7.473033188219345,sim_input.json
71,2,0,<bidder.IntegralGreedyBidder object at 0x00000280FFA40470>,5,True,14,1.1551207671020922,3.0,3.0,1,0.75,5.75,0.0,0.0,0,0.0012143290831815477,0.0,0.0,0.0012143290831815477,0.0014026967420790496,7.0,5.5,7.473033188219345,sim_input.json
71,2,0,<bidder.IntegralGreedyBidder object at 0x00000280FFA40470>,5,True,15,7.859242434556574,3.0,3.0,1,0.75,5.75,0.0,0.0,0,0.0023419203747072517,0.0,0.0,0.0023419203747072517,0.018405719987251865,7.0,5.5,7.473033188219345,sim_input.json
71,2,0,<bidder.IntegralGreedyBidder object at 0x00000280FFA40470>,5,True,16,5.959086751932838,3.0,3.0,1,0.75,5.75,0.0,0.0,0,0.0,0.0,0.0,0.0,0.0,7.0,5.5,7.473033188219345,sim_input.json
71,2,0,<bidder.IntegralGreedyBidder object at 0x00000280FFA40470>,5,True,17,0.0,4.0,4.0,0.75,0.6,5.75,0.0,0.0,0,0.0,0.0,0.0,0.0,0.0,7.0,5.5,7.473033188219345,sim_input.json
71,2,0,<bidder.IntegralGreedyBidder object at 0x00000280FFA40470>,5,True,18,1.1240683238667308,6.0,6.0,0.5,0.42857142857142855,5.75,0.0,0.0,0,0.0040377937494952745,0.0,0.0,0.0040377937494952745,0.004538756052114716,7.0,5.5,7.473033188219345,sim_input.json
71,2,0,<bidder.IntegralGreedyBidder object at 0x00000280FFA40470>,5,True,19,7.53314764909758,2.0,2.0,1,1,5.75,0.0,0.0,0,0.03278688524590164,0.0,0.0,0.03278688524590164,0.24698844751139606,7.0,5.5,7.473033188219345,sim_input.json
71,2,0,<bidder.IntegralGreedyBidder object at 0x00000280FFA40470>,5,True,20,5.682050372792104,1.0,1.0,1,1,5.75,0.0,0.0,0,0.06557377049180328,0.0,0.0,0.06557377049180328,0.37259346706833474,7.0,5.5,7.473033188219345,sim_input.json
71,2,0,<bidder.IntegralGreedyBidder object at 0x00000280FFA40470>,5,True,21,3.9064689749940946,1.0,1.0,1,1,5.75,0.0,0.0,0,0.06557377049180328,0.0,0.0,0.06557377049180328,0.25616189999961275,7.0,5.5,7.473033188219345,sim_input.json
71,2,0,<bidder.IntegralGreedyBidder object at 0x00000280FFA40470>,5,True,22,4.566546377988473,3.0,3.0,1,0.75,5.75,0.0,0.0,0,0.005733667124283298,0.0,0.0,0.005733667124283298,0.026183056838987476,7.0,5.5,7.473033188219345,sim_input.json
71,2,0,<bidder.IntegralGreedyBidder object at 0x00000280FFA40470>,5,True,23,0.9258072951513721,3.0,3.0,1,1,5.75,1.0,1.0,1,1.0,1.0,1.0,1.0,0.9258072951513721,7.0,5.5,7.473033188219345,sim_input.json
71,2,0,<bidder.IntegralGreedyBidder object at 0x00000280FFA40470>,5,True,24,0.9364705880071014,4.0,4.0,0.75,0.6,5.75,0.0,0.0,0,0.0009107468123861535,0.0,0.0,0.0009107468123861535,0.0008528876029208544,7.0,5.5,7.473033188219345,sim_input.json
71,2,0,<bidder.IntegralGreedyBidder object at 0x00000280FFA40470>,5,True,25,6.175383469304375,1.0,2.0,1,1,5.75,0.0,0.0,0,0.034001214329083186,0.0,0.0,0.034001214329083186,0.20997053690409534,7.0,5.5,7.473033188219345,sim_input.json
71,2,0,<bidder.IntegralGreedyBidder object at 0x00000280FFA40470>,5,True,26,1.4765410374372685,1.0,1.0,1,1,5.75,0.0,0.0,0,0.06557377049180328,0.0,0.0,0.06557377049180328,0.09682236311064056,7.0,5.5,7.473033188219345,sim_input.json
71,2,0,<bidder.IntegralGreedyBidder object at 0x00000280FFA40470>,5,True,27,5.6512373002824035,0.0,0.0,1,1,5.75,0.0,0.0,0,0.09836065573770492,0.0,0.0,0.09836065573770492,0.5558594065851544,7.0,5.5,7.473033188219345,sim_input.json
71,2,0,<bidder.IntegralGreedyBidder object at 0x00000280FFA40470>,5,True,28,0.6072289426266817,3.0,4.0,0.75,1,5.75,1.0,1.0,1,0.7526671870934166,0.75,0.75,0.7526671870934166,0.45704130016853417,7.0,5.5,7.473033188219345,sim_input.json
71,2,0,<bidder.IntegralGreedyBidder object at 0x00000280FFA40470>,5,True,29,0.20756510208076884,2.0,3.0,1,1,5.75,1.0,1.0,1,1.0,1.0,1.0,1.0,0.20756510208076884,7.0,5.5,7.473033188219345,sim_input.json
71,2,0,<bidder.IntegralGreedyBidder object at 0x00000280FFA40470>,5,True,30,0.5807758003235093,4.0,4.0,0.75,0.75,5.75,1.0,1.0,1,0.7509107468123861,0.75,0.75,0.7509107468123861,0.4361107899514876,7.0,5.5,7.473033188219345,sim_input.json
71,2,0,<bidder.IntegralGreedyBidder object at 0x00000280FFA40470>,5,True,31,3.7539921814128077,3.0,4.0,0.75,0.75,5.75,0.0,0.0,0,0.0,0.0,0.0,0.0,0.0,7.0,5.5,7.473033188219345,sim_input.json
71,2,0,<bidder.IntegralGreedyBidder object at 0x00000280FFA40470>,5,True,32,0.6699161157667464,4.0,4.0,0.75,0.6,5.75,0.0,0.0,0,0.001821493624772307,0.0,0.0,0.001821493624772307,0.0012202479340013552,7.0,5.5,7.473033188219345,sim_input.json
71,2,0,<bidder.IntegralGreedyBidder object at 0x00000280FFA40470>,5,True,33,0.0,2.0,2.0,1,1,5.75,0.0,0.0,0,0.0,0.0,0.0,0.0,0.0,7.0,5.5,7.473033188219345,sim_input.json
71,2,0,<bidder.IntegralGreedyBidder object at 0x00000280FFA40470>,5,True,34,4.647040145707326,4.0,4.0,0.75,0.6,5.75,0.0,0.0,0,0.0,0.0,0.0,0.0,0.0,7.0,5.5,7.473033188219345,sim_input.json
71,2,0,<bidder.IntegralGreedyBidder object at 0x00000280FFA40470>,5,True,35,7.950926914239851,4.0,4.0,0.75,0.6,5.75,0.0,0.0,0,0.002667187093416607,0.0,0.0,0.002667187093416607,0.02120660964635926,7.0,5.5,7.473033188219345,sim_input.json
71,2,0,<bidder.IntegralGreedyBidder object at 0x00000280FFA40470>,5,True,36,7.459477340143826,3.0,3.0,1,0.75,5.75,0.0,0.0,0,0.0036429872495446283,0.0,0.0,0.0036429872495446283,0.027174780838411034,7.0,5.5,7.473033188219345,sim_input.json
71,2,0,<bidder.IntegralGreedyBidder object at 0x00000280FFA40470>,5,True,37,0.07174413530750723,6.0,6.0,0.5,0.5,5.75,1.0,1.0,1,0.5023030379163788,0.5,0.5,0.5023030379163788,0.03603729711764461,7.0,5.5,7.473033188219345,sim_input.json
71,2,0,<bidder.IntegralGreedyBidder object at 0x00000280FFA40470>,5,True,38,7.84138769731078,3.0,3.0,1,0.75,5.75,0.0,0.0,0,0.0012143290831815477,0.0,0.0,0.0012143290831815477,0.009522025133346467,7.0,5.5,7.473033188219345,sim_input.json
71,2,0,<bidder.IntegralGreedyBidder object at 0x00000280FFA40470>,5,True,39,6.5278345893843115,3.0,3.0,1,0.75,5.75,0.0,0.0,0,0.0,0.0,0.0,0.0,0.0,7.0,5.5,7.473033188219345,sim_input.json
71,2,0,<bidder.IntegralGreedyBidder object at 0x00000280FFA40470>,5,True,40,1.868903540700209,4.0,4.0,0.75,0.6,5.75,0.0,0.0,0,0.00357793390580276,0.0,0.0,0.00357793390580276,0.006686813344946107,7.0,5.5,7.473033188219345,sim_input.json
71,2,0,<bidder.IntegralGreedyBidder object at 0x00000280FFA40470>,5,True,41,5.802148773557635,1.0,1.0,1,1,5.75,0.0,0.0,0,0.06557377049180328,0.0,0.0,0.06557377049180328,0.3804687720365662,7.0,5.5,7.473033188219345,sim_input.json
71,2,0,<bidder.IntegralGreedyBidder object at 0x00000280FFA40470>,5,True,42,4.165462913760967,3.0,4.0,0.75,0.75,5.75,0.0,0.0,0,0.00254381006218202,0.0,0.0,0.00254381006218202,0.010596146473671185,7.0,5.5,7.473033188219345,sim_input.json
71,2,0,<bidder.IntegralGreedyBidder object at 0x00000280FFA40470>,5,True,43,7.836203455899966,4.0,4.0,0.75,0.6,5.75,0.0,0.0,0,0.0,0.0,0.0,0.0,0.0,7.0,5.5,7.473033188219345,sim_input.json
71,2,0,<bidder.IntegralGreedyBidder object at 0x00000280FFA40470>,5,True,44,0.8140080107956215,3.0,3.0,1,1,5.75,1.0,1.0,1,1.0,1.0,1.0,1.0,0.8140080107956215,7.0,5.5,7.473033188219345,sim_input.json
71,2,0,<bidder.IntegralGreedyBidder object at 0x00000280FFA40470>,5,True,45,5.976926182553732,1.0,1.0,1,1,5.75,0.0,0.0,0,0.06557377049180328,0.0,0.0,0.06557377049180328,0.3919295857412283,7.0,5.5,7.473033188219345,sim_input.json
71,2,0,<bidder.IntegralGreedyBidder object at 0x00000280FFA40470>,5,True,46,6.708591144122919,0.0,0.0,1,1,5.75,0.0,0.0,0,0.09836065573770492,0.0,0.0,0.09836065573770492,0.6598614240120904,7.0,5.5,7.473033188219345,sim_input.json
71,2,0,<bidder.IntegralGreedyBidder object at 0x00000280FFA40470>,5,True,47,6.862732664536702,4.0,4.0,0.75,0.6,5.75,0.0,0.0,0,0.001821493624772307,0.0,0.0,0.001821493624772307,0.012500423796970271,7.0,5.5,7.473033188219345,sim_input.json
71,2,0,<bidder.IntegralGreedyBidder object at 0x00000280FFA40470>,5,True,48,6.474166071590236,2.0,2.0,1,1,5.75,0.0,0.0,0,0.03278688524590164,0.0,0.0,0.03278688524590164,0.21226774005213891,7.0,5.5,7.473033188219345,sim_input.json
71,2,0,<bidder.IntegralGreedyBidder object at 0x00000280FFA40470>,5,True,49,2.9185189517340486,3.0,3.0,1,0.75,5.75,0.0,0.0,0,0.003391746749576031,0.0,0.0,0.003391746749576031,0.009898877168120006,7.0,5.5,7.473033188219345,sim_input.json
71,2,0,<bidder.IntegralGreedyBidder object at 0x00000280FFA40470>,5,True,50,7.528964491060475,0.0,1.0,1,1,5.75,0.0,0.0,0,0.06791569086651053,0.0,0.0,0.06791569086651053,0.511334824919798,7.0,5.5,7.473033188219345,sim_input.json
71,2,0,<bidder.IntegralGreedyBidder object at 0x00000280FFA40470>,5,True,51,2.9249939971740844,4.0,4.0,0.75,0.6,5.75,0.0,0.0,0,0.00254381006218202,0.0,0.0,0.00254381006218202,0.007440629161833443,7.0,5.5,7.473033188219345,sim_input.json
71,2,1,<bidder.IntegralGreedyBidder object at 0x0000028086D3F9B0>,5,True,0,0.6575057478488306,6.0,6.0,0.5,0.5,7.25,1.0,1.0,1,0.4642857142857143,0.5,0.4642857142857143,0.4642857142857143,0.30527052578695707,9.0,7.0,4.983443395700174,sim_input.json
71,2,1,<bidder.IntegralGreedyBidder object at 0x0000028086D3F9B0>,5,True,1,5.2000224004375335,1.0,1.0,1,1,7.25,0.0,0.0,0,0.0,0.0,0.0,0.0,0.0,9.0,7.0,4.983443395700174,sim_input.json
71,2,1,<bidder.IntegralGreedyBidder object at 0x0000028086D3F9B0>,5,True,2,1.17871012897366,4.0,4.0,0.75,0.6,7.25,0.0,0.0,0,0.0,0.0,0.0,0.0,0.0,9.0,7.0,4.983443395700174,sim_input.json
71,2,1,<bidder.IntegralGreedyBidder object at 0x0000028086D3F9B0>,5,True,3,0.9777662818456491,3.0,3.0,1,0.75,7.25,0.0,0.0,0,0.0,0.0,0.0,0.0,0.0,9.0,7.0,4.983443395700174,sim_input.json
71,2,1,<bidder.IntegralGreedyBidder object at 0x0000028086D3F9B0>,5,True,4,3.989235697366923,5.0,5.0,0.6,0.5,7.25,0.0,0.0,0,0.0,0.0,0.0,0.0,0.0,9.0,7.0,4.983443395700174,sim_input.json
71,2,1,<bidder.IntegralGreedyBidder object at 0x0000028086D3F9B0>,5,True,5,5.102565209129395,3.0,3.0,1,0.75,7.25,0.0,0.0,0,0.0,0.0,0.0,0.0,0.0,9.0,7.0,4.983443395700174,sim_input.json
71,2,1,<bidder.IntegralGreedyBidder object at 0x0000028086D3F9B0>,5,True,6,6.40959758082949,0.0,1.0,1,1,7.25,0.0,0.0,0,0.0,0.0,0.0,0.0,0.0,9.0,7.0,4.983443395700174,sim_input.json
71,2,1,<bidder.IntegralGreedyBidder object at 0x0000028086D3F9B0>,5,True,7,4.839341439659255,3.0,3.0,1,0.75,7.25,0.0,0.0,0,0.0,0.0,0.0,0.0,0.0,9.0,7.0,4.983443395700174,sim_input.json
71,2,1,<bidder.IntegralGreedyBidder object at 0x0000028086D3F9B0>,5,True,8,7.601683711145476,2.0,2.0,1,1,7.25,0.0,0.0,0,0.0,0.0,0.0,0.0,0.0,9.0,7.0,4.983443395700174,sim_input.json
71,2,1,<bidder.IntegralGreedyBidder object at 0x0000028086D3F9B0>,5,True,9,0.268510241556113,4.0,4.0,0.75,0.75,7.25,1.0,1.0,1,0.6964285714285714,0.75,0.6964285714285714,0.6964285714285714,0.18699820394086442,9.0,7.0,4.983443395700174,sim_input.json
71,2,1,<bidder.IntegralGreedyBidder object at 0x0000028086D3F9B0>,5,True,10,1.4092108184134209,2.0,3.0,1,1,7.25,0.0,1.0,1,0.9285714285714286,1.0,0.9285714285714286,0.9285714285714286,1.3085529028124623,9.0,7.0,4.983443395700174,sim_input.json
71,2,1,<bidder.IntegralGreedyBidder object at 0x0000028086D3F9B0>,5,True,11,0.9488580586641294,2.0,2.0,1,1,7.25,1.0,1.0,1,0.9285714285714286,1.0,0.9285714285714286,0.9285714285714286,0.881082483045263,9.0,7.0,4.983443395700174,sim_input.json
71,2,1,<bidder.IntegralGreedyBidder object at 0x0000028086D3F9B0>,5,True,12,5.278105336859403,3.0,3.0,1,0.75,7.25,0.0,0.0,0,0.0,0.0,0.0,0.0,0.0,9.0,7.0,4.983443395700174,sim_input.json
71,2,1,<bidder.IntegralGreedyBidder object at 0x0000028086D3F9B0>,5,True,13,6.649402695398994,6.0,6.0,0.5,0.42857142857142855,7.25,0.0,0.0,0,0.0,0.0,0.0,0.0,0.0,9.0,7.0,4.983443395700174,sim_input.json
71,2,1,<bidder.IntegralGreedyBidder object at 0x0000028086D3F9B0>,5,True,14,4.369106829452829,3.0,3.0,1,0.75,7.25,0.0,0.0,0,0.0,0.0,0.0,0.0,0.0,9.0,7.0,4.983443395700174,sim_input.json
71,2,1,<bidder.IntegralGreedyBidder object at 0x0000028086D3F9B0>,5,True,15,7.156052518555271,3.0,3.0,1,0.75,7.25,0.0,0.0,0,0.0,0.0,0.0,0.0,0.0,9.0,7.0,4.983443395700174,sim_input.json
71,2,1,<bidder.IntegralGreedyBidder object at 0x0000028086D3F9B0>,5,True,16,3.3554711181286097,3.0,3.0,1,0.75,7.25,0.0,0.0,0,0.0,0.0,0.0,0.0,0.0,9.0,7.0,4.983443395700174,sim_input.json
71,2,1,<bidder.IntegralGreedyBidder object at 0x0000028086D3F9B0>,5,True,17,1.2233566067373052,4.0,4.0,0.75,0.75,7.25,1.0,1.0,1,0.6964285714285714,0.75,0.6964285714285714,0.6964285714285714,0.8519804939777661,9.0,7.0,4.983443395700174,sim_input.json
71,2,1,<bidder.IntegralGreedyBidder object at 0x0000028086D3F9B0>,5,True,18,0.2798323299377907,6.0,6.0,0.5,0.5,7.25,1.0,1.0,1,0.4642857142857143,0.5,0.4642857142857143,0.4642857142857143,0.12992215318540284,9.0,7.0,4.983443395700174,sim_input.json
71,2,1,<bidder.IntegralGreedyBidder object at 0x0000028086D3F9B0>,5,True,19,4.833507476488093,2.0,2.0,1,1,7.25,0.0,0.0,0,0.0,0.0,0.0,0.0,0.0,9.0,7.0,4.983443395700174,sim_input.json
71,2,1,<bidder.IntegralGreedyBidder object at 0x0000028086D3F9B0>,5,True,20,5.249551678033292,1.0,1.0,1,1,7.25,0.0,0.0,0,0.0,0.0,0.0,0.0,0.0,9.0,7.0,4.983443395700174,sim_input.json
71,2,1,<bidder.IntegralGreedyBidder object at 0x0000028086D3F9B0>,5,True,21,7.089943252234851,1.0,1.0,1,1,7.25,0.0,0.0,0,0.0,0.0,0.0,0.0,0.0,9.0,7.0,4.983443395700174,sim_input.json
71,2,1,<bidder.IntegralGreedyBidder object at 0x0000028086D3F9B0>,5,True,22,0.5995949761430923,3.0,3.0,1,1,7.25,1.0,1.0,1,0.9285714285714286,1.0,0.9285714285714286,0.9285714285714286,0.5567667635614428,9.0,7.0,4.983443395700174,sim_input.json
71,2,1,<bidder.IntegralGreedyBidder object at 0x0000028086D3F9B0>,5,True,23,5.300902595137463,3.0,3.0,1,0.75,7.25,0.0,0.0,0,0.0,0.0,0.0,0.0,0.0,9.0,7.0,4.983443395700174,sim_input.json
71,2,1,<bidder.IntegralGreedyBidder object at 0x0000028086D3F9B0>,5,True,24,5.040931535589814,4.0,4.0,0.75,0.6,7.25,0.0,0.0,0,0.0,0.0,0.0,0.0,0.0,9.0,7.0,4.983443395700174,sim_input.json
71,2,1,<bidder.IntegralGreedyBidder object at 0x0000028086D3F9B0>,5,True,25,4.830813096039857,1.0,2.0,1,1,7.25,0.0,0.0,0,0.0,0.0,0.0,0.0,0.0,9.0,7.0,4.983443395700174,sim_input.json
71,2,1,<bidder.IntegralGreedyBidder object at 0x0000028086D3F9B0>,5,True,26,4.682908887360497,1.0,1.0,1,1,7.25,0.0,0.0,0,0.0,0.0,0.0,0.0,0.0,9.0,7.0,4.983443395700174,sim_input.json
71,2,1,<bidder.IntegralGreedyBidder object at 0x0000028086D3F9B0>,5,True,27,2.4322850068261985,0.0,0.0,1,1,7.25,0.0,0.0,0,0.0,0.0,0.0,0.0,0.0,9.0,7.0,4.983443395700174,sim_input.json
71,2,1,<bidder.IntegralGreedyBidder object at 0x0000028086D3F9B0>,5,True,28,0.11795869413191562,3.0,4.0,0.75,1,7.25,1.0,1.0,1,0.6964285714285714,0.75,0.6964285714285714,0.6964285714285714,0.0821498048418698,9.0,7.0,4.983443395700174,sim_input.json
71,2,1,<bidder.IntegralGreedyBidder object at 0x0000028086D3F9B0>,5,True,29,1.6634714905431562,2.0,3.0,1,1,7.25,0.0,0.0,0,0.0,0.0,0.0,0.0,0.0,9.0,7.0,4.983443395700174,sim_input.json
71,2,1,<bidder.IntegralGreedyBidder object at 0x0000028086D3F9B0>,5,True,30,5.017933348306916,4.0,4.0,0.75,0.6,7.25,0.0,0.0,0,0.0,0.0,0.0,0.0,0.0,9.0,7.0,4.983443395700174,sim_input.json
71,2,1,<bidder.IntegralGreedyBidder object at 0x0000028086D3F9B0>,5,True,31,2.441631260418172,3.0,4.0,0.75,0.75,7.25,0.0,0.0,0,0.0,0.0,0.0,0.0,0.0,9.0,7.0,4.983443395700174,sim_input.json
71,2,1,<bidder.IntegralGreedyBidder object at 0x0000028086D3F9B0>,5,True,32,6.0412207485307095,4.0,4.0,0.75,0.6,7.25,0.0,0.0,0,0.0,0.0,0.0,0.0,0.0,9.0,7.0,4.983443395700174,sim_input.json
71,2,1,<bidder.IntegralGreedyBidder object at 0x0000028086D3F9B0>,5,True,33,3.2992885128576237,2.0,2.0,1,1,7.25,0.0,0.0,0,0.0,0.0,0.0,0.0,0.0,9.0,7.0,4.983443395700174,sim_input.json
71,2,1,<bidder.IntegralGreedyBidder object at 0x0000028086D3F9B0>,5,True,34,0.0,4.0,4.0,0.75,0.6,7.25,0.0,0.0,0,0.0,0.0,0.0,0.0,0.0,9.0,7.0,4.983443395700174,sim_input.json
71,2,1,<bidder.IntegralGreedyBidder object at 0x0000028086D3F9B0>,5,True,35,3.903307294819018,4.0,4.0,0.75,0.6,7.25,0.0,0.0,0,0.0,0.0,0.0,0.0,0.0,9.0,7.0,4.983443395700174,sim_input.json
71,2,1,<bidder.IntegralGreedyBidder object at 0x0000028086D3F9B0>,5,True,36,1.5609661350212996,3.0,3.0,1,0.75,7.25,0.0,0.0,0,0.0,0.0,0.0,0.0,0.0,9.0,7.0,4.983443395700174,sim_input.json
71,2,1,<bidder.IntegralGreedyBidder object at 0x0000028086D3F9B0>,5,True,37,7.857223288372322,6.0,6.0,0.5,0.42857142857142855,7.25,0.0,0.0,0,0.0,0.0,0.0,0.0,0.0,9.0,7.0,4.983443395700174,sim_input.json
71,2,1,<bidder.IntegralGreedyBidder object at 0x0000028086D3F9B0>,5,True,38,4.216588338667611,3.0,3.0,1,0.75,7.25,0.0,0.0,0,0.0,0.0,0.0,0.0,0.0,9.0,7.0,4.983443395700174,sim_input.json
71,2,1,<bidder.IntegralGreedyBidder object at 0x0000028086D3F9B0>,5,True,39,7.872234257446798,3.0,3.0,1,0.75,7.25,0.0,0.0,0,0.0,0.0,0.0,0.0,0.0,9.0,7.0,4.983443395700174,sim_input.json
71,2,1,<bidder.IntegralGreedyBidder object at 0x0000028086D3F9B0>,5,True,40,0.9774441952486184,4.0,4.0,0.75,0.75,7.25,1.0,1.0,1,0.6964285714285714,0.75,0.6964285714285714,0.6964285714285714,0.6807200645481449,9.0,7.0,4.983443395700174,sim_input.json
71,2,1,<bidder.IntegralGreedyBidder object at 0x0000028086D3F9B0>,5,True,41,6.58458421617252,1.0,1.0,1,1,7.25,0.0,0.0,0,0.0,0.0,0.0,0.0,0.0,9.0,7.0,4.983443395700174,sim_input.json
71,2,1,<bidder.IntegralGreedyBidder object at 0x0000028086D3F9B0>,5,True,42,4.826936213892162,3.0,4.0,0.75,0.75,7.25,0.0,0.0,0,0.0,0.0,0.0,0.0,0.0,9.0,7.0,4.983443395700174,sim_input.json
71,2,1,<bidder.IntegralGreedyBidder object at 0x0000028086D3F9B0>,5,True,43,2.754073533004644,4.0,4.0,0.75,0.6,7.25,0.0,0.0,0,0.0,0.0,0.0,0.0,0.0,9.0,7.0,4.983443395700174,sim_input.json
71,2,1,<bidder.IntegralGreedyBidder object at 0x0000028086D3F9B0>,5,True,44,6.036024093542144,3.0,3.0,1,0.75,7.25,0.0,0.0,0,0.0,0.0,0.0,0.0,0.0,9.0,7.0,4.983443395700174,sim_input.json
71,2,1,<bidder.IntegralGreedyBidder object at 0x0000028086D3F9B0>,5,True,45,2.420916884235319,1.0,1.0,1,1,7.25,0.0,0.0,0,0.0,0.0,0.0,0.0,0.0,9.0,7.0,4.983443395700174,sim_input.json
71,2,1,<bidder.IntegralGreedyBidder object at 0x0000028086D3F9B0>,5,True,46,4.613448907515634,0.0,0.0,1,1,7.25,0.0,0.0,0,0.0,0.0,0.0,0.0,0.0,9.0,7.0,4.983443395700174,sim_input.json
71,2,1,<bidder.IntegralGreedyBidder object at 0x0000028086D3F9B0>,5,True,47,2.6721318116013535,4.0,4.0,0.75,0.6,7.25,0.0,0.0,0,0.0,0.0,0.0,0.0,0.0,9.0,7.0,4.983443395700174,sim_input.json
71,2,1,<bidder.IntegralGreedyBidder object at 0x0000028086D3F9B0>,5,True,48,7.850237254865233,2.0,2.0,1,1,7.25,0.0,0.0,0,0.0,0.0,0.0,0.0,0.0,9.0,7.0,4.983443395700174,sim_input.json
71,2,1,<bidder.IntegralGreedyBidder object at 0x0000028086D3F9B0>,5,True,49,4.079458528264674,3.0,3.0,1,0.75,7.25,0.0,0.0,0,0.0,0.0,0.0,0.0,0.0,9.0,7.0,4.983443395700174,sim_input.json
71,2,1,<bidder.IntegralGreedyBidder object at 0x0000028086D3F9B0>,5,True,50,4.76302747424308,0.0,1.0,1,1,7.25,0.0,0.0,0,0.0,0.0,0.0,0.0,0.0,9.0,7.0,4.983443395700174,sim_input.json
71,2,1,<bidder.IntegralGreedyBidder object at 0x0000028086D3F9B0>,5,True,51,7.8802531805707865,4.0,4.0,0.75,0.6,7.25,0.0,0.0,0,0.0,0.0,0.0,0.0,0.0,9.0,7.0,4.983443395700174,sim_input.json
71,2,2,<bidder.UniformBidder object at 0x0000028086D3F6D8>,5,True,0,3.4874982891958286,6.0,6.0,0.5,0.42857142857142855,4.25,0.0,0.0,0,0.0026346604215456582,0.0,0.0,0.0026346604215456582,0.009188373712752444,5.0,4.25,14.520006630297777,sim_input.json
71,2,2,<bidder.UniformBidder object at 0x0000028086D3F6D8>,5,True,1,6.200198268438893,1.0,1.0,1,1,4.25,0.0,0.0,0,0.15517241379310345,0.0,0.0,0.15517241379310345,0.9620997313094833,5.0,4.25,14.520006630297777,sim_input.json
71,2,2,<bidder.UniformBidder object at 0x0000028086D3F6D8>,5,True,2,0.9815633010536252,4.0,4.0,0.75,0.75,4.25,1.0,1.0,1,0.7560011709601874,0.75,0.75,0.7560011709601874,0.7420630049680876,5.0,4.25,14.520006630297777,sim_input.json
71,2,2,<bidder.UniformBidder object at 0x0000028086D3F6D8>,5,True,3,4.013055990741604,3.0,3.0,1,0.75,4.25,0.0,0.0,0,0.0,0.0,0.0,0.0,0.0,5.0,4.25,14.520006630297777,sim_input.json
71,2,2,<bidder.UniformBidder object at 0x0000028086D3F6D8>,5,True,4,6.46153401755921,5.0,5.0,0.6,0.5,4.25,0.0,0.0,0,0.0,0.0,0.0,0.0,0.0,5.0,4.25,14.520006630297777,sim_input.json
71,2,2,<bidder.UniformBidder object at 0x0000028086D3F6D8>,5,True,5,6.75520722480911,3.0,3.0,1,0.75,4.25,0.0,0.0,0,0.0052693208430913165,0.0,0.0,0.0052693208430913165,0.035595354229087696,5.0,4.25,14.520006630297777,sim_input.json
71,2,2,<bidder.UniformBidder object at 0x0000028086D3F6D8>,5,True,6,6.340124428520772,0.0,1.0,1,1,4.25,0.0,0.0,0,0.15027322404371585,0.0,0.0,0.15027322404371585,0.9527509387121379,5.0,4.25,14.520006630297777,sim_input.json
71,2,2,<bidder.UniformBidder object at 0x0000028086D3F6D8>,5,True,7,1.5312366807868287,3.0,3.0,1,0.75,4.25,0.0,0.0,0,0.0,0.0,0.0,0.0,0.0,5.0,4.25,14.520006630297777,sim_input.json
71,2,2,<bidder.UniformBidder object at 0x0000028086D3F6D8>,5,True,8,4.331717761866408,2.0,2.0,1,1,4.25,0.0,0.0,0,0.07377049180327869,0.0,0.0,0.07377049180327869,0.31955294964588254,5.0,4.25,14.520006630297777,sim_input.json
71,2,2,<bidder.UniformBidder object at 0x0000028086D3F6D8>,5,True,9,2.755797751770463,4.0,4.0,0.75,0.6,4.25,0.0,0.0,0,0.0039519906323185194,0.0,0.0,0.0039519906323185194,0.010890886899561306,5.0,4.25,14.520006630297777,sim_input.json
71,2,2,<bidder.UniformBidder object at 0x0000028086D3F6D8>,5,True,10,3.7449188230411927,2.0,3.0,1,1,4.25,0.0,0.0,0,0.0052693208430913165,0.0,0.0,0.0052693208430913165,0.01973317880993596,5.0,4.25,14.520006630297777,sim_input.json
71,2,2,<bidder.UniformBidder object at 0x0000028086D3F6D8>,5,True,11,5.922362804052556,2.0,2.0,1,1,4.25,0.0,0.0,0,0.07903981264637001,0.0,0.0,0.07903981264637001,0.46810244645614457,5.0,4.25,14.520006630297777,sim_input.json
71,2,2,<bidder.UniformBidder object at 0x0000028086D3F6D8>,5,True,12,0.9179070526887595,3.0,3.0,1,1,4.25,1.0,1.0,1,1.0,1.0,1.0,1.0,0.9179070526887595,5.0,4.25,14.520006630297777,sim_input.json
71,2,2,<bidder.UniformBidder object at 0x0000028086D3F6D8>,5,True,13,0.0,6.0,6.0,0.5,0.42857142857142855,4.25,0.0,0.0,0,0.0,0.0,0.0,0.0,0.0,5.0,4.25,14.520006630297777,sim_input.json
71,2,2,<bidder.UniformBidder object at 0x0000028086D3F6D8>,5,True,14,1.3599052607005282,3.0,3.0,1,1,4.25,1.0,1.0,1,1.0,1.0,1.0,1.0,1.3599052607005282,5.0,4.25,14.520006630297777,sim_input.json
71,2,2,<bidder.UniformBidder object at 0x0000028086D3F6D8>,5,True,15,0.4130229953056712,3.0,3.0,1,1,4.25,1.0,1.0,1,1.0,1.0,1.0,1.0,0.4130229953056712,5.0,4.25,14.520006630297777,sim_input.json
71,2,2,<bidder.UniformBidder object at 0x0000028086D3F6D8>,5,True,16,0.0,3.0,3.0,1,0.75,4.25,0.0,0.0,0,0.0,0.0,0.0,0.0,0.0,5.0,4.25,14.520006630297777,sim_input.json
71,2,2,<bidder.UniformBidder object at 0x0000028086D3F6D8>,5,True,17,0.0,4.0,4.0,0.75,0.6,4.25,0.0,0.0,0,0.0,0.0,0.0,0.0,0.0,5.0,4.25,14.520006630297777,sim_input.json
71,2,2,<bidder.UniformBidder object at 0x0000028086D3F6D8>,5,True,18,4.870140196816825,6.0,6.0,0.5,0.42857142857142855,4.25,0.0,0.0,0,0.009085035936364368,0.0,0.0,0.009085035936364368,0.04424539870321349,5.0,4.25,14.520006630297777,sim_input.json
71,2,2,<bidder.UniformBidder object at 0x0000028086D3F6D8>,5,True,19,2.3262699573745804,2.0,2.0,1,1,4.25,0.0,0.0,0,0.07377049180327869,0.0,0.0,0.07377049180327869,0.17161007882271495,5.0,4.25,14.520006630297777,sim_input.json
71,2,2,<bidder.UniformBidder object at 0x0000028086D3F6D8>,5,True,20,7.078765081773668,1.0,1.0,1,1,4.25,0.0,0.0,0,0.14754098360655737,0.0,0.0,0.14754098360655737,1.0444079628846394,5.0,4.25,14.520006630297777,sim_input.json
71,2,2,<bidder.UniformBidder object at 0x0000028086D3F6D8>,5,True,21,0.0,1.0,1.0,1,1,4.25,0.0,0.0,0,0.0,0.0,0.0,0.0,0.0,5.0,4.25,14.520006630297777,sim_input.json
71,2,2,<bidder.UniformBidder object at 0x0000028086D3F6D8>,5,True,22,3.1077588974646453,3.0,3.0,1,0.75,4.25,0.0,0.0,0,0.01290075102963742,0.0,0.0,0.01290075102963742,0.04009242379633188,5.0,4.25,14.520006630297777,sim_input.json
71,2,2,<bidder.UniformBidder object at 0x0000028086D3F6D8>,5,True,23,4.688056072305459,3.0,3.0,1,0.75,4.25,0.0,0.0,0,0.0052693208430913165,0.0,0.0,0.0052693208430913165,0.024702871575379967,5.0,4.25,14.520006630297777,sim_input.json
71,2,2,<bidder.UniformBidder object at 0x0000028086D3F6D8>,5,True,24,2.587217450304631,4.0,4.0,0.75,0.6,4.25,0.0,0.0,0,0.002049180327868845,0.0,0.0,0.002049180327868845,0.005301675103083241,5.0,4.25,14.520006630297777,sim_input.json
71,2,2,<bidder.UniformBidder object at 0x0000028086D3F6D8>,5,True,25,3.577294882586507,1.0,2.0,1,1,4.25,0.0,0.0,0,0.07650273224043717,0.0,0.0,0.07650273224043717,0.2736728325476017,5.0,4.25,14.520006630297777,sim_input.json
71,2,2,<bidder.UniformBidder object at 0x0000028086D3F6D8>,5,True,26,4.803994172886424,1.0,1.0,1,1,4.25,0.0,0.0,0,0.14754098360655737,0.0,0.0,0.14754098360655737,0.708786025507833,5.0,4.25,14.520006630297777,sim_input.json
71,2,2,<bidder.UniformBidder object at 0x0000028086D3F6D8>,5,True,27,4.897451455416844,0.0,0.0,1,1,4.25,0.0,0.0,0,0.22131147540983606,0.0,0.0,0.22131147540983606,1.0838622073463506,5.0,4.25,14.520006630297777,sim_input.json
71,2,2,<bidder.UniformBidder object at 0x0000028086D3F6D8>,5,True,28,5.596859274167985,3.0,4.0,0.75,0.75,4.25,0.0,0.0,0,0.006001170960187365,0.0,0.0,0.006001170960187365,0.03358770934439224,5.0,4.25,14.520006630297777,sim_input.json
71,2,2,<bidder.UniformBidder object at 0x0000028086D3F6D8>,5,True,29,3.7692676022440406,2.0,3.0,1,1,4.25,0.0,0.0,0,0.002732240437158482,0.0,0.0,0.002732240437158482,0.010298545361322561,5.0,4.25,14.520006630297777,sim_input.json
71,2,2,<bidder.UniformBidder object at 0x0000028086D3F6D8>,5,True,30,2.6501441684518126,4.0,4.0,0.75,0.6,4.25,0.0,0.0,0,0.002049180327868845,0.0,0.0,0.002049180327868845,0.005430623296007794,5.0,4.25,14.520006630297777,sim_input.json
71,2,2,<bidder.UniformBidder object at 0x0000028086D3F6D8>,5,True,31,7.668105912575628,3.0,4.0,0.75,0.75,4.25,0.0,0.0,0,0.0,0.0,0.0,0.0,0.0,5.0,4.25,14.520006630297777,sim_input.json
71,2,2,<bidder.UniformBidder object at 0x0000028086D3F6D8>,5,True,32,0.0,4.0,4.0,0.75,0.6,4.25,0.0,0.0,0,0.0,0.0,0.0,0.0,0.0,5.0,4.25,14.520006630297777,sim_input.json
71,2,2,<bidder.UniformBidder object at 0x0000028086D3F6D8>,5,True,33,4.565751132868371,2.0,2.0,1,1,4.25,0.0,0.0,0,0.07377049180327869,0.0,0.0,0.07377049180327869,0.3368177065230766,5.0,4.25,14.520006630297777,sim_input.json
71,2,2,<bidder.UniformBidder object at 0x0000028086D3F6D8>,5,True,34,2.1147999733090757,4.0,4.0,0.75,0.6,4.25,0.0,0.0,0,0.0,0.0,0.0,0.0,0.0,5.0,4.25,14.520006630297777,sim_input.json
71,2,2,<bidder.UniformBidder object at 0x0000028086D3F6D8>,5,True,35,3.2948360114408697,4.0,4.0,0.75,0.6,4.25,0.0,0.0,0,0.006001170960187365,0.0,0.0,0.006001170960187365,0.01977287419043851,5.0,4.25,14.520006630297777,sim_input.json
71,2,2,<bidder.UniformBidder object at 0x0000028086D3F6D8>,5,True,36,3.0280799436529966,3.0,3.0,1,0.75,4.25,0.0,0.0,0,0.008196721311475414,0.0,0.0,0.008196721311475414,0.024820327406991787,5.0,4.25,14.520006630297777,sim_input.json
71,2,2,<bidder.UniformBidder object at 0x0000028086D3F6D8>,5,True,37,1.233474395553126,6.0,6.0,0.5,0.5,4.25,1.0,1.0,1,0.5051818353118523,0.5,0.5,0.5051818353118523,0.6231288589557059,5.0,4.25,14.520006630297777,sim_input.json
71,2,2,<bidder.UniformBidder object at 0x0000028086D3F6D8>,5,True,38,7.247012743739594,3.0,3.0,1,0.75,4.25,0.0,0.0,0,0.002732240437158482,0.0,0.0,0.002732240437158482,0.01980058126704816,5.0,4.25,14.520006630297777,sim_input.json
71,2,2,<bidder.UniformBidder object at 0x0000028086D3F6D8>,5,True,39,3.2189910966877715,3.0,3.0,1,0.75,4.25,0.0,0.0,0,0.0,0.0,0.0,0.0,0.0,5.0,4.25,14.520006630297777,sim_input.json
71,2,2,<bidder.UniformBidder object at 0x0000028086D3F6D8>,5,True,40,7.753218136342371,4.0,4.0,0.75,0.6,4.25,0.0,0.0,0,0.00805035128805621,0.0,0.0,0.00805035128805621,0.06241612961048457,5.0,4.25,14.520006630297777,sim_input.json
71,2,2,<bidder.UniformBidder object at 0x0000028086D3F6D8>,5,True,41,4.7997916176644075,1.0,1.0,1,1,4.25,0.0,0.0,0,0.14754098360655737,0.0,0.0,0.14754098360655737,0.7081659763767159,5.0,4.25,14.520006630297777,sim_input.json
71,2,2,<bidder.UniformBidder object at 0x0000028086D3F6D8>,5,True,42,7.434272576113679,3.0,4.0,0.75,0.75,4.25,0.0,0.0,0,0.005723572639909544,0.0,0.0,0.005723572639909544,0.0425505991142741,5.0,4.25,14.520006630297777,sim_input.json
71,2,2,<bidder.UniformBidder object at 0x0000028086D3F6D8>,5,True,43,5.141859802136029,4.0,4.0,0.75,0.6,4.25,0.0,0.0,0,0.0,0.0,0.0,0.0,0.0,5.0,4.25,14.520006630297777,sim_input.json
71,2,2,<bidder.UniformBidder object at 0x0000028086D3F6D8>,5,True,44,6.713578911349173,3.0,3.0,1,0.75,4.25,0.0,0.0,0,0.010363670623704552,0.0,0.0,0.010363670623704552,0.06957732054347181,5.0,4.25,14.520006630297777,sim_input.json
71,2,2,<bidder.UniformBidder object at 0x0000028086D3F6D8>,5,True,45,7.9565744021401414,1.0,1.0,1,1,4.25,0.0,0.0,0,0.14754098360655737,0.0,0.0,0.14754098360655737,1.1739208134305126,5.0,4.25,14.520006630297777,sim_input.json
71,2,2,<bidder.UniformBidder object at 0x0000028086D3F6D8>,5,True,46,1.994479138355957,0.0,0.0,1,1,4.25,0.0,0.0,0,0.22131147540983606,0.0,0.0,0.22131147540983606,0.4414011207836954,5.0,4.25,14.520006630297777,sim_input.json
71,2,2,<bidder.UniformBidder object at 0x0000028086D3F6D8>,5,True,47,7.14282567874152,4.0,4.0,0.75,0.6,4.25,0.0,0.0,0,0.00409836065573769,0.0,0.0,0.00409836065573769,0.02927387573254711,5.0,4.25,14.520006630297777,sim_input.json
71,2,2,<bidder.UniformBidder object at 0x0000028086D3F6D8>,5,True,48,5.74540850294712,2.0,2.0,1,1,4.25,0.0,0.0,0,0.07377049180327869,0.0,0.0,0.07377049180327869,0.4238416108731482,5.0,4.25,14.520006630297777,sim_input.json
71,2,2,<bidder.UniformBidder object at 0x0000028086D3F6D8>,5,True,49,1.4684277214453978,3.0,3.0,1,0.75,4.25,0.0,0.0,0,0.00763143018654607,0.0,0.0,0.00763143018654607,0.011206203640199473,5.0,4.25,14.520006630297777,sim_input.json
71,2,2,<bidder.UniformBidder object at 0x0000028086D3F6D8>,5,True,50,5.675628464145661,0.0,1.0,1,1,4.25,0.0,0.0,0,0.1528103044496487,0.0,0.0,0.1528103044496487,0.8672945135491905,5.0,4.25,14.520006630297777,sim_input.json
71,2,2,<bidder.UniformBidder object at 0x0000028086D3F6D8>,5,True,51,1.6087138493134163,4.0,4.0,0.75,0.6,4.25,0.0,0.0,0,0.005723572639909544,0.0,0.0,0.005723572639909544,0.009207590573373834,5.0,4.25,14.520006630297777,sim_input.json
71,2,3,<bidder.IntegralGreedyBidder object at 0x0000028086D3FC88>,5,True,0,6.741544306571647,6.0,6.0,0.5,0.42857142857142855,6.75,0.0,0.0,0,0.0,0.0,0.0,0.0,0.0,8.0,6.75,1.4887947143876659,sim_input.json
71,2,3,<bidder.IntegralGreedyBidder object at 0x0000028086D3FC88>,5,True,1,0.0,1.0,1.0,1,1,6.75,0.0,0.0,0,0.0,0.0,0.0,0.0,0.0,8.0,6.75,1.4887947143876659,sim_input.json
71,2,3,<bidder.IntegralGreedyBidder object at 0x0000028086D3FC88>,5,True,2,0.032981919666189574,4.0,4.0,0.75,0.75,6.75,1.0,1.0,1,0.7222222222222222,0.75,0.7222222222222222,0.7222222222222222,0.023820275314470247,8.0,6.75,1.4887947143876659,sim_input.json
71,2,3,<bidder.IntegralGreedyBidder object at 0x0000028086D3FC88>,5,True,3,0.3876883648082703,3.0,3.0,1,0.75,6.75,0.0,0.0,0,0.0,0.0,0.0,0.0,0.0,8.0,6.75,1.4887947143876659,sim_input.json
71,2,3,<bidder.IntegralGreedyBidder object at 0x0000028086D3FC88>,5,True,4,3.7673283637432733,5.0,5.0,0.6,0.5,6.75,0.0,0.0,0,0.0,0.0,0.0,0.0,0.0,8.0,6.75,1.4887947143876659,sim_input.json
71,2,3,<bidder.IntegralGreedyBidder object at 0x0000028086D3FC88>,5,True,5,7.236949648384954,3.0,3.0,1,0.75,6.75,0.0,0.0,0,0.0,0.0,0.0,0.0,0.0,8.0,6.75,1.4887947143876659,sim_input.json
71,2,3,<bidder.IntegralGreedyBidder object at 0x0000028086D3FC88>,5,True,6,0.7835421863396062,0.0,1.0,1,1,6.75,0.0,0.0,0,0.0,0.0,0.0,0.0,0.0,8.0,6.75,1.4887947143876659,sim_input.json
71,2,3,<bidder.IntegralGreedyBidder object at 0x0000028086D3FC88>,5,True,7,2.757388239325172,3.0,3.0,1,0.75,6.75,0.0,0.0,0,0.0,0.0,0.0,0.0,0.0,8.0,6.75,1.4887947143876659,sim_input.json
71,2,3,<bidder.IntegralGreedyBidder object at 0x0000028086D3FC88>,5,True,8,1.3595409024040297,2.0,2.0,1,1,6.75,0.0,0.0,0,0.0,0.0,0.0,0.0,0.0,8.0,6.75,1.4887947143876659,sim_input.json
71,2,3,<bidder.IntegralGreedyBidder object at 0x0000028086D3FC88>,5,True,9,0.0,4.0,4.0,0.75,0.6,6.75,0.0,0.0,0,0.0,0.0,0.0,0.0,0.0,8.0,6.75,1.4887947143876659,sim_input.json
71,2,3,<bidder.IntegralGreedyBidder object at 0x0000028086D3FC88>,5,True,10,3.0550869345204603,2.0,3.0,1,1,6.75,0.0,0.0,0,0.0,0.0,0.0,0.0,0.0,8.0,6.75,1.4887947143876659,sim_input.json
71,2,3,<bidder.IntegralGreedyBidder object at 0x0000028086D3FC88>,5,True,11,1.267588713003254,2.0,2.0,1,1,6.75,0.0,0.0,0,0.0,0.0,0.0,0.0,0.0,8.0,6.75,1.4887947143876659,sim_input.json
71,2,3,<bidder.IntegralGreedyBidder object at 0x0000028086D3FC88>,5,True,12,5.921359754191728,3.0,3.0,1,0.75,6.75,0.0,0.0,0,0.0,0.0,0.0,0.0,0.0,8.0,6.75,1.4887947143876659,sim_input.json
71,2,3,<bidder.IntegralGreedyBidder object at 0x0000028086D3FC88>,5,True,13,0.0,6.0,6.0,0.5,0.42857142857142855,6.75,0.0,0.0,0,0.0,0.0,0.0,0.0,0.0,8.0,6.75,1.4887947143876659,sim_input.json
71,2,3,<bidder.IntegralGreedyBidder object at 0x0000028086D3FC88>,5,True,14,0.0,3.0,3.0,1,0.75,6.75,0.0,0.0,0,0.0,0.0,0.0,0.0,0.0,8.0,6.75,1.4887947143876659,sim_input.json
71,2,3,<bidder.IntegralGreedyBidder object at 0x0000028086D3FC88>,5,True,15,2.4664964029247605,3.0,3.0,1,0.75,6.75,0.0,0.0,0,0.0,0.0,0.0,0.0,0.0,8.0,6.75,1.4887947143876659,sim_input.json
71,2,3,<bidder.IntegralGreedyBidder object at 0x0000028086D3FC88>,5,True,16,0.0,3.0,3.0,1,0.75,6.75,0.0,0.0,0,0.0,0.0,0.0,0.0,0.0,8.0,6.75,1.4887947143876659,sim_input.json
71,2,3,<bidder.IntegralGreedyBidder object at 0x0000028086D3FC88>,5,True,17,1.932963352706536,4.0,4.0,0.75,0.6,6.75,0.0,0.0,0,0.0,0.0,0.0,0.0,0.0,8.0,6.75,1.4887947143876659,sim_input.json
71,2,3,<bidder.IntegralGreedyBidder object at 0x0000028086D3FC88>,5,True,18,1.66755228940045,6.0,6.0,0.5,0.42857142857142855,6.75,0.0,0.0,0,0.0,0.0,0.0,0.0,0.0,8.0,6.75,1.4887947143876659,sim_input.json
71,2,3,<bidder.IntegralGreedyBidder object at 0x0000028086D3FC88>,5,True,19,5.242637312218198,2.0,2.0,1,1,6.75,0.0,0.0,0,0.0,0.0,0.0,0.0,0.0,8.0,6.75,1.4887947143876659,sim_input.json
71,2,3,<bidder.IntegralGreedyBidder object at 0x0000028086D3FC88>,5,True,20,2.1094139100803098,1.0,1.0,1,1,6.75,0.0,0.0,0,0.0,0.0,0.0,0.0,0.0,8.0,6.75,1.4887947143876659,sim_input.json
71,2,3,<bidder.IntegralGreedyBidder object at 0x0000028086D3FC88>,5,True,21,2.971048807038738,1.0,1.0,1,1,6.75,0.0,0.0,0,0.0,0.0,0.0,0.0,0.0,8.0,6.75,1.4887947143876659,sim_input.json
71,2,3,<bidder.IntegralGreedyBidder object at 0x0000028086D3FC88>,5,True,22,4.4743523189334145,3.0,3.0,1,0.75,6.75,0.0,0.0,0,0.0,0.0,0.0,0.0,0.0,8.0,6.75,1.4887947143876659,sim_input.json
71,2,3,<bidder.IntegralGreedyBidder object at 0x0000028086D3FC88>,5,True,23,7.508557250965324,3.0,3.0,1,0.75,6.75,0.0,0.0,0,0.0,0.0,0.0,0.0,0.0,8.0,6.75,1.4887947143876659,sim_input.json
71,2,3,<bidder.IntegralGreedyBidder object at 0x0000028086D3FC88>,5,True,24,0.0,4.0,4.0,0.75,0.6,6.75,0.0,0.0,0,0.0,0.0,0.0,0.0,0.0,8.0,6.75,1.4887947143876659,sim_input.json
71,2,3,<bidder.IntegralGreedyBidder object at 0x0000028086D3FC88>,5,True,25,0.5017013674776616,1.0,2.0,1,1,6.75,0.0,1.0,1,0.9629629629629629,1.0,0.9629629629629629,0.9629629629629629,0.4831198353488593,8.0,6.75,1.4887947143876659,sim_input.json
71,2,3,<bidder.IntegralGreedyBidder object at 0x0000028086D3FC88>,5,True,26,0.0,1.0,1.0,1,1,6.75,0.0,0.0,0,0.0,0.0,0.0,0.0,0.0,8.0,6.75,1.4887947143876659,sim_input.json
71,2,3,<bidder.IntegralGreedyBidder object at 0x0000028086D3FC88>,5,True,27,0.0,0.0,0.0,1,1,6.75,0.0,0.0,0,0.0,0.0,0.0,0.0,0.0,8.0,6.75,1.4887947143876659,sim_input.json
71,2,3,<bidder.IntegralGreedyBidder object at 0x0000028086D3FC88>,5,True,28,0.0,3.0,4.0,0.75,0.75,6.75,0.0,0.0,0,0.0,0.0,0.0,0.0,0.0,8.0,6.75,1.4887947143876659,sim_input.json
71,2,3,<bidder.IntegralGreedyBidder object at 0x0000028086D3FC88>,5,True,29,0.0,2.0,3.0,1,1,6.75,0.0,0.0,0,0.0,0.0,0.0,0.0,0.0,8.0,6.75,1.4887947143876659,sim_input.json
71,2,3,<bidder.IntegralGreedyBidder object at 0x0000028086D3FC88>,5,True,30,0.0,4.0,4.0,0.75,0.6,6.75,0.0,0.0,0,0.0,0.0,0.0,0.0,0.0,8.0,6.75,1.4887947143876659,sim_input.json
71,2,3,<bidder.IntegralGreedyBidder object at 0x0000028086D3FC88>,5,True,31,1.189447714047669,3.0,4.0,0.75,0.75,6.75,0.0,0.0,0,0.0,0.0,0.0,0.0,0.0,8.0,6.75,1.4887947143876659,sim_input.json
71,2,3,<bidder.IntegralGreedyBidder object at 0x0000028086D3FC88>,5,True,32,0.11731771725792361,4.0,4.0,0.75,0.75,6.75,1.0,1.0,1,0.7222222222222222,0.75,0.7222222222222222,0.7222222222222222,0.08472946246405594,8.0,6.75,1.4887947143876659,sim_input.json
71,2,3,<bidder.IntegralGreedyBidder object at 0x0000028086D3FC88>,5,True,33,7.672344500198829,2.0,2.0,1,1,6.75,0.0,0.0,0,0.0,0.0,0.0,0.0,0.0,8.0,6.75,1.4887947143876659,sim_input.json
71,2,3,<bidder.IntegralGreedyBidder object at 0x0000028086D3FC88>,5,True,34,3.1879966558546418,4.0,4.0,0.75,0.6,6.75,0.0,0.0,0,0.0,0.0,0.0,0.0,0.0,8.0,6.75,1.4887947143876659,sim_input.json
71,2,3,<bidder.IntegralGreedyBidder object at 0x0000028086D3FC88>,5,True,35,0.32878322821187234,4.0,4.0,0.75,0.75,6.75,1.0,1.0,1,0.7222222222222222,0.75,0.7222222222222222,0.7222222222222222,0.23745455370857446,8.0,6.75,1.4887947143876659,sim_input.json
71,2,3,<bidder.IntegralGreedyBidder object at 0x0000028086D3FC88>,5,True,36,0.4998254028064625,3.0,3.0,1,1,6.75,1.0,1.0,1,0.9629629629629629,1.0,0.9629629629629629,0.9629629629629629,0.48131335085066757,8.0,6.75,1.4887947143876659,sim_input.json
71,2,3,<bidder.IntegralGreedyBidder object at 0x0000028086D3FC88>,5,True,37,0.8681535692194006,6.0,6.0,0.5,0.42857142857142855,6.75,0.0,0.0,0,0.0,0.0,0.0,0.0,0.0,8.0,6.75,1.4887947143876659,sim_input.json
71,2,3,<bidder.IntegralGreedyBidder object at 0x0000028086D3FC88>,5,True,38,0.07976082140304619,3.0,3.0,1,1,6.75,1.0,1.0,1,0.9629629629629629,1.0,0.9629629629629629,0.9629629629629629,0.07680671690663707,8.0,6.75,1.4887947143876659,sim_input.json
71,2,3,<bidder.IntegralGreedyBidder object at 0x0000028086D3FC88>,5,True,39,6.18171099785614,3.0,3.0,1,0.75,6.75,0.0,0.0,0,0.0,0.0,0.0,0.0,0.0,8.0,6.75,1.4887947143876659,sim_input.json
71,2,3,<bidder.IntegralGreedyBidder object at 0x0000028086D3FC88>,5,True,40,0.05923762623039952,4.0,4.0,0.75,0.75,6.75,1.0,1.0,1,0.7222222222222222,0.75,0.7222222222222222,0.7222222222222222,0.04278273005528854,8.0,6.75,1.4887947143876659,sim_input.json
71,2,3,<bidder.IntegralGreedyBidder object at 0x0000028086D3FC88>,5,True,41,1.7843369206448703,1.0,1.0,1,1,6.75,0.0,0.0,0,0.0,0.0,0.0,0.0,0.0,8.0,6.75,1.4887947143876659,sim_input.json
71,2,3,<bidder.IntegralGreedyBidder object at 0x0000028086D3FC88>,5,True,42,0.7300464727525946,3.0,4.0,0.75,0.75,6.75,0.0,0.0,0,0.0,0.0,0.0,0.0,0.0,8.0,6.75,1.4887947143876659,sim_input.json
71,2,3,<bidder.IntegralGreedyBidder object at 0x0000028086D3FC88>,5,True,43,1.5990269179440897,4.0,4.0,0.75,0.6,6.75,0.0,0.0,0,0.0,0.0,0.0,0.0,0.0,8.0,6.75,1.4887947143876659,sim_input.json
71,2,3,<bidder.IntegralGreedyBidder object at 0x0000028086D3FC88>,5,True,44,4.076616432543953,3.0,3.0,1,0.75,6.75,0.0,0.0,0,0.0,0.0,0.0,0.0,0.0,8.0,6.75,1.4887947143876659,sim_input.json
71,2,3,<bidder.IntegralGreedyBidder object at 0x0000028086D3FC88>,5,True,45,7.014439044162069,1.0,1.0,1,1,6.75,0.0,0.0,0,0.0,0.0,0.0,0.0,0.0,8.0,6.75,1.4887947143876659,sim_input.json
71,2,3,<bidder.IntegralGreedyBidder object at 0x0000028086D3FC88>,5,True,46,1.4990991577913115,0.0,0.0,1,1,6.75,0.0,0.0,0,0.0,0.0,0.0,0.0,0.0,8.0,6.75,1.4887947143876659,sim_input.json
71,2,3,<bidder.IntegralGreedyBidder object at 0x0000028086D3FC88>,5,True,47,0.0813707857926178,4.0,4.0,0.75,0.75,6.75,1.0,1.0,1,0.7222222222222222,0.75,0.7222222222222222,0.7222222222222222,0.05876778973911286,8.0,6.75,1.4887947143876659,sim_input.json
71,2,3,<bidder.IntegralGreedyBidder object at 0x0000028086D3FC88>,5,True,48,3.329135984266615,2.0,2.0,1,1,6.75,0.0,0.0,0,0.0,0.0,0.0,0.0,0.0,8.0,6.75,1.4887947143876659,sim_input.json
71,2,3,<bidder.IntegralGreedyBidder object at 0x0000028086D3FC88>,5,True,49,1.135540128143338,3.0,3.0,1,0.75,6.75,0.0,0.0,0,0.0,0.0,0.0,0.0,0.0,8.0,6.75,1.4887947143876659,sim_input.json
71,2,3,<bidder.IntegralGreedyBidder object at 0x0000028086D3FC88>,5,True,50,0.6417983820974061,0.0,1.0,1,1,6.75,0.0,0.0,0,0.0,0.0,0.0,0.0,0.0,8.0,6.75,1.4887947143876659,sim_input.json
71,2,3,<bidder.IntegralGreedyBidder object at 0x0000028086D3FC88>,5,True,51,1.7518865437856985,4.0,4.0,0.75,0.6,6.75,0.0,0.0,0,0.0,0.0,0.0,0.0,0.0,8.0,6.75,1.4887947143876659,sim_input.json
71,2,4,<bidder.IntegralGreedyBidder object at 0x0000028086D3FC18>,5,True,0,1.0135057376175625,6.0,6.0,0.5,0.5,5.35,1.0,1.0,1,0.5013466042154566,0.5,0.5,0.5013466042154566,0.5081176599074465,7.0,5.35,9.294525038510733,sim_input.json
71,2,4,<bidder.IntegralGreedyBidder object at 0x0000028086D3FC18>,5,True,1,5.850381682740632,1.0,1.0,1,1,5.35,0.0,0.0,0,0.07931034482758623,0.0,0.0,0.07931034482758623,0.46399578863115365,7.0,5.35,9.294525038510733,sim_input.json
71,2,4,<bidder.IntegralGreedyBidder object at 0x0000028086D3FC18>,5,True,2,1.548459233296428,4.0,4.0,0.75,0.6,5.35,0.0,0.0,0,0.0030672651574290984,0.0,0.0,0.0030672651574290984,0.004749535053989509,7.0,5.35,9.294525038510733,sim_input.json
71,2,4,<bidder.IntegralGreedyBidder object at 0x0000028086D3FC18>,5,True,3,7.814663968939427,3.0,3.0,1,0.75,5.35,0.0,0.0,0,0.0,0.0,0.0,0.0,0.0,7.0,5.35,9.294525038510733,sim_input.json
71,2,4,<bidder.IntegralGreedyBidder object at 0x0000028086D3FC18>,5,True,4,0.13977371206374045,5.0,5.0,0.6,0.6,5.35,1.0,1.0,1,0.6,0.6,0.6,0.6,0.08386422723824427,7.0,5.35,9.294525038510733,sim_input.json
71,2,4,<bidder.IntegralGreedyBidder object at 0x0000028086D3FC18>,5,True,5,0.6281092382274119,3.0,3.0,1,1,5.35,1.0,1.0,1,1.0,1.0,1.0,1.0,0.6281092382274119,7.0,5.35,9.294525038510733,sim_input.json
71,2,4,<bidder.IntegralGreedyBidder object at 0x0000028086D3FC18>,5,True,6,4.636728561910443,0.0,1.0,1,1,5.35,0.0,0.0,0,0.07680631451123257,0.0,0.0,0.07680631451123257,0.3561300322293086,7.0,5.35,9.294525038510733,sim_input.json
71,2,4,<bidder.IntegralGreedyBidder object at 0x0000028086D3FC18>,5,True,7,4.865264114947292,3.0,3.0,1,0.75,5.35,0.0,0.0,0,0.0,0.0,0.0,0.0,0.0,7.0,5.35,9.294525038510733,sim_input.json
71,2,4,<bidder.IntegralGreedyBidder object at 0x0000028086D3FC18>,5,True,8,2.656699629470654,2.0,2.0,1,1,5.35,0.0,0.0,0,0.037704918032786895,0.0,0.0,0.037704918032786895,0.10017064176692632,7.0,5.35,9.294525038510733,sim_input.json
71,2,4,<bidder.IntegralGreedyBidder object at 0x0000028086D3FC18>,5,True,9,7.4749301932613585,4.0,4.0,0.75,0.6,5.35,0.0,0.0,0,0.002019906323185022,0.0,0.0,0.002019906323185022,0.015098658762735256,7.0,5.35,9.294525038510733,sim_input.json
71,2,4,<bidder.IntegralGreedyBidder object at 0x0000028086D3FC18>,5,True,10,0.7943379889738635,2.0,3.0,1,1,5.35,1.0,1.0,1,1.0,1.0,1.0,1.0,0.7943379889738635,7.0,5.35,9.294525038510733,sim_input.json
71,2,4,<bidder.IntegralGreedyBidder object at 0x0000028086D3FC18>,5,True,11,2.754086332821963,2.0,2.0,1,1,5.35,0.0,0.0,0,0.040398126463700244,0.0,0.0,0.040398126463700244,0.11125992796529009,7.0,5.35,9.294525038510733,sim_input.json
71,2,4,<bidder.IntegralGreedyBidder object at 0x0000028086D3FC18>,5,True,12,2.1746852372898733,3.0,3.0,1,0.75,5.35,0.0,0.0,0,0.00269320843091334,0.0,0.0,0.00269320843091334,0.005856880615651865,7.0,5.35,9.294525038510733,sim_input.json
71,2,4,<bidder.IntegralGreedyBidder object at 0x0000028086D3FC18>,5,True,13,6.561020108527495,6.0,6.0,0.5,0.42857142857142855,5.35,0.0,0.0,0,0.00139647844565878,0.0,0.0,0.00139647844565878,0.009162323163092477,7.0,5.35,9.294525038510733,sim_input.json
71,2,4,<bidder.IntegralGreedyBidder object at 0x0000028086D3FC18>,5,True,14,2.643292972546533,3.0,3.0,1,0.75,5.35,0.0,0.0,0,0.00139647844565878,0.0,0.0,0.00139647844565878,0.003691301661722559,7.0,5.35,9.294525038510733,sim_input.json
71,2,4,<bidder.IntegralGreedyBidder object at 0x0000028086D3FC18>,5,True,15,6.418369464729285,3.0,3.0,1,0.75,5.35,0.0,0.0,0,0.00269320843091334,0.0,0.0,0.00269320843091334,0.017286006755125653,7.0,5.35,9.294525038510733,sim_input.json
71,2,4,<bidder.IntegralGreedyBidder object at 0x0000028086D3FC18>,5,True,16,1.1419718812212252,3.0,3.0,1,1,5.35,1.0,1.0,1,1.0,1.0,1.0,1.0,1.1419718812212252,7.0,5.35,9.294525038510733,sim_input.json
71,2,4,<bidder.IntegralGreedyBidder object at 0x0000028086D3FC18>,5,True,17,3.167515695247708,4.0,4.0,0.75,0.6,5.35,0.0,0.0,0,0.007040005563182498,0.0,0.0,0.007040005563182498,0.022299328116011746,7.0,5.35,9.294525038510733,sim_input.json
71,2,4,<bidder.IntegralGreedyBidder object at 0x0000028086D3FC18>,5,True,18,0.18690109386217035,6.0,6.0,0.5,0.5,5.35,1.0,1.0,1,0.5046434628119195,0.5,0.5,0.5046434628119195,0.09431841520994125,7.0,5.35,9.294525038510733,sim_input.json
71,2,4,<bidder.IntegralGreedyBidder object at 0x0000028086D3FC18>,5,True,19,6.393240997340507,2.0,2.0,1,1,5.35,0.0,0.0,0,0.037704918032786895,0.0,0.0,0.037704918032786895,0.24105662776857653,7.0,5.35,9.294525038510733,sim_input.json
71,2,4,<bidder.IntegralGreedyBidder object at 0x0000028086D3FC18>,5,True,20,6.954076575259914,1.0,1.0,1,1,5.35,0.0,0.0,0,0.07540983606557379,0.0,0.0,0.07540983606557379,0.5244057745277969,7.0,5.35,9.294525038510733,sim_input.json
71,2,4,<bidder.IntegralGreedyBidder object at 0x0000028086D3FC18>,5,True,21,2.2358821598848087,1.0,1.0,1,1,5.35,0.0,0.0,0,0.07540983606557379,0.0,0.0,0.07540983606557379,0.16860750713885447,7.0,5.35,9.294525038510733,sim_input.json
71,2,4,<bidder.IntegralGreedyBidder object at 0x0000028086D3FC18>,5,True,22,1.6558041015218743,3.0,3.0,1,0.75,5.35,0.0,0.0,0,0.006593717192925794,0.0,0.0,0.006593717192925794,0.01091790397232183,7.0,5.35,9.294525038510733,sim_input.json
71,2,4,<bidder.IntegralGreedyBidder object at 0x0000028086D3FC18>,5,True,23,5.858794660851899,3.0,3.0,1,0.75,5.35,0.0,0.0,0,0.00269320843091334,0.0,0.0,0.00269320843091334,0.015778955175596396,7.0,5.35,9.294525038510733,sim_input.json
71,2,4,<bidder.IntegralGreedyBidder object at 0x0000028086D3FC18>,5,True,24,2.8153860855088597,4.0,4.0,0.75,0.6,5.35,0.0,0.0,0,0.0010473588342440768,0.0,0.0,0.0010473588342440768,0.002948719488465554,7.0,5.35,9.294525038510733,sim_input.json
71,2,4,<bidder.IntegralGreedyBidder object at 0x0000028086D3FC18>,5,True,25,4.8512376611201296,1.0,2.0,1,1,5.35,0.0,0.0,0,0.039101396478445676,0.0,0.0,0.039101396478445676,0.18969016719862566,7.0,5.35,9.294525038510733,sim_input.json
71,2,4,<bidder.IntegralGreedyBidder object at 0x0000028086D3FC18>,5,True,26,5.243695618972653,1.0,1.0,1,1,5.35,0.0,0.0,0,0.07540983606557379,0.0,0.0,0.07540983606557379,0.39542622700449526,7.0,5.35,9.294525038510733,sim_input.json
71,2,4,<bidder.IntegralGreedyBidder object at 0x0000028086D3FC18>,5,True,27,2.9320149071084463,0.0,0.0,1,1,5.35,0.0,0.0,0,0.11311475409836069,0.0,0.0,0.11311475409836069,0.3316541452302998,7.0,5.35,9.294525038510733,sim_input.json
71,2,4,<bidder.IntegralGreedyBidder object at 0x0000028086D3FC18>,5,True,28,2.7548681425444075,3.0,4.0,0.75,0.75,5.35,0.0,0.0,0,0.0030672651574290984,0.0,0.0,0.0030672651574290984,0.00844991106693788,7.0,5.35,9.294525038510733,sim_input.json
71,2,4,<bidder.IntegralGreedyBidder object at 0x0000028086D3FC18>,5,True,29,7.081413686691462,2.0,3.0,1,1,5.35,0.0,0.0,0,0.00139647844565878,0.0,0.0,0.00139647844565878,0.009889041578257705,7.0,5.35,9.294525038510733,sim_input.json
71,2,4,<bidder.IntegralGreedyBidder object at 0x0000028086D3FC18>,5,True,30,2.5607042941407734,4.0,4.0,0.75,0.6,5.35,0.0,0.0,0,0.0010473588342440768,0.0,0.0,0.0010473588342440768,0.002681976264355082,7.0,5.35,9.294525038510733,sim_input.json
71,2,4,<bidder.IntegralGreedyBidder object at 0x0000028086D3FC18>,5,True,31,2.4314870508931516,3.0,4.0,0.75,0.75,5.35,0.0,0.0,0,0.0,0.0,0.0,0.0,0.0,7.0,5.35,9.294525038510733,sim_input.json
71,2,4,<bidder.IntegralGreedyBidder object at 0x0000028086D3FC18>,5,True,32,1.904593736409363,4.0,4.0,0.75,0.6,5.35,0.0,0.0,0,0.0020947176684881536,0.0,0.0,0.0020947176684881536,0.003989586150948562,7.0,5.35,9.294525038510733,sim_input.json
71,2,4,<bidder.IntegralGreedyBidder object at 0x0000028086D3FC18>,5,True,33,5.37007259264627,2.0,2.0,1,1,5.35,0.0,0.0,0,0.037704918032786895,0.0,0.0,0.037704918032786895,0.20247814693584304,7.0,5.35,9.294525038510733,sim_input.json
71,2,4,<bidder.IntegralGreedyBidder object at 0x0000028086D3FC18>,5,True,34,3.218045110988003,4.0,4.0,0.75,0.6,5.35,0.0,0.0,0,0.0,0.0,0.0,0.0,0.0,7.0,5.35,9.294525038510733,sim_input.json
71,2,4,<bidder.IntegralGreedyBidder object at 0x0000028086D3FC18>,5,True,35,2.9336809804496182,4.0,4.0,0.75,0.6,5.35,0.0,0.0,0,0.0030672651574290984,0.0,0.0,0.0030672651574290984,0.008998377454345551,7.0,5.35,9.294525038510733,sim_input.json
71,2,4,<bidder.IntegralGreedyBidder object at 0x0000028086D3FC18>,5,True,36,2.2510355140447142,3.0,3.0,1,0.75,5.35,0.0,0.0,0,0.004189435336976324,0.0,0.0,0.004189435336976324,0.00943056772732759,7.0,5.35,9.294525038510733,sim_input.json
71,2,4,<bidder.IntegralGreedyBidder object at 0x0000028086D3FC18>,5,True,37,5.838284291507506,6.0,6.0,0.5,0.42857142857142855,5.35,0.0,0.0,0,0.002648493603835617,0.0,0.0,0.002648493603835617,0.015462658603431587,7.0,5.35,9.294525038510733,sim_input.json
71,2,4,<bidder.IntegralGreedyBidder object at 0x0000028086D3FC18>,5,True,38,6.48898320614098,3.0,3.0,1,0.75,5.35,0.0,0.0,0,0.00139647844565878,0.0,0.0,0.00139647844565878,0.009061725181617684,7.0,5.35,9.294525038510733,sim_input.json
71,2,4,<bidder.IntegralGreedyBidder object at 0x0000028086D3FC18>,5,True,39,3.7153282775882426,3.0,3.0,1,0.75,5.35,0.0,0.0,0,0.0,0.0,0.0,0.0,0.0,7.0,5.35,9.294525038510733,sim_input.json
71,2,4,<bidder.IntegralGreedyBidder object at 0x0000028086D3FC18>,5,True,40,7.744860470938704,4.0,4.0,0.75,0.6,5.35,0.0,0.0,0,0.004114623991673175,0.0,0.0,0.004114623991673175,0.0318671887058856,7.0,5.35,9.294525038510733,sim_input.json
71,2,4,<bidder.IntegralGreedyBidder object at 0x0000028086D3FC18>,5,True,41,7.10387395394767,1.0,1.0,1,1,5.35,0.0,0.0,0,0.07540983606557379,0.0,0.0,0.07540983606557379,0.5357019702976933,7.0,5.35,9.294525038510733,sim_input.json
71,2,4,<bidder.IntegralGreedyBidder object at 0x0000028086D3FC18>,5,True,42,7.231438964259559,3.0,4.0,0.75,0.75,5.35,0.0,0.0,0,0.0029253815715093233,0.0,0.0,0.0029253815715093233,0.02115471828153938,7.0,5.35,9.294525038510733,sim_input.json
71,2,4,<bidder.IntegralGreedyBidder object at 0x0000028086D3FC18>,5,True,43,5.951084944240083,4.0,4.0,0.75,0.6,5.35,0.0,0.0,0,0.0,0.0,0.0,0.0,0.0,7.0,5.35,9.294525038510733,sim_input.json
71,2,4,<bidder.IntegralGreedyBidder object at 0x0000028086D3FC18>,5,True,44,5.399200740117754,3.0,3.0,1,0.75,5.35,0.0,0.0,0,0.0052969872076712166,0.0,0.0,0.0052969872076712166,0.02859949725205271,7.0,5.35,9.294525038510733,sim_input.json
71,2,4,<bidder.IntegralGreedyBidder object at 0x0000028086D3FC18>,5,True,45,4.8634449998191895,1.0,1.0,1,1,5.35,0.0,0.0,0,0.07540983606557379,0.0,0.0,0.07540983606557379,0.3667515901502996,7.0,5.35,9.294525038510733,sim_input.json
71,2,4,<bidder.IntegralGreedyBidder object at 0x0000028086D3FC18>,5,True,46,4.8511827475052085,0.0,0.0,1,1,5.35,0.0,0.0,0,0.11311475409836069,0.0,0.0,0.11311475409836069,0.5487403435702615,7.0,5.35,9.294525038510733,sim_input.json
71,2,4,<bidder.IntegralGreedyBidder object at 0x0000028086D3FC18>,5,True,47,1.6553284617285122,4.0,4.0,0.75,0.6,5.35,0.0,0.0,0,0.0020947176684881536,0.0,0.0,0.0020947176684881536,0.003467445775934031,7.0,5.35,9.294525038510733,sim_input.json
71,2,4,<bidder.IntegralGreedyBidder object at 0x0000028086D3FC18>,5,True,48,6.592341936800601,2.0,2.0,1,1,5.35,0.0,0.0,0,0.037704918032786895,0.0,0.0,0.037704918032786895,0.24856371237117025,7.0,5.35,9.294525038510733,sim_input.json
71,2,4,<bidder.IntegralGreedyBidder object at 0x0000028086D3FC18>,5,True,49,3.638223897560707,3.0,3.0,1,0.75,5.35,0.0,0.0,0,0.0039005087620124367,0.0,0.0,0.0039005087620124367,0.014190924190598576,7.0,5.35,9.294525038510733,sim_input.json
71,2,4,<bidder.IntegralGreedyBidder object at 0x0000028086D3FC18>,5,True,50,7.294821838878862,0.0,1.0,1,1,5.35,0.0,0.0,0,0.07810304449648713,0.0,0.0,0.07810304449648713,0.5697477946759018,7.0,5.35,9.294525038510733,sim_input.json
71,2,4,<bidder.IntegralGreedyBidder object at 0x0000028086D3FC18>,5,True,51,0.5503759195994135,4.0,4.0,0.75,0.75,5.35,1.0,1.0,1,0.7529253815715093,0.75,0.75,0.7529253815715093,0.41439199927215875,7.0,5.35,9.294525038510733,sim_input.json
71,2,5,<bidder.UniformBidder object at 0x0000028086D3F4A8>,5,True,0,0.18368193926799636,6.0,6.0,0.5,0.5,3.75,1.0,1.0,1,0.5032201405152225,0.5,0.5,0.5032201405152225,0.09243245128854968,5.0,3.75,13.683859399560673,sim_input.json
71,2,5,<bidder.UniformBidder object at 0x0000028086D3F4A8>,5,True,1,5.265467012804321,1.0,1.0,1,1,3.75,0.0,0.0,0,0.18965517241379312,0.0,0.0,0.18965517241379312,0.9986230541525438,5.0,3.75,13.683859399560673,sim_input.json
71,2,5,<bidder.UniformBidder object at 0x0000028086D3F4A8>,5,True,2,1.6521816394467908,4.0,4.0,0.75,0.6,3.75,0.0,0.0,0,0.007334764506895668,0.0,0.0,0.007334764506895668,0.012118363247959018,5.0,3.75,13.683859399560673,sim_input.json
71,2,5,<bidder.UniformBidder object at 0x0000028086D3F4A8>,5,True,3,1.8984128859514506,3.0,3.0,1,0.75,3.75,0.0,0.0,0,0.0,0.0,0.0,0.0,0.0,5.0,3.75,13.683859399560673,sim_input.json
71,2,5,<bidder.UniformBidder object at 0x0000028086D3F4A8>,5,True,4,1.5928006711185954,5.0,5.0,0.6,0.5,3.75,0.0,0.0,0,0.0,0.0,0.0,0.0,0.0,5.0,3.75,13.683859399560673,sim_input.json
71,2,5,<bidder.UniformBidder object at 0x0000028086D3F4A8>,5,True,5,4.910524642025561,3.0,3.0,1,0.75,3.75,0.0,0.0,0,0.0064402810304449425,0.0,0.0,0.0064402810304449425,0.031625158701569664,5.0,3.75,13.683859399560673,sim_input.json
71,2,5,<bidder.UniformBidder object at 0x0000028086D3F4A8>,5,True,6,5.851221219861574,0.0,1.0,1,1,3.75,0.0,0.0,0,0.1836672738312083,0.0,0.0,0.1836672738312083,1.0746778500352923,5.0,3.75,13.683859399560673,sim_input.json
71,2,5,<bidder.UniformBidder object at 0x0000028086D3F4A8>,5,True,7,2.425461708816071,3.0,3.0,1,0.75,3.75,0.0,0.0,0,0.0,0.0,0.0,0.0,0.0,5.0,3.75,13.683859399560673,sim_input.json
71,2,5,<bidder.UniformBidder object at 0x0000028086D3F4A8>,5,True,8,0.3917863648925538,2.0,2.0,1,1,3.75,1.0,1.0,1,1.0,1.0,1.0,1.0,0.3917863648925538,5.0,3.75,13.683859399560673,sim_input.json
71,2,5,<bidder.UniformBidder object at 0x0000028086D3F4A8>,5,True,9,0.9732976995381614,4.0,4.0,0.75,0.6,3.75,0.0,0.0,0,0.004830210772833746,0.0,0.0,0.004830210772833746,0.00470123303348353,5.0,3.75,13.683859399560673,sim_input.json
71,2,5,<bidder.UniformBidder object at 0x0000028086D3F4A8>,5,True,10,4.502108511790775,2.0,3.0,1,1,3.75,0.0,0.0,0,0.0064402810304449425,0.0,0.0,0.0064402810304449425,0.02899484404549084,5.0,3.75,13.683859399560673,sim_input.json
71,2,5,<bidder.UniformBidder object at 0x0000028086D3F4A8>,5,True,11,6.501752943670571,2.0,2.0,1,1,3.75,0.0,0.0,0,0.09660421545667447,0.0,0.0,0.09660421545667447,0.6280967422164193,5.0,3.75,13.683859399560673,sim_input.json
71,2,5,<bidder.UniformBidder object at 0x0000028086D3F4A8>,5,True,12,5.693742696449023,3.0,3.0,1,0.75,3.75,0.0,0.0,0,0.0064402810304449425,0.0,0.0,0.0064402810304449425,0.03666930308017508,5.0,3.75,13.683859399560673,sim_input.json
71,2,5,<bidder.UniformBidder object at 0x0000028086D3F4A8>,5,True,13,4.612054077377796,6.0,6.0,0.5,0.42857142857142855,3.75,0.0,0.0,0,0.003339404978749256,0.0,0.0,0.003339404978749256,0.01540151634825622,5.0,3.75,13.683859399560673,sim_input.json
71,2,5,<bidder.UniformBidder object at 0x0000028086D3F4A8>,5,True,14,6.885860304604163,3.0,3.0,1,0.75,3.75,0.0,0.0,0,0.003339404978749256,0.0,0.0,0.003339404978749256,0.02299467618416701,5.0,3.75,13.683859399560673,sim_input.json
71,2,5,<bidder.UniformBidder object at 0x0000028086D3F4A8>,5,True,15,3.163271739340688,3.0,3.0,1,0.75,3.75,0.0,0.0,0,0.0064402810304449425,0.0,0.0,0.0064402810304449425,0.020372358977018414,5.0,3.75,13.683859399560673,sim_input.json
71,2,5,<bidder.UniformBidder object at 0x0000028086D3F4A8>,5,True,16,6.073940278733316,3.0,3.0,1,0.75,3.75,0.0,0.0,0,0.0,0.0,0.0,0.0,0.0,5.0,3.75,13.683859399560673,sim_input.json
71,2,5,<bidder.UniformBidder object at 0x0000028086D3F4A8>,5,True,17,0.8631078181268228,4.0,4.0,0.75,0.6,3.75,0.0,0.0,0,0.016834795911958144,0.0,0.0,0.016834795911958144,0.01453024396818055,5.0,3.75,13.683859399560673,sim_input.json
71,2,5,<bidder.UniformBidder object at 0x0000028086D3F4A8>,5,True,18,4.565711890652305,6.0,6.0,0.5,0.42857142857142855,3.75,0.0,0.0,0,0.011103932811112006,0.0,0.0,0.011103932811112006,0.050697358068698364,5.0,3.75,13.683859399560673,sim_input.json
71,2,5,<bidder.UniformBidder object at 0x0000028086D3F4A8>,5,True,19,1.770169100842498,2.0,2.0,1,1,3.75,0.0,0.0,0,0.09016393442622951,0.0,0.0,0.09016393442622951,0.15960541073170065,5.0,3.75,13.683859399560673,sim_input.json
71,2,5,<bidder.UniformBidder object at 0x0000028086D3F4A8>,5,True,20,2.9082035739053516,1.0,1.0,1,1,3.75,0.0,0.0,0,0.18032786885245902,0.0,0.0,0.18032786885245902,0.5244301526714569,5.0,3.75,13.683859399560673,sim_input.json
71,2,5,<bidder.UniformBidder object at 0x0000028086D3F4A8>,5,True,21,6.1801628805591955,1.0,1.0,1,1,3.75,0.0,0.0,0,0.18032786885245902,0.0,0.0,0.18032786885245902,1.114455601412314,5.0,3.75,13.683859399560673,sim_input.json
71,2,5,<bidder.UniformBidder object at 0x0000028086D3F4A8>,5,True,22,1.9585843281420683,3.0,3.0,1,0.75,3.75,0.0,0.0,0,0.015767584591779068,0.0,0.0,0.015767584591779068,0.030882144074112834,5.0,3.75,13.683859399560673,sim_input.json
71,2,5,<bidder.UniformBidder object at 0x0000028086D3F4A8>,5,True,23,2.186930655782076,3.0,3.0,1,0.75,3.75,0.0,0.0,0,0.0064402810304449425,0.0,0.0,0.0064402810304449425,0.014084448017331823,5.0,3.75,13.683859399560673,sim_input.json
71,2,5,<bidder.UniformBidder object at 0x0000028086D3F4A8>,5,True,24,0.6889675214134975,4.0,4.0,0.75,0.75,3.75,1.0,1.0,1,0.7525045537340619,0.75,0.75,0.7525045537340619,0.5184511972385266,5.0,3.75,13.683859399560673,sim_input.json
71,2,5,<bidder.UniformBidder object at 0x0000028086D3F4A8>,5,True,25,5.4120826711437955,1.0,2.0,1,1,3.75,0.0,0.0,0,0.09350333940497876,0.0,0.0,0.09350333940497876,0.5060478028877624,5.0,3.75,13.683859399560673,sim_input.json
71,2,5,<bidder.UniformBidder object at 0x0000028086D3F4A8>,5,True,26,2.3932979734301014,1.0,1.0,1,1,3.75,0.0,0.0,0,0.18032786885245902,0.0,0.0,0.18032786885245902,0.4315783230775593,5.0,3.75,13.683859399560673,sim_input.json
71,2,5,<bidder.UniformBidder object at 0x0000028086D3F4A8>,5,True,27,3.190986983065244,0.0,0.0,1,1,3.75,0.0,0.0,0,0.27049180327868855,0.0,0.0,0.27049180327868855,0.8631358232881399,5.0,3.75,13.683859399560673,sim_input.json
71,2,5,<bidder.UniformBidder object at 0x0000028086D3F4A8>,5,True,28,1.071064716752674,3.0,4.0,0.75,0.75,3.75,0.0,0.0,0,0.007334764506895668,0.0,0.0,0.007334764506895668,0.007856007469025775,5.0,3.75,13.683859399560673,sim_input.json
71,2,5,<bidder.UniformBidder object at 0x0000028086D3F4A8>,5,True,29,2.8096323635982143,2.0,3.0,1,1,3.75,0.0,0.0,0,0.003339404978749256,0.0,0.0,0.003339404978749256,0.009382500303454916,5.0,3.75,13.683859399560673,sim_input.json
71,2,5,<bidder.UniformBidder object at 0x0000028086D3F4A8>,5,True,30,3.1358007272200465,4.0,4.0,0.75,0.6,3.75,0.0,0.0,0,0.002504553734061922,0.0,0.0,0.002504553734061922,0.007853781420633059,5.0,3.75,13.683859399560673,sim_input.json
71,2,5,<bidder.UniformBidder object at 0x0000028086D3F4A8>,5,True,31,4.567337008594841,3.0,4.0,0.75,0.75,3.75,0.0,0.0,0,0.0,0.0,0.0,0.0,0.0,5.0,3.75,13.683859399560673,sim_input.json
71,2,5,<bidder.UniformBidder object at 0x0000028086D3F4A8>,5,True,32,4.016941760336675,4.0,4.0,0.75,0.6,3.75,0.0,0.0,0,0.005009107468123844,0.0,0.0,0.005009107468123844,0.020121292970720978,5.0,3.75,13.683859399560673,sim_input.json
71,2,5,<bidder.UniformBidder object at 0x0000028086D3F4A8>,5,True,33,3.5932248959184614,2.0,2.0,1,1,3.75,0.0,0.0,0,0.09016393442622951,0.0,0.0,0.09016393442622951,0.32397929389428753,5.0,3.75,13.683859399560673,sim_input.json
71,2,5,<bidder.UniformBidder object at 0x0000028086D3F4A8>,5,True,34,1.2950435601295696,4.0,4.0,0.75,0.6,3.75,0.0,0.0,0,0.0,0.0,0.0,0.0,0.0,5.0,3.75,13.683859399560673,sim_input.json
71,2,5,<bidder.UniformBidder object at 0x0000028086D3F4A8>,5,True,35,7.575054604078642,4.0,4.0,0.75,0.6,3.75,0.0,0.0,0,0.007334764506895668,0.0,0.0,0.007334764506895668,0.05556124164779264,5.0,3.75,13.683859399560673,sim_input.json
71,2,5,<bidder.UniformBidder object at 0x0000028086D3F4A8>,5,True,36,4.087782218974354,3.0,3.0,1,0.75,3.75,0.0,0.0,0,0.010018214936247728,0.0,0.0,0.010018214936247728,0.040952280882256754,5.0,3.75,13.683859399560673,sim_input.json
71,2,5,<bidder.UniformBidder object at 0x0000028086D3F4A8>,5,True,37,0.6180527959613906,6.0,6.0,0.5,0.5,3.75,1.0,1.0,1,0.5063333542700417,0.5,0.5,0.5063333542700417,0.31294074529510857,5.0,3.75,13.683859399560673,sim_input.json
71,2,5,<bidder.UniformBidder object at 0x0000028086D3F4A8>,5,True,38,6.13689495791064,3.0,3.0,1,0.75,3.75,0.0,0.0,0,0.003339404978749256,0.0,0.0,0.003339404978749256,0.020493577576507997,5.0,3.75,13.683859399560673,sim_input.json
71,2,5,<bidder.UniformBidder object at 0x0000028086D3F4A8>,5,True,39,1.3509383186214396,3.0,3.0,1,0.75,3.75,0.0,0.0,0,0.0,0.0,0.0,0.0,0.0,5.0,3.75,13.683859399560673,sim_input.json
71,2,5,<bidder.UniformBidder object at 0x0000028086D3F4A8>,5,True,40,4.68706292024865,4.0,4.0,0.75,0.6,3.75,0.0,0.0,0,0.00983931824095759,0.0,0.0,0.00983931824095759,0.04611750368771849,5.0,3.75,13.683859399560673,sim_input.json
71,2,5,<bidder.UniformBidder object at 0x0000028086D3F4A8>,5,True,41,7.824217270358661,1.0,1.0,1,1,3.75,0.0,0.0,0,0.18032786885245902,0.0,0.0,0.18032786885245902,1.4109244258023814,5.0,3.75,13.683859399560673,sim_input.json
71,2,5,<bidder.UniformBidder object at 0x0000028086D3F4A8>,5,True,42,6.972410195114083,3.0,4.0,0.75,0.75,3.75,0.0,0.0,0,0.0069954776710005545,0.0,0.0,0.0069954776710005545,0.04877533983297719,5.0,3.75,13.683859399560673,sim_input.json
71,2,5,<bidder.UniformBidder object at 0x0000028086D3F4A8>,5,True,43,3.5161361656704937,4.0,4.0,0.75,0.6,3.75,0.0,0.0,0,0.0,0.0,0.0,0.0,0.0,5.0,3.75,13.683859399560673,sim_input.json
71,2,5,<bidder.UniformBidder object at 0x0000028086D3F4A8>,5,True,44,5.399227862430765,3.0,3.0,1,0.75,3.75,0.0,0.0,0,0.012666708540083341,0.0,0.0,0.012666708540083341,0.0683904456749077,5.0,3.75,13.683859399560673,sim_input.json
71,2,5,<bidder.UniformBidder object at 0x0000028086D3F4A8>,5,True,45,6.469284010931048,1.0,1.0,1,1,3.75,0.0,0.0,0,0.18032786885245902,0.0,0.0,0.18032786885245902,1.166592198692484,5.0,3.75,13.683859399560673,sim_input.json
71,2,5,<bidder.UniformBidder object at 0x0000028086D3F4A8>,5,True,46,3.5217855457309684,0.0,0.0,1,1,3.75,0.0,0.0,0,0.27049180327868855,0.0,0.0,0.27049180327868855,0.9526141230255899,5.0,3.75,13.683859399560673,sim_input.json
71,2,5,<bidder.UniformBidder object at 0x0000028086D3F4A8>,5,True,47,2.485296965769141,4.0,4.0,0.75,0.6,3.75,0.0,0.0,0,0.005009107468123844,0.0,0.0,0.005009107468123844,0.012449119591739733,5.0,3.75,13.683859399560673,sim_input.json
71,2,5,<bidder.UniformBidder object at 0x0000028086D3F4A8>,5,True,48,0.18033560900011292,2.0,2.0,1,1,3.75,1.0,1.0,1,1.0,1.0,1.0,1.0,0.18033560900011292,5.0,3.75,13.683859399560673,sim_input.json
71,2,5,<bidder.UniformBidder object at 0x0000028086D3F4A8>,5,True,49,1.0123701436986718,3.0,3.0,1,0.75,3.75,0.0,0.0,0,0.009327303561334085,0.0,0.0,0.009327303561334085,0.009442683646708921,5.0,3.75,13.683859399560673,sim_input.json
71,2,5,<bidder.UniformBidder object at 0x0000028086D3F4A8>,5,True,50,7.348536154903912,0.0,1.0,1,1,3.75,0.0,0.0,0,0.18676814988290397,0.0,0.0,0.18676814988290397,1.3724725019990327,5.0,3.75,13.683859399560673,sim_input.json
71,2,5,<bidder.UniformBidder object at 0x0000028086D3F4A8>,5,True,51,4.318833813623868,4.0,4.0,0.75,0.6,3.75,0.0,0.0,0,0.0069954776710005545,0.0,0.0,0.0069954776710005545,0.030212305507967944,5.0,3.75,13.683859399560673,sim_input.json
71,2,6,<bidder.UniformBidder object at 0x0000028086D3F5F8>,5,True,0,1.1664227615704832,6.0,6.0,0.5,0.42857142857142855,4.25,0.0,0.0,0,0.0029274004683840643,0.0,0.0,0.0029274004683840643,0.003414586538555266,5.0,4.0,11.340539280218447,sim_input.json
71,2,6,<bidder.UniformBidder object at 0x0000028086D3F5F8>,5,True,1,5.8006645273076485,1.0,1.0,1,1,4.25,0.0,0.0,0,0.17241379310344826,0.0,0.0,0.17241379310344826,1.0001145736737325,5.0,4.0,11.340539280218447,sim_input.json
71,2,6,<bidder.UniformBidder object at 0x0000028086D3F5F8>,5,True,2,1.5271983683736994,4.0,4.0,0.75,0.6,4.25,0.0,0.0,0,0.006667967733541516,0.0,0.0,0.006667967733541516,0.010183309443033077,5.0,4.0,11.340539280218447,sim_input.json
71,2,6,<bidder.UniformBidder object at 0x0000028086D3F5F8>,5,True,3,1.1831811687608722,3.0,3.0,1,0.75,4.25,0.0,0.0,0,0.0,0.0,0.0,0.0,0.0,5.0,4.0,11.340539280218447,sim_input.json
71,2,6,<bidder.UniformBidder object at 0x0000028086D3F5F8>,5,True,4,1.3692115498337063,5.0,5.0,0.6,0.5,4.25,0.0,0.0,0,0.0,0.0,0.0,0.0,0.0,5.0,4.0,11.340539280218447,sim_input.json
71,2,6,<bidder.UniformBidder object at 0x0000028086D3F5F8>,5,True,5,7.606223916387531,3.0,3.0,1,0.75,4.25,0.0,0.0,0,0.005854800936768129,0.0,0.0,0.005854800936768129,0.044532926910933864,5.0,4.0,11.340539280218447,sim_input.json
71,2,6,<bidder.UniformBidder object at 0x0000028086D3F5F8>,5,True,6,0.0,0.0,1.0,1,1,4.25,0.0,0.0,0,0.0,0.0,0.0,0.0,0.0,5.0,4.0,11.340539280218447,sim_input.json
71,2,6,<bidder.UniformBidder object at 0x0000028086D3F5F8>,5,True,7,3.664097501406115,3.0,3.0,1,0.75,4.25,0.0,0.0,0,0.0,0.0,0.0,0.0,0.0,5.0,4.0,11.340539280218447,sim_input.json
71,2,6,<bidder.UniformBidder object at 0x0000028086D3F5F8>,5,True,8,3.2601226837151875,2.0,2.0,1,1,4.25,0.0,0.0,0,0.08196721311475409,0.0,0.0,0.08196721311475409,0.26722317079632685,5.0,4.0,11.340539280218447,sim_input.json
71,2,6,<bidder.UniformBidder object at 0x0000028086D3F5F8>,5,True,9,1.4954164935300662,4.0,4.0,0.75,0.6,4.25,0.0,0.0,0,0.004391100702576133,0.0,0.0,0.004391100702576133,0.0065665244153838105,5.0,4.0,11.340539280218447,sim_input.json
71,2,6,<bidder.UniformBidder object at 0x0000028086D3F5F8>,5,True,10,0.0,2.0,3.0,1,1,4.25,0.0,0.0,0,0.0,0.0,0.0,0.0,0.0,5.0,4.0,11.340539280218447,sim_input.json
71,2,6,<bidder.UniformBidder object at 0x0000028086D3F5F8>,5,True,11,6.110195880012527,2.0,2.0,1,1,4.25,0.0,0.0,0,0.08782201405152223,0.0,0.0,0.08782201405152223,0.5366097084320134,5.0,4.0,11.340539280218447,sim_input.json
71,2,6,<bidder.UniformBidder object at 0x0000028086D3F5F8>,5,True,12,5.131437756520082,3.0,3.0,1,0.75,4.25,0.0,0.0,0,0.005854800936768129,0.0,0.0,0.005854800936768129,0.030043546583841122,5.0,4.0,11.340539280218447,sim_input.json
71,2,6,<bidder.UniformBidder object at 0x0000028086D3F5F8>,5,True,13,5.930423052991093,6.0,6.0,0.5,0.42857142857142855,4.25,0.0,0.0,0,0.003035822707953869,0.0,0.0,0.003035822707953869,0.018003712972043468,5.0,4.0,11.340539280218447,sim_input.json
71,2,6,<bidder.UniformBidder object at 0x0000028086D3F5F8>,5,True,14,6.981192417347684,3.0,3.0,1,0.75,4.25,0.0,0.0,0,0.003035822707953869,0.0,0.0,0.003035822707953869,0.02119366246917946,5.0,4.0,11.340539280218447,sim_input.json
71,2,6,<bidder.UniformBidder object at 0x0000028086D3F5F8>,5,True,15,3.754127844921003,3.0,3.0,1,0.75,4.25,0.0,0.0,0,0.005854800936768129,0.0,0.0,0.005854800936768129,0.021979671223190805,5.0,4.0,11.340539280218447,sim_input.json
71,2,6,<bidder.UniformBidder object at 0x0000028086D3F5F8>,5,True,16,7.5760105141499405,3.0,3.0,1,0.75,4.25,0.0,0.0,0,0.0,0.0,0.0,0.0,0.0,5.0,4.0,11.340539280218447,sim_input.json
71,2,6,<bidder.UniformBidder object at 0x0000028086D3F5F8>,5,True,17,1.8781156929750424,4.0,4.0,0.75,0.6,4.25,0.0,0.0,0,0.015304359919961949,0.0,0.0,0.015304359919961949,0.0287433585366188,5.0,4.0,11.340539280218447,sim_input.json
71,2,6,<bidder.UniformBidder object at 0x0000028086D3F5F8>,5,True,18,0.551650813212094,6.0,6.0,0.5,0.5,4.25,1.0,1.0,1,0.5100944843737382,0.5,0.5,0.5100944843737382,0.2813940371197764,5.0,4.0,11.340539280218447,sim_input.json
71,2,6,<bidder.UniformBidder object at 0x0000028086D3F5F8>,5,True,19,0.5265116096310908,2.0,2.0,1,1,4.25,1.0,1.0,1,1.0,1.0,1.0,1.0,0.5265116096310908,5.0,4.0,11.340539280218447,sim_input.json
71,2,6,<bidder.UniformBidder object at 0x0000028086D3F5F8>,5,True,20,3.788473771395787,1.0,1.0,1,1,4.25,0.0,0.0,0,0.16393442622950818,0.0,0.0,0.16393442622950818,0.6210612739993093,5.0,4.0,11.340539280218447,sim_input.json
71,2,6,<bidder.UniformBidder object at 0x0000028086D3F5F8>,5,True,21,1.518333423136788,1.0,1.0,1,1,4.25,0.0,0.0,0,0.16393442622950818,0.0,0.0,0.16393442622950818,0.24890711854701442,5.0,4.0,11.340539280218447,sim_input.json
71,2,6,<bidder.UniformBidder object at 0x0000028086D3F5F8>,5,True,22,7.331646151784916,3.0,3.0,1,0.75,4.25,0.0,0.0,0,0.014334167810708242,0.0,0.0,0.014334167810708242,0.1050930462684183,5.0,4.0,11.340539280218447,sim_input.json
71,2,6,<bidder.UniformBidder object at 0x0000028086D3F5F8>,5,True,23,2.6674799890289194,3.0,3.0,1,0.75,4.25,0.0,0.0,0,0.005854800936768129,0.0,0.0,0.005854800936768129,0.015617564338576754,5.0,4.0,11.340539280218447,sim_input.json
71,2,6,<bidder.UniformBidder object at 0x0000028086D3F5F8>,5,True,24,1.7316067836249374,4.0,4.0,0.75,0.6,4.25,0.0,0.0,0,0.002276867030965383,0.0,0.0,0.002276867030965383,0.003942638396231627,5.0,4.0,11.340539280218447,sim_input.json
71,2,6,<bidder.UniformBidder object at 0x0000028086D3F5F8>,5,True,25,2.962639112727776,1.0,2.0,1,1,4.25,0.0,0.0,0,0.08500303582270796,0.0,0.0,0.08500303582270796,0.25183331862895486,5.0,4.0,11.340539280218447,sim_input.json
71,2,6,<bidder.UniformBidder object at 0x0000028086D3F5F8>,5,True,26,4.816360552470227,1.0,1.0,1,1,4.25,0.0,0.0,0,0.16393442622950818,0.0,0.0,0.16393442622950818,0.7895673036836438,5.0,4.0,11.340539280218447,sim_input.json
71,2,6,<bidder.UniformBidder object at 0x0000028086D3F5F8>,5,True,27,5.0444895880217535,0.0,0.0,1,1,4.25,0.0,0.0,0,0.2459016393442623,0.0,0.0,0.2459016393442623,1.2404482593496116,5.0,4.0,11.340539280218447,sim_input.json
71,2,6,<bidder.UniformBidder object at 0x0000028086D3F5F8>,5,True,28,0.6958506487953531,3.0,4.0,0.75,1,4.25,1.0,1.0,1,0.7566679677335415,0.75,0.75,0.7566679677335415,0.5265278962700461,5.0,4.0,11.340539280218447,sim_input.json
71,2,6,<bidder.UniformBidder object at 0x0000028086D3F5F8>,5,True,29,1.4497248644199283,2.0,3.0,1,1,4.25,0.0,0.0,0,0.003035822707953869,0.0,0.0,0.003035822707953869,0.004401107663691362,5.0,4.0,11.340539280218447,sim_input.json
71,2,6,<bidder.UniformBidder object at 0x0000028086D3F5F8>,5,True,30,0.8229530317878327,4.0,4.0,0.75,0.75,4.25,1.0,1.0,1,0.7522768670309654,0.75,0.75,0.7522768670309654,0.6190885284669853,5.0,4.0,11.340539280218447,sim_input.json
71,2,6,<bidder.UniformBidder object at 0x0000028086D3F5F8>,5,True,31,1.9951782740667534,3.0,4.0,0.75,0.75,4.25,0.0,0.0,0,0.0,0.0,0.0,0.0,0.0,5.0,4.0,11.340539280218447,sim_input.json
71,2,6,<bidder.UniformBidder object at 0x0000028086D3F5F8>,5,True,32,6.4494395761304215,4.0,4.0,0.75,0.6,4.25,0.0,0.0,0,0.004553734061930766,0.0,0.0,0.004553734061930766,0.029369032678189425,5.0,4.0,11.340539280218447,sim_input.json
71,2,6,<bidder.UniformBidder object at 0x0000028086D3F5F8>,5,True,33,6.814580192873227,2.0,2.0,1,1,4.25,0.0,0.0,0,0.08196721311475409,0.0,0.0,0.08196721311475409,0.5585721469568219,5.0,4.0,11.340539280218447,sim_input.json
71,2,6,<bidder.UniformBidder object at 0x0000028086D3F5F8>,5,True,34,7.595490503309035,4.0,4.0,0.75,0.6,4.25,0.0,0.0,0,0.0,0.0,0.0,0.0,0.0,5.0,4.0,11.340539280218447,sim_input.json
71,2,6,<bidder.UniformBidder object at 0x0000028086D3F5F8>,5,True,35,0.0,4.0,4.0,0.75,0.6,4.25,0.0,0.0,0,0.0,0.0,0.0,0.0,0.0,5.0,4.0,11.340539280218447,sim_input.json
71,2,6,<bidder.UniformBidder object at 0x0000028086D3F5F8>,5,True,36,6.0382387885744215,3.0,3.0,1,0.75,4.25,0.0,0.0,0,0.009107468123861569,0.0,0.0,0.009107468123861569,0.05499306729120604,5.0,4.0,11.340539280218447,sim_input.json
71,2,6,<bidder.UniformBidder object at 0x0000028086D3F5F8>,5,True,37,0.0,6.0,6.0,0.5,0.42857142857142855,4.25,0.0,0.0,0,0.0,0.0,0.0,0.0,0.0,5.0,4.0,11.340539280218447,sim_input.json
71,2,6,<bidder.UniformBidder object at 0x0000028086D3F5F8>,5,True,38,0.0,3.0,3.0,1,0.75,4.25,0.0,0.0,0,0.0,0.0,0.0,0.0,0.0,5.0,4.0,11.340539280218447,sim_input.json
71,2,6,<bidder.UniformBidder object at 0x0000028086D3F5F8>,5,True,39,6.139758567417981,3.0,3.0,1,0.75,4.25,0.0,0.0,0,0.0,0.0,0.0,0.0,0.0,5.0,4.0,11.340539280218447,sim_input.json
71,2,6,<bidder.UniformBidder object at 0x0000028086D3F5F8>,5,True,40,2.6179792902974177,4.0,4.0,0.75,0.6,4.25,0.0,0.0,0,0.0089448347645069,0.0,0.0,0.0089448347645069,0.023417392168611443,5.0,4.0,11.340539280218447,sim_input.json
71,2,6,<bidder.UniformBidder object at 0x0000028086D3F5F8>,5,True,41,6.130875701691005,1.0,1.0,1,1,4.25,0.0,0.0,0,0.16393442622950818,0.0,0.0,0.16393442622950818,1.0050615904411484,5.0,4.0,11.340539280218447,sim_input.json
71,2,6,<bidder.UniformBidder object at 0x0000028086D3F5F8>,5,True,42,1.0112813846287065,3.0,4.0,0.75,0.75,4.25,0.0,0.0,0,0.0063595251554550486,0.0,0.0,0.0063595251554550486,0.006431269404789671,5.0,4.0,11.340539280218447,sim_input.json
71,2,6,<bidder.UniformBidder object at 0x0000028086D3F5F8>,5,True,43,0.0,4.0,4.0,0.75,0.6,4.25,0.0,0.0,0,0.0,0.0,0.0,0.0,0.0,5.0,4.0,11.340539280218447,sim_input.json
71,2,6,<bidder.UniformBidder object at 0x0000028086D3F5F8>,5,True,44,5.134829538283309,3.0,3.0,1,0.75,4.25,0.0,0.0,0,0.011515189581893947,0.0,0.0,0.011515189581893947,0.059128535604041264,5.0,4.0,11.340539280218447,sim_input.json
71,2,6,<bidder.UniformBidder object at 0x0000028086D3F5F8>,5,True,45,3.5919360188169676,1.0,1.0,1,1,4.25,0.0,0.0,0,0.16393442622950818,0.0,0.0,0.16393442622950818,0.5888419702978634,5.0,4.0,11.340539280218447,sim_input.json
71,2,6,<bidder.UniformBidder object at 0x0000028086D3F5F8>,5,True,46,0.0,0.0,0.0,1,1,4.25,0.0,0.0,0,0.0,0.0,0.0,0.0,0.0,5.0,4.0,11.340539280218447,sim_input.json
71,2,6,<bidder.UniformBidder object at 0x0000028086D3F5F8>,5,True,47,0.9079573961458457,4.0,4.0,0.75,0.6,4.25,0.0,0.0,0,0.004553734061930766,0.0,0.0,0.004553734061930766,0.0041345965216113036,5.0,4.0,11.340539280218447,sim_input.json
71,2,6,<bidder.UniformBidder object at 0x0000028086D3F5F8>,5,True,48,6.882721108488586,2.0,2.0,1,1,4.25,0.0,0.0,0,0.08196721311475409,0.0,0.0,0.08196721311475409,0.5641574679089004,5.0,4.0,11.340539280218447,sim_input.json
71,2,6,<bidder.UniformBidder object at 0x0000028086D3F5F8>,5,True,49,0.48494346541663835,3.0,3.0,1,1,4.25,1.0,1.0,1,1.0,1.0,1.0,1.0,0.48494346541663835,5.0,4.0,11.340539280218447,sim_input.json
71,2,6,<bidder.UniformBidder object at 0x0000028086D3F5F8>,5,True,50,4.293920583009846,0.0,1.0,1,1,4.25,0.0,0.0,0,0.1697892271662763,0.0,0.0,0.1697892271662763,0.7290614573026083,5.0,4.0,11.340539280218447,sim_input.json
71,2,6,<bidder.UniformBidder object at 0x0000028086D3F5F8>,5,True,51,1.482002765525708,4.0,4.0,0.75,0.6,4.25,0.0,0.0,0,0.0063595251554550486,0.0,0.0,0.0063595251554550486,0.00942483386781469,5.0,4.0,11.340539280218447,sim_input.json
71,2,7,<bidder.IntegralGreedyBidder object at 0x0000028086D3FF60>,5,True,0,0.8322245455653587,6.0,6.0,0.5,0.42857142857142855,5.75,0.0,0.0,0,0.0014637002341920322,0.0,0.0,0.0014637002341920322,0.0012181272622443732,6.0,5.25,7.093435880045521,sim_input.json
71,2,7,<bidder.IntegralGreedyBidder object at 0x0000028086D3FF60>,5,True,1,6.116902025068984,1.0,1.0,1,1,5.75,0.0,0.0,0,0.08620689655172413,0.0,0.0,0.08620689655172413,0.5273191400921537,6.0,5.25,7.093435880045521,sim_input.json
71,2,7,<bidder.IntegralGreedyBidder object at 0x0000028086D3FF60>,5,True,2,4.258299090184524,4.0,4.0,0.75,0.6,5.75,0.0,0.0,0,0.003333983866770758,0.0,0.0,0.003333983866770758,0.0141971004665598,6.0,5.25,7.093435880045521,sim_input.json
71,2,7,<bidder.IntegralGreedyBidder object at 0x0000028086D3FF60>,5,True,3,1.9937169530794092,3.0,3.0,1,0.75,5.75,0.0,0.0,0,0.0,0.0,0.0,0.0,0.0,6.0,5.25,7.093435880045521,sim_input.json
71,2,7,<bidder.IntegralGreedyBidder object at 0x0000028086D3FF60>,5,True,4,2.6499366701642475,5.0,5.0,0.6,0.5,5.75,0.0,0.0,0,0.0,0.0,0.0,0.0,0.0,6.0,5.25,7.093435880045521,sim_input.json
71,2,7,<bidder.IntegralGreedyBidder object at 0x0000028086D3FF60>,5,True,5,4.319182658756971,3.0,3.0,1,0.75,5.75,0.0,0.0,0,0.0029274004683840643,0.0,0.0,0.0029274004683840643,0.012643977338281485,6.0,5.25,7.093435880045521,sim_input.json
71,2,7,<bidder.IntegralGreedyBidder object at 0x0000028086D3FF60>,5,True,6,7.267556858997768,0.0,1.0,1,1,5.75,0.0,0.0,0,0.08348512446873102,0.0,0.0,0.08348512446873102,0.6067328889570085,6.0,5.25,7.093435880045521,sim_input.json
71,2,7,<bidder.IntegralGreedyBidder object at 0x0000028086D3FF60>,5,True,7,1.5028808714780482,3.0,3.0,1,0.75,5.75,0.0,0.0,0,0.0,0.0,0.0,0.0,0.0,6.0,5.25,7.093435880045521,sim_input.json
71,2,7,<bidder.IntegralGreedyBidder object at 0x0000028086D3FF60>,5,True,8,0.0,2.0,2.0,1,1,5.75,0.0,0.0,0,0.0,0.0,0.0,0.0,0.0,6.0,5.25,7.093435880045521,sim_input.json
71,2,7,<bidder.IntegralGreedyBidder object at 0x0000028086D3FF60>,5,True,9,0.0,4.0,4.0,0.75,0.6,5.75,0.0,0.0,0,0.0,0.0,0.0,0.0,0.0,6.0,5.25,7.093435880045521,sim_input.json
71,2,7,<bidder.IntegralGreedyBidder object at 0x0000028086D3FF60>,5,True,10,2.823987730216692,2.0,3.0,1,1,5.75,0.0,0.0,0,0.0029274004683840643,0.0,0.0,0.0029274004683840643,0.008266943004147194,6.0,5.25,7.093435880045521,sim_input.json
71,2,7,<bidder.IntegralGreedyBidder object at 0x0000028086D3FF60>,5,True,11,0.0,2.0,2.0,1,1,5.75,0.0,0.0,0,0.0,0.0,0.0,0.0,0.0,6.0,5.25,7.093435880045521,sim_input.json
71,2,7,<bidder.IntegralGreedyBidder object at 0x0000028086D3FF60>,5,True,12,6.132288288111681,3.0,3.0,1,0.75,5.75,0.0,0.0,0,0.0029274004683840643,0.0,0.0,0.0029274004683840643,0.017951663606884247,6.0,5.25,7.093435880045521,sim_input.json
71,2,7,<bidder.IntegralGreedyBidder object at 0x0000028086D3FF60>,5,True,13,0.9749204959063539,6.0,6.0,0.5,0.42857142857142855,5.75,0.0,0.0,0,0.0015179113539769344,0.0,0.0,0.0015179113539769344,0.001479842889961078,6.0,5.25,7.093435880045521,sim_input.json
71,2,7,<bidder.IntegralGreedyBidder object at 0x0000028086D3FF60>,5,True,14,6.763129442450643,3.0,3.0,1,0.75,5.75,0.0,0.0,0,0.0015179113539769344,0.0,0.0,0.0015179113539769344,0.010265830969111525,6.0,5.25,7.093435880045521,sim_input.json
71,2,7,<bidder.IntegralGreedyBidder object at 0x0000028086D3FF60>,5,True,15,7.792261083208176,3.0,3.0,1,0.75,5.75,0.0,0.0,0,0.0029274004683840643,0.0,0.0,0.0029274004683840643,0.022811068744754533,6.0,5.25,7.093435880045521,sim_input.json
71,2,7,<bidder.IntegralGreedyBidder object at 0x0000028086D3FF60>,5,True,16,6.782838844022485,3.0,3.0,1,0.75,5.75,0.0,0.0,0,0.0,0.0,0.0,0.0,0.0,6.0,5.25,7.093435880045521,sim_input.json
71,2,7,<bidder.IntegralGreedyBidder object at 0x0000028086D3FF60>,5,True,17,1.5434405573955985,4.0,4.0,0.75,0.6,5.75,0.0,0.0,0,0.007652179959980974,0.0,0.0,0.007652179959980974,0.011810684902724463,6.0,5.25,7.093435880045521,sim_input.json
71,2,7,<bidder.IntegralGreedyBidder object at 0x0000028086D3FF60>,5,True,18,1.968510044627175,6.0,6.0,0.5,0.42857142857142855,5.75,0.0,0.0,0,0.005047242186869093,0.0,0.0,0.005047242186869093,0.009935546942517838,6.0,5.25,7.093435880045521,sim_input.json
71,2,7,<bidder.IntegralGreedyBidder object at 0x0000028086D3FF60>,5,True,19,7.770488285371339,2.0,2.0,1,1,5.75,0.0,0.0,0,0.040983606557377046,0.0,0.0,0.040983606557377046,0.3184626346463663,6.0,5.25,7.093435880045521,sim_input.json
71,2,7,<bidder.IntegralGreedyBidder object at 0x0000028086D3FF60>,5,True,20,4.93237701949538,1.0,1.0,1,1,5.75,0.0,0.0,0,0.08196721311475409,0.0,0.0,0.08196721311475409,0.40429319831929345,6.0,5.25,7.093435880045521,sim_input.json
71,2,7,<bidder.IntegralGreedyBidder object at 0x0000028086D3FF60>,5,True,21,0.0,1.0,1.0,1,1,5.75,0.0,0.0,0,0.0,0.0,0.0,0.0,0.0,6.0,5.25,7.093435880045521,sim_input.json
71,2,7,<bidder.IntegralGreedyBidder object at 0x0000028086D3FF60>,5,True,22,0.4400073669188742,3.0,3.0,1,1,5.75,1.0,1.0,1,1.0,1.0,1.0,1.0,0.4400073669188742,6.0,5.25,7.093435880045521,sim_input.json
71,2,7,<bidder.IntegralGreedyBidder object at 0x0000028086D3FF60>,5,True,23,0.6167372432945791,3.0,3.0,1,0.75,5.75,0.0,0.0,0,0.0029274004683840643,0.0,0.0,0.0029274004683840643,0.0018054368948904477,6.0,5.25,7.093435880045521,sim_input.json
71,2,7,<bidder.IntegralGreedyBidder object at 0x0000028086D3FF60>,5,True,24,1.5916134871314829,4.0,4.0,0.75,0.6,5.75,0.0,0.0,0,0.0011384335154826916,0.0,0.0,0.0011384335154826916,0.0018119461374447598,6.0,5.25,7.093435880045521,sim_input.json
71,2,7,<bidder.IntegralGreedyBidder object at 0x0000028086D3FF60>,5,True,25,2.704527821904406,1.0,2.0,1,1,5.75,0.0,0.0,0,0.04250151791135398,0.0,0.0,0.04250151791135398,0.11494653766442528,6.0,5.25,7.093435880045521,sim_input.json
71,2,7,<bidder.IntegralGreedyBidder object at 0x0000028086D3FF60>,5,True,26,0.5881556747653515,1.0,1.0,1,1,5.75,1.0,1.0,1,1.0,1.0,1.0,1.0,0.5881556747653515,6.0,5.25,7.093435880045521,sim_input.json
71,2,7,<bidder.IntegralGreedyBidder object at 0x0000028086D3FF60>,5,True,27,3.930190115516174,0.0,0.0,1,1,5.75,0.0,0.0,0,0.12295081967213115,0.0,0.0,0.12295081967213115,0.4832200961700214,6.0,5.25,7.093435880045521,sim_input.json
71,2,7,<bidder.IntegralGreedyBidder object at 0x0000028086D3FF60>,5,True,28,0.7656107147722929,3.0,4.0,0.75,0.75,5.75,0.0,0.0,0,0.003333983866770758,0.0,0.0,0.003333983866770758,0.002552533771277653,6.0,5.25,7.093435880045521,sim_input.json
71,2,7,<bidder.IntegralGreedyBidder object at 0x0000028086D3FF60>,5,True,29,0.7268206560279129,2.0,3.0,1,1,5.75,0.0,0.0,0,0.0015179113539769344,0.0,0.0,0.0015179113539769344,0.001103249326089733,6.0,5.25,7.093435880045521,sim_input.json
71,2,7,<bidder.IntegralGreedyBidder object at 0x0000028086D3FF60>,5,True,30,6.892795458188118,4.0,4.0,0.75,0.6,5.75,0.0,0.0,0,0.0011384335154826916,0.0,0.0,0.0011384335154826916,0.00784698936496823,6.0,5.25,7.093435880045521,sim_input.json
71,2,7,<bidder.IntegralGreedyBidder object at 0x0000028086D3FF60>,5,True,31,0.37940666161382597,3.0,4.0,0.75,1,5.75,1.0,1.0,1,0.75,0.75,0.75,0.75,0.2845549962103695,6.0,5.25,7.093435880045521,sim_input.json
71,2,7,<bidder.IntegralGreedyBidder object at 0x0000028086D3FF60>,5,True,32,4.9369648679482845,4.0,4.0,0.75,0.6,5.75,0.0,0.0,0,0.002276867030965383,0.0,0.0,0.002276867030965383,0.011240812540865815,6.0,5.25,7.093435880045521,sim_input.json
71,2,7,<bidder.IntegralGreedyBidder object at 0x0000028086D3FF60>,5,True,33,3.926515362770542,2.0,2.0,1,1,5.75,0.0,0.0,0,0.040983606557377046,0.0,0.0,0.040983606557377046,0.1609227607692845,6.0,5.25,7.093435880045521,sim_input.json
71,2,7,<bidder.IntegralGreedyBidder object at 0x0000028086D3FF60>,5,True,34,4.374340535308233,4.0,4.0,0.75,0.6,5.75,0.0,0.0,0,0.0,0.0,0.0,0.0,0.0,6.0,5.25,7.093435880045521,sim_input.json
71,2,7,<bidder.IntegralGreedyBidder object at 0x0000028086D3FF60>,5,True,35,7.84418020397049,4.0,4.0,0.75,0.6,5.75,0.0,0.0,0,0.003333983866770758,0.0,0.0,0.003333983866770758,0.02615237024808017,6.0,5.25,7.093435880045521,sim_input.json
71,2,7,<bidder.IntegralGreedyBidder object at 0x0000028086D3FF60>,5,True,36,1.72691082431216,3.0,3.0,1,0.75,5.75,0.0,0.0,0,0.0045537340619307845,0.0,0.0,0.0045537340619307845,0.007863892642587252,6.0,5.25,7.093435880045521,sim_input.json
71,2,7,<bidder.IntegralGreedyBidder object at 0x0000028086D3FF60>,5,True,37,0.7366006492993412,6.0,6.0,0.5,0.42857142857142855,5.75,0.0,0.0,0,0.0028787973954734957,0.0,0.0,0.0028787973954734957,0.0021205240307070293,6.0,5.25,7.093435880045521,sim_input.json
71,2,7,<bidder.IntegralGreedyBidder object at 0x0000028086D3FF60>,5,True,38,0.7786076332243672,3.0,3.0,1,0.75,5.75,0.0,0.0,0,0.0015179113539769344,0.0,0.0,0.0015179113539769344,0.0011818573667643755,6.0,5.25,7.093435880045521,sim_input.json
71,2,7,<bidder.IntegralGreedyBidder object at 0x0000028086D3FF60>,5,True,39,2.631485779300926,3.0,3.0,1,0.75,5.75,0.0,0.0,0,0.0,0.0,0.0,0.0,0.0,6.0,5.25,7.093435880045521,sim_input.json
71,2,7,<bidder.IntegralGreedyBidder object at 0x0000028086D3FF60>,5,True,40,0.9617027687681754,4.0,4.0,0.75,0.6,5.75,0.0,0.0,0,0.00447241738225345,0.0,0.0,0.00447241738225345,0.004301136179600058,6.0,5.25,7.093435880045521,sim_input.json
71,2,7,<bidder.IntegralGreedyBidder object at 0x0000028086D3FF60>,5,True,41,6.061796571888557,1.0,1.0,1,1,5.75,0.0,0.0,0,0.08196721311475409,0.0,0.0,0.08196721311475409,0.4968685714662751,6.0,5.25,7.093435880045521,sim_input.json
71,2,7,<bidder.IntegralGreedyBidder object at 0x0000028086D3FF60>,5,True,42,0.2408608161109681,3.0,4.0,0.75,1,5.75,1.0,1.0,1,0.7531797625777276,0.75,0.75,0.7531797625777276,0.18141149229273665,6.0,5.25,7.093435880045521,sim_input.json
71,2,7,<bidder.IntegralGreedyBidder object at 0x0000028086D3FF60>,5,True,43,0.14454156733655688,4.0,4.0,0.75,0.75,5.75,1.0,1.0,1,0.75,0.75,0.75,0.75,0.10840617550241766,6.0,5.25,7.093435880045521,sim_input.json
71,2,7,<bidder.IntegralGreedyBidder object at 0x0000028086D3FF60>,5,True,44,1.3908061925022384,3.0,3.0,1,0.75,5.75,0.0,0.0,0,0.005757594790946973,0.0,0.0,0.005757594790946973,0.008007698489167681,6.0,5.25,7.093435880045521,sim_input.json
71,2,7,<bidder.IntegralGreedyBidder object at 0x0000028086D3FF60>,5,True,45,3.679357886724361,1.0,1.0,1,1,5.75,0.0,0.0,0,0.08196721311475409,0.0,0.0,0.08196721311475409,0.30158671202658693,6.0,5.25,7.093435880045521,sim_input.json
71,2,7,<bidder.IntegralGreedyBidder object at 0x0000028086D3FF60>,5,True,46,7.6493047377690715,0.0,0.0,1,1,5.75,0.0,0.0,0,0.12295081967213115,0.0,0.0,0.12295081967213115,0.9404882874306235,6.0,5.25,7.093435880045521,sim_input.json
71,2,7,<bidder.IntegralGreedyBidder object at 0x0000028086D3FF60>,5,True,47,0.6859058503988842,4.0,4.0,0.75,0.6,5.75,0.0,0.0,0,0.002276867030965383,0.0,0.0,0.002276867030965383,0.0015617164171194938,6.0,5.25,7.093435880045521,sim_input.json
71,2,7,<bidder.IntegralGreedyBidder object at 0x0000028086D3FF60>,5,True,48,0.0,2.0,2.0,1,1,5.75,0.0,0.0,0,0.0,0.0,0.0,0.0,0.0,6.0,5.25,7.093435880045521,sim_input.json
71,2,7,<bidder.IntegralGreedyBidder object at 0x0000028086D3FF60>,5,True,49,0.5153989845329688,3.0,3.0,1,1,5.75,1.0,1.0,1,1.0,1.0,1.0,1.0,0.5153989845329688,6.0,5.25,7.093435880045521,sim_input.json
71,2,7,<bidder.IntegralGreedyBidder object at 0x0000028086D3FF60>,5,True,50,4.929780328357921,0.0,1.0,1,1,5.75,0.0,0.0,0,0.08489461358313816,0.0,0.0,0.08489461358313816,0.41851179602570165,6.0,5.25,7.093435880045521,sim_input.json
71,2,7,<bidder.IntegralGreedyBidder object at 0x0000028086D3FF60>,5,True,51,4.408384706612567,4.0,4.0,0.75,0.6,5.75,0.0,0.0,0,0.0031797625777275243,0.0,0.0,0.0031797625777275243,0.014017616718312973,6.0,5.25,7.093435880045521,sim_input.json
71,2,8,<bidder.UniformBidder object at 0x0000028086D3FEF0>,5,True,0,3.4638643938506384,6.0,6.0,0.5,0.42857142857142855,4.25,0.0,0.0,0,0.0026346604215456582,0.0,0.0,0.0026346604215456582,0.009126106424079518,5.0,4.25,11.587929226400728,sim_input.json
71,2,8,<bidder.UniformBidder object at 0x0000028086D3FEF0>,5,True,1,4.978681513221737,1.0,1.0,1,1,4.25,0.0,0.0,0,0.15517241379310345,0.0,0.0,0.15517241379310345,0.7725540279137179,5.0,4.25,11.587929226400728,sim_input.json
71,2,8,<bidder.UniformBidder object at 0x0000028086D3FEF0>,5,True,2,2.8666987416348744,4.0,4.0,0.75,0.6,4.25,0.0,0.0,0,0.006001170960187365,0.0,0.0,0.006001170960187365,0.01720354923990487,5.0,4.25,11.587929226400728,sim_input.json
71,2,8,<bidder.UniformBidder object at 0x0000028086D3FEF0>,5,True,3,4.103733589506909,3.0,3.0,1,0.75,4.25,0.0,0.0,0,0.0,0.0,0.0,0.0,0.0,5.0,4.25,11.587929226400728,sim_input.json
71,2,8,<bidder.UniformBidder object at 0x0000028086D3FEF0>,5,True,4,2.5476807361597467,5.0,5.0,0.6,0.5,4.25,0.0,0.0,0,0.0,0.0,0.0,0.0,0.0,5.0,4.25,11.587929226400728,sim_input.json
71,2,8,<bidder.UniformBidder object at 0x0000028086D3FEF0>,5,True,5,2.442025526192703,3.0,3.0,1,0.75,4.25,0.0,0.0,0,0.0052693208430913165,0.0,0.0,0.0052693208430913165,0.012867816004528248,5.0,4.25,11.587929226400728,sim_input.json
71,2,8,<bidder.UniformBidder object at 0x0000028086D3FEF0>,5,True,6,4.427718726554511,0.0,1.0,1,1,4.25,0.0,0.0,0,0.15027322404371585,0.0,0.0,0.15027322404371585,0.6653675681980823,5.0,4.25,11.587929226400728,sim_input.json
71,2,8,<bidder.UniformBidder object at 0x0000028086D3FEF0>,5,True,7,6.145951194026336,3.0,3.0,1,0.75,4.25,0.0,0.0,0,0.0,0.0,0.0,0.0,0.0,5.0,4.25,11.587929226400728,sim_input.json
71,2,8,<bidder.UniformBidder object at 0x0000028086D3FEF0>,5,True,8,7.913581829004537,2.0,2.0,1,1,4.25,0.0,0.0,0,0.07377049180327869,0.0,0.0,0.07377049180327869,0.5837888234511543,5.0,4.25,11.587929226400728,sim_input.json
71,2,8,<bidder.UniformBidder object at 0x0000028086D3FEF0>,5,True,9,0.9304634539869234,4.0,4.0,0.75,0.6,4.25,0.0,0.0,0,0.0039519906323185194,0.0,0.0,0.0039519906323185194,0.0036771828538710552,5.0,4.25,11.587929226400728,sim_input.json
71,2,8,<bidder.UniformBidder object at 0x0000028086D3FEF0>,5,True,10,7.6072106593402005,2.0,3.0,1,1,4.25,0.0,0.0,0,0.0052693208430913165,0.0,0.0,0.0052693208430913165,0.040084833685047755,5.0,4.25,11.587929226400728,sim_input.json
71,2,8,<bidder.UniformBidder object at 0x0000028086D3FEF0>,5,True,11,6.243894166238787,2.0,2.0,1,1,4.25,0.0,0.0,0,0.07903981264637001,0.0,0.0,0.07903981264637001,0.49351622508327647,5.0,4.25,11.587929226400728,sim_input.json
71,2,8,<bidder.UniformBidder object at 0x0000028086D3FEF0>,5,True,12,7.1724308074083885,3.0,3.0,1,0.75,4.25,0.0,0.0,0,0.0052693208430913165,0.0,0.0,0.0052693208430913165,0.0377938391491073,5.0,4.25,11.587929226400728,sim_input.json
71,2,8,<bidder.UniformBidder object at 0x0000028086D3FEF0>,5,True,13,0.0,6.0,6.0,0.5,0.42857142857142855,4.25,0.0,0.0,0,0.0,0.0,0.0,0.0,0.0,5.0,4.25,11.587929226400728,sim_input.json
71,2,8,<bidder.UniformBidder object at 0x0000028086D3FEF0>,5,True,14,2.783944065437799,3.0,3.0,1,0.75,4.25,0.0,0.0,0,0.002732240437158482,0.0,0.0,0.002732240437158482,0.007606404550376534,5.0,4.25,11.587929226400728,sim_input.json
71,2,8,<bidder.UniformBidder object at 0x0000028086D3FEF0>,5,True,15,4.659338932760552,3.0,3.0,1,0.75,4.25,0.0,0.0,0,0.0052693208430913165,0.0,0.0,0.0052693208430913165,0.024551551753422027,5.0,4.25,11.587929226400728,sim_input.json
71,2,8,<bidder.UniformBidder object at 0x0000028086D3FEF0>,5,True,16,0.0,3.0,3.0,1,0.75,4.25,0.0,0.0,0,0.0,0.0,0.0,0.0,0.0,5.0,4.25,11.587929226400728,sim_input.json
71,2,8,<bidder.UniformBidder object at 0x0000028086D3FEF0>,5,True,17,0.0,4.0,4.0,0.75,0.6,4.25,0.0,0.0,0,0.0,0.0,0.0,0.0,0.0,5.0,4.25,11.587929226400728,sim_input.json
71,2,8,<bidder.UniformBidder object at 0x0000028086D3FEF0>,5,True,18,6.703961672066081,6.0,6.0,0.5,0.42857142857142855,4.25,0.0,0.0,0,0.009085035936364368,0.0,0.0,0.009085035936364368,0.0609057327067297,5.0,4.25,11.587929226400728,sim_input.json
71,2,8,<bidder.UniformBidder object at 0x0000028086D3FEF0>,5,True,19,4.2704579074113935,2.0,2.0,1,1,4.25,0.0,0.0,0,0.07377049180327869,0.0,0.0,0.07377049180327869,0.3150337800549389,5.0,4.25,11.587929226400728,sim_input.json
71,2,8,<bidder.UniformBidder object at 0x0000028086D3FEF0>,5,True,20,2.51106954387557,1.0,1.0,1,1,4.25,0.0,0.0,0,0.14754098360655737,0.0,0.0,0.14754098360655737,0.37048567040787095,5.0,4.25,11.587929226400728,sim_input.json
71,2,8,<bidder.UniformBidder object at 0x0000028086D3FEF0>,5,True,21,2.3210903829739364,1.0,1.0,1,1,4.25,0.0,0.0,0,0.14754098360655737,0.0,0.0,0.14754098360655737,0.34245595814369556,5.0,4.25,11.587929226400728,sim_input.json
71,2,8,<bidder.UniformBidder object at 0x0000028086D3FEF0>,5,True,22,1.601820842889686,3.0,3.0,1,0.75,4.25,0.0,0.0,0,0.01290075102963742,0.0,0.0,0.01290075102963742,0.020664691888203798,5.0,4.25,11.587929226400728,sim_input.json
71,2,8,<bidder.UniformBidder object at 0x0000028086D3FEF0>,5,True,23,1.5223686136335957,3.0,3.0,1,0.75,4.25,0.0,0.0,0,0.0052693208430913165,0.0,0.0,0.0052693208430913165,0.008021848666687537,5.0,4.25,11.587929226400728,sim_input.json
71,2,8,<bidder.UniformBidder object at 0x0000028086D3FEF0>,5,True,24,1.1585439467677126,4.0,4.0,0.75,0.6,4.25,0.0,0.0,0,0.002049180327868845,0.0,0.0,0.002049180327868845,0.0023740654646879273,5.0,4.25,11.587929226400728,sim_input.json
71,2,8,<bidder.UniformBidder object at 0x0000028086D3FEF0>,5,True,25,1.3889303989513055,1.0,2.0,1,1,4.25,0.0,0.0,0,0.07650273224043717,0.0,0.0,0.07650273224043717,0.10625697041157531,5.0,4.25,11.587929226400728,sim_input.json
71,2,8,<bidder.UniformBidder object at 0x0000028086D3FEF0>,5,True,26,6.144466803117574,1.0,1.0,1,1,4.25,0.0,0.0,0,0.14754098360655737,0.0,0.0,0.14754098360655737,0.9065606758698059,5.0,4.25,11.587929226400728,sim_input.json
71,2,8,<bidder.UniformBidder object at 0x0000028086D3FEF0>,5,True,27,4.508590087216147,0.0,0.0,1,1,4.25,0.0,0.0,0,0.22131147540983606,0.0,0.0,0.22131147540983606,0.997802724219967,5.0,4.25,11.587929226400728,sim_input.json
71,2,8,<bidder.UniformBidder object at 0x0000028086D3FEF0>,5,True,28,5.13993464961999,3.0,4.0,0.75,0.75,4.25,0.0,0.0,0,0.006001170960187365,0.0,0.0,0.006001170960187365,0.030845626556560302,5.0,4.25,11.587929226400728,sim_input.json
71,2,8,<bidder.UniformBidder object at 0x0000028086D3FEF0>,5,True,29,3.6732310910195345,2.0,3.0,1,1,4.25,0.0,0.0,0,0.002732240437158482,0.0,0.0,0.002732240437158482,0.010036150521911341,5.0,4.25,11.587929226400728,sim_input.json
71,2,8,<bidder.UniformBidder object at 0x0000028086D3FEF0>,5,True,30,6.815250001300434,4.0,4.0,0.75,0.6,4.25,0.0,0.0,0,0.002049180327868845,0.0,0.0,0.002049180327868845,0.013965676232172972,5.0,4.25,11.587929226400728,sim_input.json
71,2,8,<bidder.UniformBidder object at 0x0000028086D3FEF0>,5,True,31,1.1636193305476206,3.0,4.0,0.75,0.75,4.25,0.0,0.0,0,0.0,0.0,0.0,0.0,0.0,5.0,4.25,11.587929226400728,sim_input.json
71,2,8,<bidder.UniformBidder object at 0x0000028086D3FEF0>,5,True,32,0.0,4.0,4.0,0.75,0.6,4.25,0.0,0.0,0,0.0,0.0,0.0,0.0,0.0,5.0,4.25,11.587929226400728,sim_input.json
71,2,8,<bidder.UniformBidder object at 0x0000028086D3FEF0>,5,True,33,0.42900638840413885,2.0,2.0,1,1,4.25,1.0,1.0,1,1.0,1.0,1.0,1.0,0.42900638840413885,5.0,4.25,11.587929226400728,sim_input.json
71,2,8,<bidder.UniformBidder object at 0x0000028086D3FEF0>,5,True,34,0.845522108817456,4.0,4.0,0.75,0.75,4.25,1.0,1.0,1,0.75,0.75,0.75,0.75,0.634141581613092,5.0,4.25,11.587929226400728,sim_input.json
71,2,8,<bidder.UniformBidder object at 0x0000028086D3FEF0>,5,True,35,1.30384917599592,4.0,4.0,0.75,0.6,4.25,0.0,0.0,0,0.006001170960187365,0.0,0.0,0.006001170960187365,0.00782462181145094,5.0,4.25,11.587929226400728,sim_input.json
71,2,8,<bidder.UniformBidder object at 0x0000028086D3FEF0>,5,True,36,7.776932898025709,3.0,3.0,1,0.75,4.25,0.0,0.0,0,0.008196721311475414,0.0,0.0,0.008196721311475414,0.06374535162316158,5.0,4.25,11.587929226400728,sim_input.json
71,2,8,<bidder.UniformBidder object at 0x0000028086D3FEF0>,5,True,37,0.9742959288669915,6.0,6.0,0.5,0.42857142857142855,4.25,0.0,0.0,0,0.005181835311852292,0.0,0.0,0.005181835311852292,0.005048641048396906,5.0,4.25,11.587929226400728,sim_input.json
71,2,8,<bidder.UniformBidder object at 0x0000028086D3FEF0>,5,True,38,0.9056749002782531,3.0,3.0,1,1,4.25,1.0,1.0,1,1.0,1.0,1.0,1.0,0.9056749002782531,5.0,4.25,11.587929226400728,sim_input.json
71,2,8,<bidder.UniformBidder object at 0x0000028086D3FEF0>,5,True,39,6.278597599675049,3.0,3.0,1,0.75,4.25,0.0,0.0,0,0.0,0.0,0.0,0.0,0.0,5.0,4.25,11.587929226400728,sim_input.json
71,2,8,<bidder.UniformBidder object at 0x0000028086D3FEF0>,5,True,40,1.5139044695200274,4.0,4.0,0.75,0.6,4.25,0.0,0.0,0,0.00805035128805621,0.0,0.0,0.00805035128805621,0.012187462796194606,5.0,4.25,11.587929226400728,sim_input.json
71,2,8,<bidder.UniformBidder object at 0x0000028086D3FEF0>,5,True,41,3.630973724675969,1.0,1.0,1,1,4.25,0.0,0.0,0,0.14754098360655737,0.0,0.0,0.14754098360655737,0.5357174347882577,5.0,4.25,11.587929226400728,sim_input.json
71,2,8,<bidder.UniformBidder object at 0x0000028086D3FEF0>,5,True,42,1.240254553799766,3.0,4.0,0.75,0.75,4.25,0.0,0.0,0,0.005723572639909544,0.0,0.0,0.005723572639909544,0.0070986870306515605,5.0,4.25,11.587929226400728,sim_input.json
71,2,8,<bidder.UniformBidder object at 0x0000028086D3FEF0>,5,True,43,0.9084847353267997,4.0,4.0,0.75,0.75,4.25,1.0,1.0,1,0.75,0.75,0.75,0.75,0.6813635514950998,5.0,4.25,11.587929226400728,sim_input.json
71,2,8,<bidder.UniformBidder object at 0x0000028086D3FEF0>,5,True,44,3.2366626963765492,3.0,3.0,1,0.75,4.25,0.0,0.0,0,0.010363670623704552,0.0,0.0,0.010363670623704552,0.03354370610527801,5.0,4.25,11.587929226400728,sim_input.json
71,2,8,<bidder.UniformBidder object at 0x0000028086D3FEF0>,5,True,45,2.502729562948682,1.0,1.0,1,1,4.25,0.0,0.0,0,0.14754098360655737,0.0,0.0,0.14754098360655737,0.369255181418658,5.0,4.25,11.587929226400728,sim_input.json
71,2,8,<bidder.UniformBidder object at 0x0000028086D3FEF0>,5,True,46,4.583669465644439,0.0,0.0,1,1,4.25,0.0,0.0,0,0.22131147540983606,0.0,0.0,0.22131147540983606,1.0144186522327856,5.0,4.25,11.587929226400728,sim_input.json
71,2,8,<bidder.UniformBidder object at 0x0000028086D3FEF0>,5,True,47,0.28864254584460136,4.0,4.0,0.75,0.75,4.25,1.0,1.0,1,0.7540983606557377,0.75,0.75,0.7540983606557377,0.21766487063691248,5.0,4.25,11.587929226400728,sim_input.json
71,2,8,<bidder.UniformBidder object at 0x0000028086D3FEF0>,5,True,48,7.829453320717219,2.0,2.0,1,1,4.25,0.0,0.0,0,0.07377049180327869,0.0,0.0,0.07377049180327869,0.5775826220201227,5.0,4.25,11.587929226400728,sim_input.json
71,2,8,<bidder.UniformBidder object at 0x0000028086D3FEF0>,5,True,49,1.2931689567964035,3.0,3.0,1,0.75,4.25,0.0,0.0,0,0.00763143018654607,0.0,0.0,0.00763143018654607,0.009868728613200364,5.0,4.25,11.587929226400728,sim_input.json
71,2,8,<bidder.UniformBidder object at 0x0000028086D3FEF0>,5,True,50,1.4496145637247504,0.0,1.0,1,1,4.25,0.0,0.0,0,0.1528103044496487,0.0,0.0,0.1528103044496487,0.22151604281742376,5.0,4.25,11.587929226400728,sim_input.json
71,2,8,<bidder.UniformBidder object at 0x0000028086D3FEF0>,5,True,51,1.5241009007994788,4.0,4.0,0.75,0.6,4.25,0.0,0.0,0,0.005723572639909544,0.0,0.0,0.005723572639909544,0.008723302216277387,5.0,4.25,11.587929226400728,sim_input.json
71,2,9,<bidder.IntegralGreedyBidder object at 0x0000028086D3FEB8>,5,True,0,0.911210477782575,6.0,6.0,0.5,0.42857142857142855,6.75,0.0,0.0,0,0.0,0.0,0.0,0.0,0.0,8.0,6.75,1.558208910513425,sim_input.json
71,2,9,<bidder.IntegralGreedyBidder object at 0x0000028086D3FEB8>,5,True,1,7.586192320334285,1.0,1.0,1,1,6.75,0.0,0.0,0,0.0,0.0,0.0,0.0,0.0,8.0,6.75,1.558208910513425,sim_input.json
71,2,9,<bidder.IntegralGreedyBidder object at 0x0000028086D3FEB8>,5,True,2,7.591884420903634,4.0,4.0,0.75,0.6,6.75,0.0,0.0,0,0.0,0.0,0.0,0.0,0.0,8.0,6.75,1.558208910513425,sim_input.json
71,2,9,<bidder.IntegralGreedyBidder object at 0x0000028086D3FEB8>,5,True,3,6.667389806648604,3.0,3.0,1,0.75,6.75,0.0,0.0,0,0.0,0.0,0.0,0.0,0.0,8.0,6.75,1.558208910513425,sim_input.json
71,2,9,<bidder.IntegralGreedyBidder object at 0x0000028086D3FEB8>,5,True,4,7.394317047948495,5.0,5.0,0.6,0.5,6.75,0.0,0.0,0,0.0,0.0,0.0,0.0,0.0,8.0,6.75,1.558208910513425,sim_input.json
71,2,9,<bidder.IntegralGreedyBidder object at 0x0000028086D3FEB8>,5,True,5,3.8428170141207634,3.0,3.0,1,0.75,6.75,0.0,0.0,0,0.0,0.0,0.0,0.0,0.0,8.0,6.75,1.558208910513425,sim_input.json
71,2,9,<bidder.IntegralGreedyBidder object at 0x0000028086D3FEB8>,5,True,6,3.0270185660358573,0.0,1.0,1,1,6.75,0.0,0.0,0,0.0,0.0,0.0,0.0,0.0,8.0,6.75,1.558208910513425,sim_input.json
71,2,9,<bidder.IntegralGreedyBidder object at 0x0000028086D3FEB8>,5,True,7,7.698378118710867,3.0,3.0,1,0.75,6.75,0.0,0.0,0,0.0,0.0,0.0,0.0,0.0,8.0,6.75,1.558208910513425,sim_input.json
71,2,9,<bidder.IntegralGreedyBidder object at 0x0000028086D3FEB8>,5,True,8,7.377769333644418,2.0,2.0,1,1,6.75,0.0,0.0,0,0.0,0.0,0.0,0.0,0.0,8.0,6.75,1.558208910513425,sim_input.json
71,2,9,<bidder.IntegralGreedyBidder object at 0x0000028086D3FEB8>,5,True,9,2.880796720187288,4.0,4.0,0.75,0.6,6.75,0.0,0.0,0,0.0,0.0,0.0,0.0,0.0,8.0,6.75,1.558208910513425,sim_input.json
71,2,9,<bidder.IntegralGreedyBidder object at 0x0000028086D3FEB8>,5,True,10,6.159588142663214,2.0,3.0,1,1,6.75,0.0,0.0,0,0.0,0.0,0.0,0.0,0.0,8.0,6.75,1.558208910513425,sim_input.json
71,2,9,<bidder.IntegralGreedyBidder object at 0x0000028086D3FEB8>,5,True,11,3.4346387810857424,2.0,2.0,1,1,6.75,0.0,0.0,0,0.0,0.0,0.0,0.0,0.0,8.0,6.75,1.558208910513425,sim_input.json
71,2,9,<bidder.IntegralGreedyBidder object at 0x0000028086D3FEB8>,5,True,12,2.1978402060703193,3.0,3.0,1,0.75,6.75,0.0,0.0,0,0.0,0.0,0.0,0.0,0.0,8.0,6.75,1.558208910513425,sim_input.json
71,2,9,<bidder.IntegralGreedyBidder object at 0x0000028086D3FEB8>,5,True,13,0.13707127006618114,6.0,6.0,0.5,0.5,6.75,1.0,1.0,1,0.48148148148148145,0.5,0.48148148148148145,0.48148148148148145,0.06599727818001314,8.0,6.75,1.558208910513425,sim_input.json
71,2,9,<bidder.IntegralGreedyBidder object at 0x0000028086D3FEB8>,5,True,14,0.10161240436003671,3.0,3.0,1,1,6.75,1.0,1.0,1,0.9629629629629629,1.0,0.9629629629629629,0.9629629629629629,0.09784898197633164,8.0,6.75,1.558208910513425,sim_input.json
71,2,9,<bidder.IntegralGreedyBidder object at 0x0000028086D3FEB8>,5,True,15,4.44309221659889,3.0,3.0,1,0.75,6.75,0.0,0.0,0,0.0,0.0,0.0,0.0,0.0,8.0,6.75,1.558208910513425,sim_input.json
71,2,9,<bidder.IntegralGreedyBidder object at 0x0000028086D3FEB8>,5,True,16,5.765641574443897,3.0,3.0,1,0.75,6.75,0.0,0.0,0,0.0,0.0,0.0,0.0,0.0,8.0,6.75,1.558208910513425,sim_input.json
71,2,9,<bidder.IntegralGreedyBidder object at 0x0000028086D3FEB8>,5,True,17,0.27032052984916144,4.0,4.0,0.75,0.75,6.75,1.0,1.0,1,0.7222222222222222,0.75,0.7222222222222222,0.7222222222222222,0.19523149377994992,8.0,6.75,1.558208910513425,sim_input.json
71,2,9,<bidder.IntegralGreedyBidder object at 0x0000028086D3FEB8>,5,True,18,4.553444589176929,6.0,6.0,0.5,0.42857142857142855,6.75,0.0,0.0,0,0.0,0.0,0.0,0.0,0.0,8.0,6.75,1.558208910513425,sim_input.json
71,2,9,<bidder.IntegralGreedyBidder object at 0x0000028086D3FEB8>,5,True,19,3.9056712475906665,2.0,2.0,1,1,6.75,0.0,0.0,0,0.0,0.0,0.0,0.0,0.0,8.0,6.75,1.558208910513425,sim_input.json
71,2,9,<bidder.IntegralGreedyBidder object at 0x0000028086D3FEB8>,5,True,20,6.327270076237591,1.0,1.0,1,1,6.75,0.0,0.0,0,0.0,0.0,0.0,0.0,0.0,8.0,6.75,1.558208910513425,sim_input.json
71,2,9,<bidder.IntegralGreedyBidder object at 0x0000028086D3FEB8>,5,True,21,2.1942793740348643,1.0,1.0,1,1,6.75,0.0,0.0,0,0.0,0.0,0.0,0.0,0.0,8.0,6.75,1.558208910513425,sim_input.json
71,2,9,<bidder.IntegralGreedyBidder object at 0x0000028086D3FEB8>,5,True,22,2.172543796336675,3.0,3.0,1,0.75,6.75,0.0,0.0,0,0.0,0.0,0.0,0.0,0.0,8.0,6.75,1.558208910513425,sim_input.json
71,2,9,<bidder.IntegralGreedyBidder object at 0x0000028086D3FEB8>,5,True,23,3.1396422775750814,3.0,3.0,1,0.75,6.75,0.0,0.0,0,0.0,0.0,0.0,0.0,0.0,8.0,6.75,1.558208910513425,sim_input.json
71,2,9,<bidder.IntegralGreedyBidder object at 0x0000028086D3FEB8>,5,True,24,0.5300837873825989,4.0,4.0,0.75,0.6,6.75,0.0,0.0,0,0.0,0.0,0.0,0.0,0.0,8.0,6.75,1.558208910513425,sim_input.json
71,2,9,<bidder.IntegralGreedyBidder object at 0x0000028086D3FEB8>,5,True,25,7.781077937931317,1.0,2.0,1,1,6.75,0.0,0.0,0,0.0,0.0,0.0,0.0,0.0,8.0,6.75,1.558208910513425,sim_input.json
71,2,9,<bidder.IntegralGreedyBidder object at 0x0000028086D3FEB8>,5,True,26,1.4538311600171405,1.0,1.0,1,1,6.75,0.0,0.0,0,0.0,0.0,0.0,0.0,0.0,8.0,6.75,1.558208910513425,sim_input.json
71,2,9,<bidder.IntegralGreedyBidder object at 0x0000028086D3FEB8>,5,True,27,3.5110415149967116,0.0,0.0,1,1,6.75,0.0,0.0,0,0.0,0.0,0.0,0.0,0.0,8.0,6.75,1.558208910513425,sim_input.json
71,2,9,<bidder.IntegralGreedyBidder object at 0x0000028086D3FEB8>,5,True,28,0.236613262565323,3.0,4.0,0.75,0.75,6.75,0.0,1.0,1,0.7222222222222222,0.75,0.7222222222222222,0.7222222222222222,0.17088735629717772,8.0,6.75,1.558208910513425,sim_input.json
71,2,9,<bidder.IntegralGreedyBidder object at 0x0000028086D3FEB8>,5,True,29,0.684873717427007,2.0,3.0,1,1,6.75,0.0,1.0,1,0.9629629629629629,1.0,0.9629629629629629,0.9629629629629629,0.6595080241889697,8.0,6.75,1.558208910513425,sim_input.json
71,2,9,<bidder.IntegralGreedyBidder object at 0x0000028086D3FEB8>,5,True,30,7.958927208936179,4.0,4.0,0.75,0.6,6.75,0.0,0.0,0,0.0,0.0,0.0,0.0,0.0,8.0,6.75,1.558208910513425,sim_input.json
71,2,9,<bidder.IntegralGreedyBidder object at 0x0000028086D3FEB8>,5,True,31,2.4428990218153506,3.0,4.0,0.75,0.75,6.75,0.0,0.0,0,0.0,0.0,0.0,0.0,0.0,8.0,6.75,1.558208910513425,sim_input.json
71,2,9,<bidder.IntegralGreedyBidder object at 0x0000028086D3FEB8>,5,True,32,0.9039046848540208,4.0,4.0,0.75,0.6,6.75,0.0,0.0,0,0.0,0.0,0.0,0.0,0.0,8.0,6.75,1.558208910513425,sim_input.json
71,2,9,<bidder.IntegralGreedyBidder object at 0x0000028086D3FEB8>,5,True,33,1.4069109001200417,2.0,2.0,1,1,6.75,0.0,0.0,0,0.0,0.0,0.0,0.0,0.0,8.0,6.75,1.558208910513425,sim_input.json
71,2,9,<bidder.IntegralGreedyBidder object at 0x0000028086D3FEB8>,5,True,34,2.1020159124629267,4.0,4.0,0.75,0.6,6.75,0.0,0.0,0,0.0,0.0,0.0,0.0,0.0,8.0,6.75,1.558208910513425,sim_input.json
71,2,9,<bidder.IntegralGreedyBidder object at 0x0000028086D3FEB8>,5,True,35,3.1976556661468516,4.0,4.0,0.75,0.6,6.75,0.0,0.0,0,0.0,0.0,0.0,0.0,0.0,8.0,6.75,1.558208910513425,sim_input.json
71,2,9,<bidder.IntegralGreedyBidder object at 0x0000028086D3FEB8>,5,True,36,0.161339059402566,3.0,3.0,1,1,6.75,1.0,1.0,1,0.9629629629629629,1.0,0.9629629629629629,0.9629629629629629,0.15536353868395242,8.0,6.75,1.558208910513425,sim_input.json
71,2,9,<bidder.IntegralGreedyBidder object at 0x0000028086D3FEB8>,5,True,37,0.9174909520629521,6.0,6.0,0.5,0.42857142857142855,6.75,0.0,0.0,0,0.0,0.0,0.0,0.0,0.0,8.0,6.75,1.558208910513425,sim_input.json
71,2,9,<bidder.IntegralGreedyBidder object at 0x0000028086D3FEB8>,5,True,38,4.424242772440986,3.0,3.0,1,0.75,6.75,0.0,0.0,0,0.0,0.0,0.0,0.0,0.0,8.0,6.75,1.558208910513425,sim_input.json
71,2,9,<bidder.IntegralGreedyBidder object at 0x0000028086D3FEB8>,5,True,39,4.60173051697469,3.0,3.0,1,0.75,6.75,0.0,0.0,0,0.0,0.0,0.0,0.0,0.0,8.0,6.75,1.558208910513425,sim_input.json
71,2,9,<bidder.IntegralGreedyBidder object at 0x0000028086D3FEB8>,5,True,40,0.1344214439873439,4.0,4.0,0.75,0.75,6.75,1.0,1.0,1,0.7222222222222222,0.75,0.7222222222222222,0.7222222222222222,0.09708215399085948,8.0,6.75,1.558208910513425,sim_input.json
71,2,9,<bidder.IntegralGreedyBidder object at 0x0000028086D3FEB8>,5,True,41,2.00019766573001,1.0,1.0,1,1,6.75,0.0,0.0,0,0.0,0.0,0.0,0.0,0.0,8.0,6.75,1.558208910513425,sim_input.json
71,2,9,<bidder.IntegralGreedyBidder object at 0x0000028086D3FEB8>,5,True,42,3.1078819110001925,3.0,4.0,0.75,0.75,6.75,0.0,0.0,0,0.0,0.0,0.0,0.0,0.0,8.0,6.75,1.558208910513425,sim_input.json
71,2,9,<bidder.IntegralGreedyBidder object at 0x0000028086D3FEB8>,5,True,43,2.2307980979513373,4.0,4.0,0.75,0.6,6.75,0.0,0.0,0,0.0,0.0,0.0,0.0,0.0,8.0,6.75,1.558208910513425,sim_input.json
71,2,9,<bidder.IntegralGreedyBidder object at 0x0000028086D3FEB8>,5,True,44,0.12076277893217746,3.0,3.0,1,1,6.75,1.0,1.0,1,0.9629629629629629,1.0,0.9629629629629629,0.9629629629629629,0.11629008341617088,8.0,6.75,1.558208910513425,sim_input.json
71,2,9,<bidder.IntegralGreedyBidder object at 0x0000028086D3FEB8>,5,True,45,5.459808180703221,1.0,1.0,1,1,6.75,0.0,0.0,0,0.0,0.0,0.0,0.0,0.0,8.0,6.75,1.558208910513425,sim_input.json
71,2,9,<bidder.IntegralGreedyBidder object at 0x0000028086D3FEB8>,5,True,46,0.801031708302484,0.0,0.0,1,1,6.75,0.0,0.0,0,0.0,0.0,0.0,0.0,0.0,8.0,6.75,1.558208910513425,sim_input.json
71,2,9,<bidder.IntegralGreedyBidder object at 0x0000028086D3FEB8>,5,True,47,7.764362545731589,4.0,4.0,0.75,0.6,6.75,0.0,0.0,0,0.0,0.0,0.0,0.0,0.0,8.0,6.75,1.558208910513425,sim_input.json
71,2,9,<bidder.IntegralGreedyBidder object at 0x0000028086D3FEB8>,5,True,48,3.6628766695341826,2.0,2.0,1,1,6.75,0.0,0.0,0,0.0,0.0,0.0,0.0,0.0,8.0,6.75,1.558208910513425,sim_input.json
71,2,9,<bidder.IntegralGreedyBidder object at 0x0000028086D3FEB8>,5,True,49,0.38612248307101615,3.0,3.0,1,0.75,6.75,0.0,0.0,0,0.0,0.0,0.0,0.0,0.0,8.0,6.75,1.558208910513425,sim_input.json
71,2,9,<bidder.IntegralGreedyBidder object at 0x0000028086D3FEB8>,5,True,50,7.951647090374033,0.0,1.0,1,1,6.75,0.0,0.0,0,0.0,0.0,0.0,0.0,0.0,8.0,6.75,1.558208910513425,sim_input.json
71,2,9,<bidder.IntegralGreedyBidder object at 0x0000028086D3FEB8>,5,True,51,4.003709424792309,4.0,4.0,0.75,0.6,6.75,0.0,0.0,0,0.0,0.0,0.0,0.0,0.0,8.0,6.75,1.558208910513425,sim_input.json
71,2,10,<bidder.IntegralGreedyBidder object at 0x0000028086D3FE10>,5,True,0,6.432076246171311,6.0,6.0,0.5,0.42857142857142855,6.0,0.0,0.0,0,0.0005854800936768129,0.0,0.0,0.0005854800936768129,0.0037658526031447825,8.0,6.0,4.435592469211399,sim_input.json
71,2,10,<bidder.IntegralGreedyBidder object at 0x0000028086D3FE10>,5,True,1,2.985983264290911,1.0,1.0,1,1,6.0,0.0,0.0,0,0.034482758620689655,0.0,0.0,0.034482758620689655,0.10296494014796245,8.0,6.0,4.435592469211399,sim_input.json
71,2,10,<bidder.IntegralGreedyBidder object at 0x0000028086D3FE10>,5,True,2,3.365010010860065,4.0,4.0,0.75,0.6,6.0,0.0,0.0,0,0.0013335935467083035,0.0,0.0,0.0013335935467083035,0.004487555635091821,8.0,6.0,4.435592469211399,sim_input.json
71,2,10,<bidder.IntegralGreedyBidder object at 0x0000028086D3FE10>,5,True,3,4.680151948051815,3.0,3.0,1,0.75,6.0,0.0,0.0,0,0.0,0.0,0.0,0.0,0.0,8.0,6.0,4.435592469211399,sim_input.json
71,2,10,<bidder.IntegralGreedyBidder object at 0x0000028086D3FE10>,5,True,4,6.661849752077987,5.0,5.0,0.6,0.5,6.0,0.0,0.0,0,0.0,0.0,0.0,0.0,0.0,8.0,6.0,4.435592469211399,sim_input.json
71,2,10,<bidder.IntegralGreedyBidder object at 0x0000028086D3FE10>,5,True,5,7.797761318819788,3.0,3.0,1,0.75,6.0,0.0,0.0,0,0.0011709601873536259,0.0,0.0,0.0011709601873536259,0.009130868054824076,8.0,6.0,4.435592469211399,sim_input.json
71,2,10,<bidder.IntegralGreedyBidder object at 0x0000028086D3FE10>,5,True,6,5.987857858295595,0.0,1.0,1,1,6.0,0.0,0.0,0,0.033394049787492414,0.0,0.0,0.033394049787492414,0.1999588234403508,8.0,6.0,4.435592469211399,sim_input.json
71,2,10,<bidder.IntegralGreedyBidder object at 0x0000028086D3FE10>,5,True,7,2.0242828385840053,3.0,3.0,1,0.75,6.0,0.0,0.0,0,0.0,0.0,0.0,0.0,0.0,8.0,6.0,4.435592469211399,sim_input.json
71,2,10,<bidder.IntegralGreedyBidder object at 0x0000028086D3FE10>,5,True,8,0.0,2.0,2.0,1,1,6.0,0.0,0.0,0,0.0,0.0,0.0,0.0,0.0,8.0,6.0,4.435592469211399,sim_input.json
71,2,10,<bidder.IntegralGreedyBidder object at 0x0000028086D3FE10>,5,True,9,0.39347876894187406,4.0,4.0,0.75,0.75,6.0,1.0,1.0,1,0.7508782201405152,0.75,0.75,0.7508782201405152,0.29545463768615543,8.0,6.0,4.435592469211399,sim_input.json
71,2,10,<bidder.IntegralGreedyBidder object at 0x0000028086D3FE10>,5,True,10,2.381954027880906,2.0,3.0,1,1,6.0,0.0,0.0,0,0.0011709601873536259,0.0,0.0,0.0011709601873536259,0.002789173334755149,8.0,6.0,4.435592469211399,sim_input.json
71,2,10,<bidder.IntegralGreedyBidder object at 0x0000028086D3FE10>,5,True,11,0.0,2.0,2.0,1,1,6.0,0.0,0.0,0,0.0,0.0,0.0,0.0,0.0,8.0,6.0,4.435592469211399,sim_input.json
71,2,10,<bidder.IntegralGreedyBidder object at 0x0000028086D3FE10>,5,True,12,0.6901180515170449,3.0,3.0,1,0.75,6.0,0.0,0.0,0,0.0011709601873536259,0.0,0.0,0.0011709601873536259,0.0008081007629005181,8.0,6.0,4.435592469211399,sim_input.json
71,2,10,<bidder.IntegralGreedyBidder object at 0x0000028086D3FE10>,5,True,13,0.09673917834201806,6.0,6.0,0.5,0.5,6.0,1.0,1.0,1,0.5006071645415908,0.5,0.5,0.5006071645415908,0.04842832576988094,8.0,6.0,4.435592469211399,sim_input.json
71,2,10,<bidder.IntegralGreedyBidder object at 0x0000028086D3FE10>,5,True,14,6.601998867376585,3.0,3.0,1,0.75,6.0,0.0,0.0,0,0.0006071645415907738,0.0,0.0,0.0006071645415907738,0.004008499615893512,8.0,6.0,4.435592469211399,sim_input.json
71,2,10,<bidder.IntegralGreedyBidder object at 0x0000028086D3FE10>,5,True,15,3.9858542018564735,3.0,3.0,1,0.75,6.0,0.0,0.0,0,0.0011709601873536259,0.0,0.0,0.0011709601873536259,0.004667276582970093,8.0,6.0,4.435592469211399,sim_input.json
71,2,10,<bidder.IntegralGreedyBidder object at 0x0000028086D3FE10>,5,True,16,2.8713995690395384,3.0,3.0,1,0.75,6.0,0.0,0.0,0,0.0,0.0,0.0,0.0,0.0,8.0,6.0,4.435592469211399,sim_input.json
71,2,10,<bidder.IntegralGreedyBidder object at 0x0000028086D3FE10>,5,True,17,4.010561622200047,4.0,4.0,0.75,0.6,6.0,0.0,0.0,0,0.00306087198399239,0.0,0.0,0.00306087198399239,0.012275815709467196,8.0,6.0,4.435592469211399,sim_input.json
71,2,10,<bidder.IntegralGreedyBidder object at 0x0000028086D3FE10>,5,True,18,0.3968081502124119,6.0,6.0,0.5,0.42857142857142855,6.0,0.0,0.0,0,0.0020188968747476372,0.0,0.0,0.0020188968747476372,0.0008011147343382293,8.0,6.0,4.435592469211399,sim_input.json
71,2,10,<bidder.IntegralGreedyBidder object at 0x0000028086D3FE10>,5,True,19,3.4237372154826273,2.0,2.0,1,1,6.0,0.0,0.0,0,0.01639344262295082,0.0,0.0,0.01639344262295082,0.05612683959807586,8.0,6.0,4.435592469211399,sim_input.json
71,2,10,<bidder.IntegralGreedyBidder object at 0x0000028086D3FE10>,5,True,20,5.514924228679171,1.0,1.0,1,1,6.0,0.0,0.0,0,0.03278688524590164,0.0,0.0,0.03278688524590164,0.18081718782554662,8.0,6.0,4.435592469211399,sim_input.json
71,2,10,<bidder.IntegralGreedyBidder object at 0x0000028086D3FE10>,5,True,21,0.2935334045483796,1.0,1.0,1,1,6.0,1.0,1.0,1,1.0,1.0,1.0,1.0,0.2935334045483796,8.0,6.0,4.435592469211399,sim_input.json
71,2,10,<bidder.IntegralGreedyBidder object at 0x0000028086D3FE10>,5,True,22,7.098630846550389,3.0,3.0,1,0.75,6.0,0.0,0.0,0,0.002866833562141649,0.0,0.0,0.002866833562141649,0.02035059315614464,8.0,6.0,4.435592469211399,sim_input.json
71,2,10,<bidder.IntegralGreedyBidder object at 0x0000028086D3FE10>,5,True,23,5.3253344358135895,3.0,3.0,1,0.75,6.0,0.0,0.0,0,0.0011709601873536259,0.0,0.0,0.0011709601873536259,0.006235754608680996,8.0,6.0,4.435592469211399,sim_input.json
71,2,10,<bidder.IntegralGreedyBidder object at 0x0000028086D3FE10>,5,True,24,7.399699785650447,4.0,4.0,0.75,0.6,6.0,0.0,0.0,0,0.00045537340619307675,0.0,0.0,0.00045537340619307675,0.003369626496197824,8.0,6.0,4.435592469211399,sim_input.json
71,2,10,<bidder.IntegralGreedyBidder object at 0x0000028086D3FE10>,5,True,25,3.4503197730322492,1.0,2.0,1,1,6.0,0.0,0.0,0,0.017000607164541593,0.0,0.0,0.017000607164541593,0.05865753105337158,8.0,6.0,4.435592469211399,sim_input.json
71,2,10,<bidder.IntegralGreedyBidder object at 0x0000028086D3FE10>,5,True,26,6.174467809267936,1.0,1.0,1,1,6.0,0.0,0.0,0,0.03278688524590164,0.0,0.0,0.03278688524590164,0.20244156751698153,8.0,6.0,4.435592469211399,sim_input.json
71,2,10,<bidder.IntegralGreedyBidder object at 0x0000028086D3FE10>,5,True,27,7.109628987330721,0.0,0.0,1,1,6.0,0.0,0.0,0,0.04918032786885246,0.0,0.0,0.04918032786885246,0.3496538846228223,8.0,6.0,4.435592469211399,sim_input.json
71,2,10,<bidder.IntegralGreedyBidder object at 0x0000028086D3FE10>,5,True,28,0.6681249585678227,3.0,4.0,0.75,0.75,6.0,0.0,0.0,0,0.0013335935467083035,0.0,0.0,0.0013335935467083035,0.0008910071331408011,8.0,6.0,4.435592469211399,sim_input.json
71,2,10,<bidder.IntegralGreedyBidder object at 0x0000028086D3FE10>,5,True,29,5.479290906973648,2.0,3.0,1,1,6.0,0.0,0.0,0,0.0006071645415907738,0.0,0.0,0.0006071645415907738,0.0033268311517751503,8.0,6.0,4.435592469211399,sim_input.json
71,2,10,<bidder.IntegralGreedyBidder object at 0x0000028086D3FE10>,5,True,30,0.5909534287806175,4.0,4.0,0.75,0.75,6.0,1.0,1.0,1,0.7504553734061931,0.75,0.75,0.7504553734061931,0.4434841760612284,8.0,6.0,4.435592469211399,sim_input.json
71,2,10,<bidder.IntegralGreedyBidder object at 0x0000028086D3FE10>,5,True,31,0.6651977041962912,3.0,4.0,0.75,0.75,6.0,0.0,1.0,1,0.75,0.75,0.75,0.75,0.49889827814721843,8.0,6.0,4.435592469211399,sim_input.json
71,2,10,<bidder.IntegralGreedyBidder object at 0x0000028086D3FE10>,5,True,32,0.06479578829271349,4.0,4.0,0.75,0.75,6.0,1.0,1.0,1,0.7509107468123861,0.75,0.75,0.7509107468123861,0.04865585377717875,8.0,6.0,4.435592469211399,sim_input.json
71,2,10,<bidder.IntegralGreedyBidder object at 0x0000028086D3FE10>,5,True,33,7.994168856800302,2.0,2.0,1,1,6.0,0.0,0.0,0,0.01639344262295082,0.0,0.0,0.01639344262295082,0.1310519484721361,8.0,6.0,4.435592469211399,sim_input.json
71,2,10,<bidder.IntegralGreedyBidder object at 0x0000028086D3FE10>,5,True,34,3.5280273740254793,4.0,4.0,0.75,0.6,6.0,0.0,0.0,0,0.0,0.0,0.0,0.0,0.0,8.0,6.0,4.435592469211399,sim_input.json
71,2,10,<bidder.IntegralGreedyBidder object at 0x0000028086D3FE10>,5,True,35,0.07340780755154375,4.0,4.0,0.75,0.75,6.0,1.0,1.0,1,0.7513335935467083,0.75,0.75,0.7513335935467083,0.05515375184208655,8.0,6.0,4.435592469211399,sim_input.json
71,2,10,<bidder.IntegralGreedyBidder object at 0x0000028086D3FE10>,5,True,36,5.044065723272034,3.0,3.0,1,0.75,6.0,0.0,0.0,0,0.0018214936247723142,0.0,0.0,0.0018214936247723142,0.009187733557872562,8.0,6.0,4.435592469211399,sim_input.json
71,2,10,<bidder.IntegralGreedyBidder object at 0x0000028086D3FE10>,5,True,37,0.5241852210384527,6.0,6.0,0.5,0.42857142857142855,6.0,0.0,0.0,0,0.0011515189581893983,0.0,0.0,0.0011515189581893983,0.0006036092196284784,8.0,6.0,4.435592469211399,sim_input.json
71,2,10,<bidder.IntegralGreedyBidder object at 0x0000028086D3FE10>,5,True,38,2.2056131216335455,3.0,3.0,1,0.75,6.0,0.0,0.0,0,0.0006071645415907738,0.0,0.0,0.0006071645415907738,0.0013391700799232273,8.0,6.0,4.435592469211399,sim_input.json
71,2,10,<bidder.IntegralGreedyBidder object at 0x0000028086D3FE10>,5,True,39,2.866617498950128,3.0,3.0,1,0.75,6.0,0.0,0.0,0,0.0,0.0,0.0,0.0,0.0,8.0,6.0,4.435592469211399,sim_input.json
71,2,10,<bidder.IntegralGreedyBidder object at 0x0000028086D3FE10>,5,True,40,0.7308482338799652,4.0,4.0,0.75,0.75,6.0,1.0,1.0,1,0.7517889669529014,0.75,0.75,0.7517889669529014,0.5494436387479715,8.0,6.0,4.435592469211399,sim_input.json
71,2,10,<bidder.IntegralGreedyBidder object at 0x0000028086D3FE10>,5,True,41,6.846947820067205,1.0,1.0,1,1,6.0,0.0,0.0,0,0.03278688524590164,0.0,0.0,0.03278688524590164,0.22449009246121987,8.0,6.0,4.435592469211399,sim_input.json
71,2,10,<bidder.IntegralGreedyBidder object at 0x0000028086D3FE10>,5,True,42,3.529298309144675,3.0,4.0,0.75,0.75,6.0,0.0,0.0,0,0.00127190503109101,0.0,0.0,0.00127190503109101,0.004488932275622107,8.0,6.0,4.435592469211399,sim_input.json
71,2,10,<bidder.IntegralGreedyBidder object at 0x0000028086D3FE10>,5,True,43,4.170232026677701,4.0,4.0,0.75,0.6,6.0,0.0,0.0,0,0.0,0.0,0.0,0.0,0.0,8.0,6.0,4.435592469211399,sim_input.json
71,2,10,<bidder.IntegralGreedyBidder object at 0x0000028086D3FE10>,5,True,44,5.010563474657847,3.0,3.0,1,0.75,6.0,0.0,0.0,0,0.0023030379163787897,0.0,0.0,0.0023030379163787897,0.011539517664559676,8.0,6.0,4.435592469211399,sim_input.json
71,2,10,<bidder.IntegralGreedyBidder object at 0x0000028086D3FE10>,5,True,45,3.0488403675427276,1.0,1.0,1,1,6.0,0.0,0.0,0,0.03278688524590164,0.0,0.0,0.03278688524590164,0.09996197926369599,8.0,6.0,4.435592469211399,sim_input.json
71,2,10,<bidder.IntegralGreedyBidder object at 0x0000028086D3FE10>,5,True,46,5.893385993723283,0.0,0.0,1,1,6.0,0.0,0.0,0,0.04918032786885246,0.0,0.0,0.04918032786885246,0.2898386554290139,8.0,6.0,4.435592469211399,sim_input.json
71,2,10,<bidder.IntegralGreedyBidder object at 0x0000028086D3FE10>,5,True,47,3.0228402188140846,4.0,4.0,0.75,0.6,6.0,0.0,0.0,0,0.0009107468123861535,0.0,0.0,0.0009107468123861535,0.00275304209363759,8.0,6.0,4.435592469211399,sim_input.json
71,2,10,<bidder.IntegralGreedyBidder object at 0x0000028086D3FE10>,5,True,48,0.0,2.0,2.0,1,1,6.0,0.0,0.0,0,0.0,0.0,0.0,0.0,0.0,8.0,6.0,4.435592469211399,sim_input.json
71,2,10,<bidder.IntegralGreedyBidder object at 0x0000028086D3FE10>,5,True,49,3.874298499755535,3.0,3.0,1,0.75,6.0,0.0,0.0,0,0.0016958733747880156,0.0,0.0,0.0016958733747880156,0.006570319671716565,8.0,6.0,4.435592469211399,sim_input.json
71,2,10,<bidder.IntegralGreedyBidder object at 0x0000028086D3FE10>,5,True,50,5.455891611073707,0.0,1.0,1,1,6.0,0.0,0.0,0,0.033957845433255265,0.0,0.0,0.033957845433255265,0.18527032402943497,8.0,6.0,4.435592469211399,sim_input.json
71,2,10,<bidder.IntegralGreedyBidder object at 0x0000028086D3FE10>,5,True,51,6.223919581175307,4.0,4.0,0.75,0.6,6.0,0.0,0.0,0,0.00127190503109101,0.0,0.0,0.00127190503109101,0.007916234628402725,8.0,6.0,4.435592469211399,sim_input.json
71,2,11,<bidder.IntegralGreedyBidder object at 0x0000028086D3FD68>,5,True,0,3.8057824279435204,6.0,6.0,0.5,0.42857142857142855,5.85,0.0,0.0,0,0.0007611241217798572,0.0,0.0,0.0007611241217798572,0.002896672808153725,7.0,5.85,7.9225171798317175,sim_input.json
71,2,11,<bidder.IntegralGreedyBidder object at 0x0000028086D3FD68>,5,True,1,4.686869533313623,1.0,1.0,1,1,5.85,0.0,0.0,0,0.04482758620689658,0.0,0.0,0.04482758620689658,0.21010104804509358,7.0,5.85,7.9225171798317175,sim_input.json
71,2,11,<bidder.IntegralGreedyBidder object at 0x0000028086D3FD68>,5,True,2,3.418393357783895,4.0,4.0,0.75,0.6,5.85,0.0,0.0,0,0.0017336716107207953,0.0,0.0,0.0017336716107207953,0.005926371518666473,7.0,5.85,7.9225171798317175,sim_input.json
71,2,11,<bidder.IntegralGreedyBidder object at 0x0000028086D3FD68>,5,True,3,0.3391139356387439,3.0,3.0,1,1,5.85,1.0,1.0,1,1.0,1.0,1.0,1.0,0.3391139356387439,7.0,5.85,7.9225171798317175,sim_input.json
71,2,11,<bidder.IntegralGreedyBidder object at 0x0000028086D3FD68>,5,True,4,0.41208105532670747,5.0,5.0,0.6,0.6,5.85,1.0,1.0,1,0.6,0.6,0.6,0.6,0.24724863319602447,7.0,5.85,7.9225171798317175,sim_input.json
71,2,11,<bidder.IntegralGreedyBidder object at 0x0000028086D3FD68>,5,True,5,1.916434089178213,3.0,3.0,1,0.75,5.85,0.0,0.0,0,0.0015222482435597144,0.0,0.0,0.0015222482435597144,0.002917288426149496,7.0,5.85,7.9225171798317175,sim_input.json
71,2,11,<bidder.IntegralGreedyBidder object at 0x0000028086D3FD68>,5,True,6,4.364390651556186,0.0,1.0,1,1,5.85,0.0,0.0,0,0.043412264723740164,0.0,0.0,0.043412264723740164,0.18946808232317397,7.0,5.85,7.9225171798317175,sim_input.json
71,2,11,<bidder.IntegralGreedyBidder object at 0x0000028086D3FD68>,5,True,7,3.7889299669449357,3.0,3.0,1,0.75,5.85,0.0,0.0,0,0.0,0.0,0.0,0.0,0.0,7.0,5.85,7.9225171798317175,sim_input.json
71,2,11,<bidder.IntegralGreedyBidder object at 0x0000028086D3FD68>,5,True,8,4.260198149394805,2.0,2.0,1,1,5.85,0.0,0.0,0,0.021311475409836078,0.0,0.0,0.021311475409836078,0.09079110810185655,7.0,5.85,7.9225171798317175,sim_input.json
71,2,11,<bidder.IntegralGreedyBidder object at 0x0000028086D3FD68>,5,True,9,0.358810735015999,4.0,4.0,0.75,0.75,5.85,1.0,1.0,1,0.7511416861826697,0.75,0.75,0.7511416861826697,0.2695177005203606,7.0,5.85,7.9225171798317175,sim_input.json
71,2,11,<bidder.IntegralGreedyBidder object at 0x0000028086D3FD68>,5,True,10,3.20225460228028,2.0,3.0,1,1,5.85,0.0,0.0,0,0.0015222482435597144,0.0,0.0,0.0015222482435597144,0.004874626443752168,7.0,5.85,7.9225171798317175,sim_input.json
71,2,11,<bidder.IntegralGreedyBidder object at 0x0000028086D3FD68>,5,True,11,0.7796404284855413,2.0,2.0,1,1,5.85,1.0,1.0,1,1.0,1.0,1.0,1.0,0.7796404284855413,7.0,5.85,7.9225171798317175,sim_input.json
71,2,11,<bidder.IntegralGreedyBidder object at 0x0000028086D3FD68>,5,True,12,3.8260017964654693,3.0,3.0,1,0.75,5.85,0.0,0.0,0,0.0015222482435597144,0.0,0.0,0.0015222482435597144,0.005824124514525872,7.0,5.85,7.9225171798317175,sim_input.json
71,2,11,<bidder.IntegralGreedyBidder object at 0x0000028086D3FD68>,5,True,13,0.5307183676380376,6.0,6.0,0.5,0.5,5.85,1.0,1.0,1,0.500789313904068,0.5,0.5,0.500789313904068,0.26577808720573975,7.0,5.85,7.9225171798317175,sim_input.json
71,2,11,<bidder.IntegralGreedyBidder object at 0x0000028086D3FD68>,5,True,14,6.208787748512711,3.0,3.0,1,0.75,5.85,0.0,0.0,0,0.0007893139040680064,0.0,0.0,0.0007893139040680064,0.0049006824973081755,7.0,5.85,7.9225171798317175,sim_input.json
71,2,11,<bidder.IntegralGreedyBidder object at 0x0000028086D3FD68>,5,True,15,2.419460284175112,3.0,3.0,1,0.75,5.85,0.0,0.0,0,0.0015222482435597144,0.0,0.0,0.0015222482435597144,0.0036830191679480513,7.0,5.85,7.9225171798317175,sim_input.json
71,2,11,<bidder.IntegralGreedyBidder object at 0x0000028086D3FD68>,5,True,16,2.1266073892891106,3.0,3.0,1,0.75,5.85,0.0,0.0,0,0.0,0.0,0.0,0.0,0.0,7.0,5.85,7.9225171798317175,sim_input.json
71,2,11,<bidder.IntegralGreedyBidder object at 0x0000028086D3FD68>,5,True,17,4.498686202471617,4.0,4.0,0.75,0.6,5.85,0.0,0.0,0,0.003979133579190109,0.0,0.0,0.003979133579190109,0.017900873330494046,7.0,5.85,7.9225171798317175,sim_input.json
71,2,11,<bidder.IntegralGreedyBidder object at 0x0000028086D3FD68>,5,True,18,5.302025770715474,6.0,6.0,0.5,0.42857142857142855,5.85,0.0,0.0,0,0.00262456593717193,0.0,0.0,0.00262456593717193,0.013915516235827582,7.0,5.85,7.9225171798317175,sim_input.json
71,2,11,<bidder.IntegralGreedyBidder object at 0x0000028086D3FD68>,5,True,19,7.172114360665231,2.0,2.0,1,1,5.85,0.0,0.0,0,0.021311475409836078,0.0,0.0,0.021311475409836078,0.15284833883384927,7.0,5.85,7.9225171798317175,sim_input.json
71,2,11,<bidder.IntegralGreedyBidder object at 0x0000028086D3FD68>,5,True,20,2.0315783087106842,1.0,1.0,1,1,5.85,1.0,1.0,1,1.0,1.0,1.0,1.0,2.0315783087106842,7.0,5.85,7.9225171798317175,sim_input.json
71,2,11,<bidder.IntegralGreedyBidder object at 0x0000028086D3FD68>,5,True,21,2.5651927614374532,1.0,1.0,1,1,5.85,0.0,0.0,0,0.042622950819672156,0.0,0.0,0.042622950819672156,0.10933608491372758,7.0,5.85,7.9225171798317175,sim_input.json
71,2,11,<bidder.IntegralGreedyBidder object at 0x0000028086D3FD68>,5,True,22,6.532987489170161,3.0,3.0,1,0.75,5.85,0.0,0.0,0,0.0037268836307841457,0.0,0.0,0.0037268836307841457,0.02434768413350589,7.0,5.85,7.9225171798317175,sim_input.json
71,2,11,<bidder.IntegralGreedyBidder object at 0x0000028086D3FD68>,5,True,23,4.190889589199272,3.0,3.0,1,0.75,5.85,0.0,0.0,0,0.0015222482435597144,0.0,0.0,0.0015222482435597144,0.0063795743161112846,7.0,5.85,7.9225171798317175,sim_input.json
71,2,11,<bidder.IntegralGreedyBidder object at 0x0000028086D3FD68>,5,True,24,5.183205382609065,4.0,4.0,0.75,0.6,5.85,0.0,0.0,0,0.0005919854280510001,0.0,0.0,0.0005919854280510001,0.0030683820571000752,7.0,5.85,7.9225171798317175,sim_input.json
71,2,11,<bidder.IntegralGreedyBidder object at 0x0000028086D3FD68>,5,True,25,0.984520067027397,1.0,2.0,1,1,5.85,1.0,1.0,1,1.0,1.0,1.0,1.0,0.984520067027397,7.0,5.85,7.9225171798317175,sim_input.json
71,2,11,<bidder.IntegralGreedyBidder object at 0x0000028086D3FD68>,5,True,26,7.834751374083321,1.0,1.0,1,1,5.85,0.0,0.0,0,0.042622950819672156,0.0,0.0,0.042622950819672156,0.33394022250191224,7.0,5.85,7.9225171798317175,sim_input.json
71,2,11,<bidder.IntegralGreedyBidder object at 0x0000028086D3FD68>,5,True,27,7.979910150076525,0.0,0.0,1,1,5.85,0.0,0.0,0,0.06393442622950823,0.0,0.0,0.06393442622950823,0.5101909768081716,7.0,5.85,7.9225171798317175,sim_input.json
71,2,11,<bidder.IntegralGreedyBidder object at 0x0000028086D3FD68>,5,True,28,2.6541455736927455,3.0,4.0,0.75,0.75,5.85,0.0,0.0,0,0.0017336716107207953,0.0,0.0,0.0017336716107207953,0.004601416831831372,7.0,5.85,7.9225171798317175,sim_input.json
71,2,11,<bidder.IntegralGreedyBidder object at 0x0000028086D3FD68>,5,True,29,4.330185944079931,2.0,3.0,1,1,5.85,0.0,0.0,0,0.0007893139040680064,0.0,0.0,0.0007893139040680064,0.0034178759728621362,7.0,5.85,7.9225171798317175,sim_input.json
71,2,11,<bidder.IntegralGreedyBidder object at 0x0000028086D3FD68>,5,True,30,3.0095908133168443,4.0,4.0,0.75,0.6,5.85,0.0,0.0,0,0.0005919854280510001,0.0,0.0,0.0005919854280510001,0.0017816339058797297,7.0,5.85,7.9225171798317175,sim_input.json
71,2,11,<bidder.IntegralGreedyBidder object at 0x0000028086D3FD68>,5,True,31,2.600995813086042,3.0,4.0,0.75,0.75,5.85,0.0,0.0,0,0.0,0.0,0.0,0.0,0.0,7.0,5.85,7.9225171798317175,sim_input.json
71,2,11,<bidder.IntegralGreedyBidder object at 0x0000028086D3FD68>,5,True,32,4.308979610936619,4.0,4.0,0.75,0.6,5.85,0.0,0.0,0,0.0011839708561020002,0.0,0.0,0.0011839708561020002,0.0051017062788866925,7.0,5.85,7.9225171798317175,sim_input.json
71,2,11,<bidder.IntegralGreedyBidder object at 0x0000028086D3FD68>,5,True,33,3.091332599946181,2.0,2.0,1,1,5.85,0.0,0.0,0,0.021311475409836078,0.0,0.0,0.021311475409836078,0.06588085868737767,7.0,5.85,7.9225171798317175,sim_input.json
71,2,11,<bidder.IntegralGreedyBidder object at 0x0000028086D3FD68>,5,True,34,1.6158696933524568,4.0,4.0,0.75,0.6,5.85,0.0,0.0,0,0.0,0.0,0.0,0.0,0.0,7.0,5.85,7.9225171798317175,sim_input.json
71,2,11,<bidder.IntegralGreedyBidder object at 0x0000028086D3FD68>,5,True,35,3.2602247492820275,4.0,4.0,0.75,0.6,5.85,0.0,0.0,0,0.0017336716107207953,0.0,0.0,0.0017336716107207953,0.005652159092399574,7.0,5.85,7.9225171798317175,sim_input.json
71,2,11,<bidder.IntegralGreedyBidder object at 0x0000028086D3FD68>,5,True,36,6.479638851296551,3.0,3.0,1,0.75,5.85,0.0,0.0,0,0.00236794171220401,0.0,0.0,0.00236794171220401,0.015343407116002778,7.0,5.85,7.9225171798317175,sim_input.json
71,2,11,<bidder.IntegralGreedyBidder object at 0x0000028086D3FD68>,5,True,37,6.987129502451512,6.0,6.0,0.5,0.42857142857142855,5.85,0.0,0.0,0,0.0014969746456462187,0.0,0.0,0.0014969746456462187,0.010459555711016592,7.0,5.85,7.9225171798317175,sim_input.json
71,2,11,<bidder.IntegralGreedyBidder object at 0x0000028086D3FD68>,5,True,38,7.846381151602819,3.0,3.0,1,0.75,5.85,0.0,0.0,0,0.0007893139040680064,0.0,0.0,0.0007893139040680064,0.006193257739577241,7.0,5.85,7.9225171798317175,sim_input.json
71,2,11,<bidder.IntegralGreedyBidder object at 0x0000028086D3FD68>,5,True,39,3.6943844540520963,3.0,3.0,1,0.75,5.85,0.0,0.0,0,0.0,0.0,0.0,0.0,0.0,7.0,5.85,7.9225171798317175,sim_input.json
71,2,11,<bidder.IntegralGreedyBidder object at 0x0000028086D3FD68>,5,True,40,2.538403977367504,4.0,4.0,0.75,0.6,5.85,0.0,0.0,0,0.0023256570387717953,0.0,0.0,0.0023256570387717953,0.005903457077211057,7.0,5.85,7.9225171798317175,sim_input.json
71,2,11,<bidder.IntegralGreedyBidder object at 0x0000028086D3FD68>,5,True,41,6.568805351551371,1.0,1.0,1,1,5.85,0.0,0.0,0,0.042622950819672156,0.0,0.0,0.042622950819672156,0.2799818674431734,7.0,5.85,7.9225171798317175,sim_input.json
71,2,11,<bidder.IntegralGreedyBidder object at 0x0000028086D3FD68>,5,True,42,0.0,3.0,4.0,0.75,0.75,5.85,0.0,0.0,0,0.0,0.0,0.0,0.0,0.0,7.0,5.85,7.9225171798317175,sim_input.json
71,2,11,<bidder.IntegralGreedyBidder object at 0x0000028086D3FD68>,5,True,43,5.888236321402309,4.0,4.0,0.75,0.6,5.85,0.0,0.0,0,0.0,0.0,0.0,0.0,0.0,7.0,5.85,7.9225171798317175,sim_input.json
71,2,11,<bidder.IntegralGreedyBidder object at 0x0000028086D3FD68>,5,True,44,3.5653716447488843,3.0,3.0,1,0.75,5.85,0.0,0.0,0,0.0029939492912924278,0.0,0.0,0.0029939492912924278,0.01067454190899004,7.0,5.85,7.9225171798317175,sim_input.json
71,2,11,<bidder.IntegralGreedyBidder object at 0x0000028086D3FD68>,5,True,45,5.231572108890866,1.0,1.0,1,1,5.85,0.0,0.0,0,0.042622950819672156,0.0,0.0,0.042622950819672156,0.22298504070682393,7.0,5.85,7.9225171798317175,sim_input.json
71,2,11,<bidder.IntegralGreedyBidder object at 0x0000028086D3FD68>,5,True,46,7.150752045496642,0.0,0.0,1,1,5.85,0.0,0.0,0,0.06393442622950823,0.0,0.0,0.06393442622950823,0.45717922913831016,7.0,5.85,7.9225171798317175,sim_input.json
71,2,11,<bidder.IntegralGreedyBidder object at 0x0000028086D3FD68>,5,True,47,0.0,4.0,4.0,0.75,0.6,5.85,0.0,0.0,0,0.0,0.0,0.0,0.0,0.0,7.0,5.85,7.9225171798317175,sim_input.json
71,2,11,<bidder.IntegralGreedyBidder object at 0x0000028086D3FD68>,5,True,48,3.537115598547958,2.0,2.0,1,1,5.85,0.0,0.0,0,0.021311475409836078,0.0,0.0,0.021311475409836078,0.07538115210020242,7.0,5.85,7.9225171798317175,sim_input.json
71,2,11,<bidder.IntegralGreedyBidder object at 0x0000028086D3FD68>,5,True,49,0.0,3.0,3.0,1,0.75,5.85,0.0,0.0,0,0.0,0.0,0.0,0.0,0.0,7.0,5.85,7.9225171798317175,sim_input.json
71,2,11,<bidder.IntegralGreedyBidder object at 0x0000028086D3FD68>,5,True,50,2.9762300680887805,0.0,1.0,1,1,5.85,0.0,0.0,0,0.044145199063231874,0.0,0.0,0.044145199063231874,0.13138626881375537,7.0,5.85,7.9225171798317175,sim_input.json
71,2,11,<bidder.IntegralGreedyBidder object at 0x0000028086D3FD68>,5,True,51,5.9788653203978885,4.0,4.0,0.75,0.6,5.85,0.0,0.0,0,0.0016534765404183137,0.0,0.0,0.0016534765404183137,0.009885913545598533,7.0,5.85,7.9225171798317175,sim_input.json
71,2,12,<bidder.UniformBidder object at 0x0000028086D3FCC0>,5,True,0,0.0,6.0,6.0,0.5,0.42857142857142855,4.1,0.0,0.0,0,0.0,0.0,0.0,0.0,0.0,5.0,3.85,11.651047498979805,sim_input.json
71,2,12,<bidder.UniformBidder object at 0x0000028086D3FCC0>,5,True,1,4.368702186332518,1.0,1.0,1,1,4.1,0.0,0.0,0,0.18275862068965518,0.0,0.0,0.18275862068965518,0.7984179857780119,5.0,3.85,11.651047498979805,sim_input.json
71,2,12,<bidder.UniformBidder object at 0x0000028086D3FCC0>,5,True,2,2.4531326964733595,4.0,4.0,0.75,0.6,4.1,0.0,0.0,0,0.007068045797554008,0.0,0.0,0.007068045797554008,0.01733885424615086,5.0,3.85,11.651047498979805,sim_input.json
71,2,12,<bidder.UniformBidder object at 0x0000028086D3FCC0>,5,True,3,3.4576212612019672,3.0,3.0,1,0.75,4.1,0.0,0.0,0,0.0,0.0,0.0,0.0,0.0,5.0,3.85,11.651047498979805,sim_input.json
71,2,12,<bidder.UniformBidder object at 0x0000028086D3FCC0>,5,True,4,0.5178941479615422,5.0,5.0,0.6,0.6,4.1,1.0,1.0,1,0.6,0.6,0.6,0.6,0.31073648877692533,5.0,3.85,11.651047498979805,sim_input.json
71,2,12,<bidder.UniformBidder object at 0x0000028086D3FCC0>,5,True,5,0.9679196881046099,3.0,3.0,1,0.75,4.1,0.0,0.0,0,0.006206088992974217,0.0,0.0,0.006206088992974217,0.006006995722429057,5.0,3.85,11.651047498979805,sim_input.json
71,2,12,<bidder.UniformBidder object at 0x0000028086D3FCC0>,5,True,6,5.300855758975613,0.0,1.0,1,1,4.1,0.0,0.0,0,0.17698846387370978,0.0,0.0,0.17698846387370978,0.9381903179972018,5.0,3.85,11.651047498979805,sim_input.json
71,2,12,<bidder.UniformBidder object at 0x0000028086D3FCC0>,5,True,7,3.687571932706174,3.0,3.0,1,0.75,4.1,0.0,0.0,0,0.0,0.0,0.0,0.0,0.0,5.0,3.85,11.651047498979805,sim_input.json
71,2,12,<bidder.UniformBidder object at 0x0000028086D3FCC0>,5,True,8,1.9821882238201958,2.0,2.0,1,1,4.1,0.0,0.0,0,0.08688524590163935,0.0,0.0,0.08688524590163935,0.17222291124995143,5.0,3.85,11.651047498979805,sim_input.json
71,2,12,<bidder.UniformBidder object at 0x0000028086D3FCC0>,5,True,9,4.965122198283994,4.0,4.0,0.75,0.6,4.1,0.0,0.0,0,0.004654566744730701,0.0,0.0,0.004654566744730701,0.02311049266765687,5.0,3.85,11.651047498979805,sim_input.json
71,2,12,<bidder.UniformBidder object at 0x0000028086D3FCC0>,5,True,10,6.5062507207393265,2.0,3.0,1,1,4.1,0.0,0.0,0,0.006206088992974217,0.0,0.0,0.006206088992974217,0.0403783709835109,5.0,3.85,11.651047498979805,sim_input.json
71,2,12,<bidder.UniformBidder object at 0x0000028086D3FCC0>,5,True,11,0.0,2.0,2.0,1,1,4.1,0.0,0.0,0,0.0,0.0,0.0,0.0,0.0,5.0,3.85,11.651047498979805,sim_input.json
71,2,12,<bidder.UniformBidder object at 0x0000028086D3FCC0>,5,True,12,2.7239165148216564,3.0,3.0,1,0.75,4.1,0.0,0.0,0,0.006206088992974217,0.0,0.0,0.006206088992974217,0.016904868300415373,5.0,3.85,11.651047498979805,sim_input.json
71,2,12,<bidder.UniformBidder object at 0x0000028086D3FCC0>,5,True,13,1.1458279891261278,6.0,6.0,0.5,0.42857142857142855,4.1,0.0,0.0,0,0.003217972070431101,0.0,0.0,0.003217972070431101,0.0036872424665261106,5.0,3.85,11.651047498979805,sim_input.json
71,2,12,<bidder.UniformBidder object at 0x0000028086D3FCC0>,5,True,14,3.9963700800797013,3.0,3.0,1,0.75,4.1,0.0,0.0,0,0.003217972070431101,0.0,0.0,0.003217972070431101,0.012860207300802982,5.0,3.85,11.651047498979805,sim_input.json
71,2,12,<bidder.UniformBidder object at 0x0000028086D3FCC0>,5,True,15,7.281060389088941,3.0,3.0,1,0.75,4.1,0.0,0.0,0,0.006206088992974217,0.0,0.0,0.006206088992974217,0.04518690873790544,5.0,3.85,11.651047498979805,sim_input.json
71,2,12,<bidder.UniformBidder object at 0x0000028086D3FCC0>,5,True,16,1.6270391005093046,3.0,3.0,1,0.75,4.1,0.0,0.0,0,0.0,0.0,0.0,0.0,0.0,5.0,3.85,11.651047498979805,sim_input.json
71,2,12,<bidder.UniformBidder object at 0x0000028086D3FCC0>,5,True,17,0.0,4.0,4.0,0.75,0.6,4.1,0.0,0.0,0,0.0,0.0,0.0,0.0,0.0,5.0,3.85,11.651047498979805,sim_input.json
71,2,12,<bidder.UniformBidder object at 0x0000028086D3FCC0>,5,True,18,0.0,6.0,6.0,0.5,0.42857142857142855,4.1,0.0,0.0,0,0.0,0.0,0.0,0.0,0.0,5.0,3.85,11.651047498979805,sim_input.json
71,2,12,<bidder.UniformBidder object at 0x0000028086D3FCC0>,5,True,19,4.672324018253086,2.0,2.0,1,1,4.1,0.0,0.0,0,0.08688524590163935,0.0,0.0,0.08688524590163935,0.405956021258055,5.0,3.85,11.651047498979805,sim_input.json
71,2,12,<bidder.UniformBidder object at 0x0000028086D3FCC0>,5,True,20,7.668106815318035,1.0,1.0,1,1,4.1,0.0,0.0,0,0.1737704918032787,0.0,0.0,0.1737704918032787,1.332490692497888,5.0,3.85,11.651047498979805,sim_input.json
71,2,12,<bidder.UniformBidder object at 0x0000028086D3FCC0>,5,True,21,4.239753492999009,1.0,1.0,1,1,4.1,0.0,0.0,0,0.1737704918032787,0.0,0.0,0.1737704918032787,0.7367440496031065,5.0,3.85,11.651047498979805,sim_input.json
71,2,12,<bidder.UniformBidder object at 0x0000028086D3FCC0>,5,True,22,7.046670767711719,3.0,3.0,1,0.75,4.1,0.0,0.0,0,0.015194217879350738,0.0,0.0,0.015194217879350738,0.10706865096866358,5.0,3.85,11.651047498979805,sim_input.json
71,2,12,<bidder.UniformBidder object at 0x0000028086D3FCC0>,5,True,23,3.2312348508338538,3.0,3.0,1,0.75,4.1,0.0,0.0,0,0.006206088992974217,0.0,0.0,0.006206088992974217,0.020053331041474665,5.0,3.85,11.651047498979805,sim_input.json
71,2,12,<bidder.UniformBidder object at 0x0000028086D3FCC0>,5,True,24,0.42953455834355736,4.0,4.0,0.75,0.75,4.1,1.0,1.0,1,0.7524134790528233,0.75,0.75,0.7524134790528233,0.3231875914166939,5.0,3.85,11.651047498979805,sim_input.json
71,2,12,<bidder.UniformBidder object at 0x0000028086D3FCC0>,5,True,25,6.720938426001931,1.0,2.0,1,1,4.1,0.0,0.0,0,0.09010321797207045,0.0,0.0,0.09010321797207045,0.605578179974916,5.0,3.85,11.651047498979805,sim_input.json
71,2,12,<bidder.UniformBidder object at 0x0000028086D3FCC0>,5,True,26,7.7025271737550876,1.0,1.0,1,1,4.1,0.0,0.0,0,0.1737704918032787,0.0,0.0,0.1737704918032787,1.33847193511154,5.0,3.85,11.651047498979805,sim_input.json
71,2,12,<bidder.UniformBidder object at 0x0000028086D3FCC0>,5,True,27,1.9270004399587712,0.0,0.0,1,1,4.1,0.0,0.0,0,0.260655737704918,0.0,0.0,0.260655737704918,0.5022837212351551,5.0,3.85,11.651047498979805,sim_input.json
71,2,12,<bidder.UniformBidder object at 0x0000028086D3FCC0>,5,True,28,5.08070572969294,3.0,4.0,0.75,0.75,4.1,0.0,0.0,0,0.007068045797554008,0.0,0.0,0.007068045797554008,0.035910660781364755,5.0,3.85,11.651047498979805,sim_input.json
71,2,12,<bidder.UniformBidder object at 0x0000028086D3FCC0>,5,True,29,4.578817590745791,2.0,3.0,1,1,4.1,0.0,0.0,0,0.003217972070431101,0.0,0.0,0.003217972070431101,0.014734507122618578,5.0,3.85,11.651047498979805,sim_input.json
71,2,12,<bidder.UniformBidder object at 0x0000028086D3FCC0>,5,True,30,2.4631735803691734,4.0,4.0,0.75,0.6,4.1,0.0,0.0,0,0.0024134790528233066,0.0,0.0,0.0024134790528233066,0.005944817839688785,5.0,3.85,11.651047498979805,sim_input.json
71,2,12,<bidder.UniformBidder object at 0x0000028086D3FCC0>,5,True,31,0.00835048095709312,3.0,4.0,0.75,1,4.1,1.0,1.0,1,0.75,0.75,0.75,0.75,0.00626286071781984,5.0,3.85,11.651047498979805,sim_input.json
71,2,12,<bidder.UniformBidder object at 0x0000028086D3FCC0>,5,True,32,0.6411886439893814,4.0,4.0,0.75,0.6,4.1,0.0,0.0,0,0.004826958105646613,0.0,0.0,0.004826958105646613,0.003094990722353105,5.0,3.85,11.651047498979805,sim_input.json
71,2,12,<bidder.UniformBidder object at 0x0000028086D3FCC0>,5,True,33,3.693597010021923,2.0,2.0,1,1,4.1,0.0,0.0,0,0.08688524590163935,0.0,0.0,0.08688524590163935,0.3209190844773146,5.0,3.85,11.651047498979805,sim_input.json
71,2,12,<bidder.UniformBidder object at 0x0000028086D3FCC0>,5,True,34,0.35311477712111916,4.0,4.0,0.75,0.75,4.1,1.0,1.0,1,0.75,0.75,0.75,0.75,0.26483608284083937,5.0,3.85,11.651047498979805,sim_input.json
71,2,12,<bidder.UniformBidder object at 0x0000028086D3FCC0>,5,True,35,6.8889741418768375,4.0,4.0,0.75,0.6,4.1,0.0,0.0,0,0.007068045797554008,0.0,0.0,0.007068045797554008,0.048691584732950814,5.0,3.85,11.651047498979805,sim_input.json
71,2,12,<bidder.UniformBidder object at 0x0000028086D3FCC0>,5,True,36,6.206947318188178,3.0,3.0,1,0.75,4.1,0.0,0.0,0,0.009653916211293264,0.0,0.0,0.009653916211293264,0.059921349337700096,5.0,3.85,11.651047498979805,sim_input.json
71,2,12,<bidder.UniformBidder object at 0x0000028086D3FCC0>,5,True,37,2.287080073781272,6.0,6.0,0.5,0.42857142857142855,4.1,0.0,0.0,0,0.006103050478403811,0.0,0.0,0.006103050478403811,0.013958165138438616,5.0,3.85,11.651047498979805,sim_input.json
71,2,12,<bidder.UniformBidder object at 0x0000028086D3FCC0>,5,True,38,0.8587555917362153,3.0,3.0,1,0.75,4.1,0.0,0.0,0,0.003217972070431101,0.0,0.0,0.003217972070431101,0.002763451509533674,5.0,3.85,11.651047498979805,sim_input.json
71,2,12,<bidder.UniformBidder object at 0x0000028086D3FCC0>,5,True,39,3.6113590966955855,3.0,3.0,1,0.75,4.1,0.0,0.0,0,0.0,0.0,0.0,0.0,0.0,5.0,3.85,11.651047498979805,sim_input.json
71,2,12,<bidder.UniformBidder object at 0x0000028086D3FCC0>,5,True,40,1.7498114703488756,4.0,4.0,0.75,0.6,4.1,0.0,0.0,0,0.009481524850377315,0.0,0.0,0.009481524850377315,0.016590880939588132,5.0,3.85,11.651047498979805,sim_input.json
71,2,12,<bidder.UniformBidder object at 0x0000028086D3FCC0>,5,True,41,0.38672196330291964,1.0,1.0,1,1,4.1,1.0,1.0,1,1.0,1.0,1.0,1.0,0.38672196330291964,5.0,3.85,11.651047498979805,sim_input.json
71,2,12,<bidder.UniformBidder object at 0x0000028086D3FCC0>,5,True,42,6.716876484864443,3.0,4.0,0.75,0.75,4.1,0.0,0.0,0,0.006741096664782353,0.0,0.0,0.006741096664782353,0.04527911366987471,5.0,3.85,11.651047498979805,sim_input.json
71,2,12,<bidder.UniformBidder object at 0x0000028086D3FCC0>,5,True,43,1.9707785325869733,4.0,4.0,0.75,0.6,4.1,0.0,0.0,0,0.0,0.0,0.0,0.0,0.0,5.0,3.85,11.651047498979805,sim_input.json
71,2,12,<bidder.UniformBidder object at 0x0000028086D3FCC0>,5,True,44,1.8826835939939377,3.0,3.0,1,0.75,4.1,0.0,0.0,0,0.012206100956807584,0.0,0.0,0.012206100956807584,0.022980226018015342,5.0,3.85,11.651047498979805,sim_input.json
71,2,12,<bidder.UniformBidder object at 0x0000028086D3FCC0>,5,True,45,1.2171438196767506,1.0,1.0,1,1,4.1,0.0,0.0,0,0.1737704918032787,0.0,0.0,0.1737704918032787,0.2115036801405501,5.0,3.85,11.651047498979805,sim_input.json
71,2,12,<bidder.UniformBidder object at 0x0000028086D3FCC0>,5,True,46,2.832092814304706,0.0,0.0,1,1,4.1,0.0,0.0,0,0.260655737704918,0.0,0.0,0.260655737704918,0.7382012417613906,5.0,3.85,11.651047498979805,sim_input.json
71,2,12,<bidder.UniformBidder object at 0x0000028086D3FCC0>,5,True,47,0.0,4.0,4.0,0.75,0.6,4.1,0.0,0.0,0,0.0,0.0,0.0,0.0,0.0,5.0,3.85,11.651047498979805,sim_input.json
71,2,12,<bidder.UniformBidder object at 0x0000028086D3FCC0>,5,True,48,5.78563254253387,2.0,2.0,1,1,4.1,0.0,0.0,0,0.08688524590163935,0.0,0.0,0.08688524590163935,0.5026861061545822,5.0,3.85,11.651047498979805,sim_input.json
71,2,12,<bidder.UniformBidder object at 0x0000028086D3FCC0>,5,True,49,2.5649639947035157,3.0,3.0,1,0.75,4.1,0.0,0.0,0,0.008988128886376482,0.0,0.0,0.008988128886376482,0.023054226973310284,5.0,3.85,11.651047498979805,sim_input.json
71,2,12,<bidder.UniformBidder object at 0x0000028086D3FCC0>,5,True,50,6.334882689024783,0.0,1.0,1,1,4.1,0.0,0.0,0,0.17997658079625292,0.0,0.0,0.17997658079625292,1.1401305261160528,5.0,3.85,11.651047498979805,sim_input.json
71,2,12,<bidder.UniformBidder object at 0x0000028086D3FCC0>,5,True,51,4.448261586957601,4.0,4.0,0.75,0.6,4.1,0.0,0.0,0,0.006741096664782353,0.0,0.0,0.006741096664782353,0.02998616134791934,5.0,3.85,11.651047498979805,sim_input.json
71,2,13,<bidder.UniformBidder object at 0x0000028086D3FD30>,5,True,0,0.8943220344090144,6.0,6.0,0.5,0.5,4.25,1.0,1.0,1,0.5026346604215457,0.5,0.5,0.5026346604215457,0.44951725207268084,5.0,4.25,10.045839049465664,sim_input.json
71,2,13,<bidder.UniformBidder object at 0x0000028086D3FD30>,5,True,1,0.0,1.0,1.0,1,1,4.25,0.0,0.0,0,0.0,0.0,0.0,0.0,0.0,5.0,4.25,10.045839049465664,sim_input.json
71,2,13,<bidder.UniformBidder object at 0x0000028086D3FD30>,5,True,2,1.5925112453251513,4.0,4.0,0.75,0.6,4.25,0.0,0.0,0,0.006001170960187365,0.0,0.0,0.006001170960187365,0.009556932239217114,5.0,4.25,10.045839049465664,sim_input.json
71,2,13,<bidder.UniformBidder object at 0x0000028086D3FD30>,5,True,3,3.8066851514092876,3.0,3.0,1,0.75,4.25,0.0,0.0,0,0.0,0.0,0.0,0.0,0.0,5.0,4.25,10.045839049465664,sim_input.json
71,2,13,<bidder.UniformBidder object at 0x0000028086D3FD30>,5,True,4,2.6835007419003785,5.0,5.0,0.6,0.5,4.25,0.0,0.0,0,0.0,0.0,0.0,0.0,0.0,5.0,4.25,10.045839049465664,sim_input.json
71,2,13,<bidder.UniformBidder object at 0x0000028086D3FD30>,5,True,5,6.1372099457759,3.0,3.0,1,0.75,4.25,0.0,0.0,0,0.0052693208430913165,0.0,0.0,0.0052693208430913165,0.032338928285704276,5.0,4.25,10.045839049465664,sim_input.json
71,2,13,<bidder.UniformBidder object at 0x0000028086D3FD30>,5,True,6,3.3221327270925416,0.0,1.0,1,1,4.25,0.0,0.0,0,0.15027322404371585,0.0,0.0,0.15027322404371585,0.4992275956013382,5.0,4.25,10.045839049465664,sim_input.json
71,2,13,<bidder.UniformBidder object at 0x0000028086D3FD30>,5,True,7,6.572353563799401,3.0,3.0,1,0.75,4.25,0.0,0.0,0,0.0,0.0,0.0,0.0,0.0,5.0,4.25,10.045839049465664,sim_input.json
71,2,13,<bidder.UniformBidder object at 0x0000028086D3FD30>,5,True,8,0.0,2.0,2.0,1,1,4.25,0.0,0.0,0,0.0,0.0,0.0,0.0,0.0,5.0,4.25,10.045839049465664,sim_input.json
71,2,13,<bidder.UniformBidder object at 0x0000028086D3FD30>,5,True,9,0.0,4.0,4.0,0.75,0.6,4.25,0.0,0.0,0,0.0,0.0,0.0,0.0,0.0,5.0,4.25,10.045839049465664,sim_input.json
71,2,13,<bidder.UniformBidder object at 0x0000028086D3FD30>,5,True,10,6.753827733288387,2.0,3.0,1,1,4.25,0.0,0.0,0,0.0052693208430913165,0.0,0.0,0.0052693208430913165,0.035588085245664675,5.0,4.25,10.045839049465664,sim_input.json
71,2,13,<bidder.UniformBidder object at 0x0000028086D3FD30>,5,True,11,0.0,2.0,2.0,1,1,4.25,0.0,0.0,0,0.0,0.0,0.0,0.0,0.0,5.0,4.25,10.045839049465664,sim_input.json
71,2,13,<bidder.UniformBidder object at 0x0000028086D3FD30>,5,True,12,6.9025621815524945,3.0,3.0,1,0.75,4.25,0.0,0.0,0,0.0052693208430913165,0.0,0.0,0.0052693208430913165,0.036371814773988424,5.0,4.25,10.045839049465664,sim_input.json
71,2,13,<bidder.UniformBidder object at 0x0000028086D3FD30>,5,True,13,1.2300847846287082,6.0,6.0,0.5,0.42857142857142855,4.25,0.0,0.0,0,0.002732240437158482,0.0,0.0,0.002732240437158482,0.003360887389695939,5.0,4.25,10.045839049465664,sim_input.json
71,2,13,<bidder.UniformBidder object at 0x0000028086D3FD30>,5,True,14,0.515802894580559,3.0,3.0,1,1,4.25,1.0,1.0,1,1.0,1.0,1.0,1.0,0.515802894580559,5.0,4.25,10.045839049465664,sim_input.json
71,2,13,<bidder.UniformBidder object at 0x0000028086D3FD30>,5,True,15,5.726740409937616,3.0,3.0,1,0.75,4.25,0.0,0.0,0,0.0052693208430913165,0.0,0.0,0.0052693208430913165,0.03017603260505759,5.0,4.25,10.045839049465664,sim_input.json
71,2,13,<bidder.UniformBidder object at 0x0000028086D3FD30>,5,True,16,4.4037955125749315,3.0,3.0,1,0.75,4.25,0.0,0.0,0,0.0,0.0,0.0,0.0,0.0,5.0,4.25,10.045839049465664,sim_input.json
71,2,13,<bidder.UniformBidder object at 0x0000028086D3FD30>,5,True,17,0.0,4.0,4.0,0.75,0.6,4.25,0.0,0.0,0,0.0,0.0,0.0,0.0,0.0,5.0,4.25,10.045839049465664,sim_input.json
71,2,13,<bidder.UniformBidder object at 0x0000028086D3FD30>,5,True,18,7.116326909953863,6.0,6.0,0.5,0.42857142857142855,4.25,0.0,0.0,0,0.009085035936364368,0.0,0.0,0.009085035936364368,0.06465208571184765,5.0,4.25,10.045839049465664,sim_input.json
71,2,13,<bidder.UniformBidder object at 0x0000028086D3FD30>,5,True,19,0.9484098652913191,2.0,2.0,1,1,4.25,1.0,1.0,1,1.0,1.0,1.0,1.0,0.9484098652913191,5.0,4.25,10.045839049465664,sim_input.json
71,2,13,<bidder.UniformBidder object at 0x0000028086D3FD30>,5,True,20,4.904640643051051,1.0,1.0,1,1,4.25,0.0,0.0,0,0.14754098360655737,0.0,0.0,0.14754098360655737,0.7236355047124502,5.0,4.25,10.045839049465664,sim_input.json
71,2,13,<bidder.UniformBidder object at 0x0000028086D3FD30>,5,True,21,0.0,1.0,1.0,1,1,4.25,0.0,0.0,0,0.0,0.0,0.0,0.0,0.0,5.0,4.25,10.045839049465664,sim_input.json
71,2,13,<bidder.UniformBidder object at 0x0000028086D3FD30>,5,True,22,5.103649528308015,3.0,3.0,1,0.75,4.25,0.0,0.0,0,0.01290075102963742,0.0,0.0,0.01290075102963742,0.06584091190722816,5.0,4.25,10.045839049465664,sim_input.json
71,2,13,<bidder.UniformBidder object at 0x0000028086D3FD30>,5,True,23,2.42543712591121,3.0,3.0,1,0.75,4.25,0.0,0.0,0,0.0052693208430913165,0.0,0.0,0.0052693208430913165,0.012780406401171436,5.0,4.25,10.045839049465664,sim_input.json
71,2,13,<bidder.UniformBidder object at 0x0000028086D3FD30>,5,True,24,0.0,4.0,4.0,0.75,0.6,4.25,0.0,0.0,0,0.0,0.0,0.0,0.0,0.0,5.0,4.25,10.045839049465664,sim_input.json
71,2,13,<bidder.UniformBidder object at 0x0000028086D3FD30>,5,True,25,2.2153285847952118,1.0,2.0,1,1,4.25,0.0,0.0,0,0.07650273224043717,0.0,0.0,0.07650273224043717,0.1694786895471747,5.0,4.25,10.045839049465664,sim_input.json
71,2,13,<bidder.UniformBidder object at 0x0000028086D3FD30>,5,True,26,2.987875393741038,1.0,1.0,1,1,4.25,0.0,0.0,0,0.14754098360655737,0.0,0.0,0.14754098360655737,0.4408340744863826,5.0,4.25,10.045839049465664,sim_input.json
71,2,13,<bidder.UniformBidder object at 0x0000028086D3FD30>,5,True,27,5.583060030751437,0.0,0.0,1,1,4.25,0.0,0.0,0,0.22131147540983606,0.0,0.0,0.22131147540983606,1.235595252707285,5.0,4.25,10.045839049465664,sim_input.json
71,2,13,<bidder.UniformBidder object at 0x0000028086D3FD30>,5,True,28,6.412093787866829,3.0,4.0,0.75,0.75,4.25,0.0,0.0,0,0.006001170960187365,0.0,0.0,0.006001170960187365,0.03848007103374421,5.0,4.25,10.045839049465664,sim_input.json
71,2,13,<bidder.UniformBidder object at 0x0000028086D3FD30>,5,True,29,7.453913783021848,2.0,3.0,1,1,4.25,0.0,0.0,0,0.002732240437158482,0.0,0.0,0.002732240437158482,0.02036588465306525,5.0,4.25,10.045839049465664,sim_input.json
71,2,13,<bidder.UniformBidder object at 0x0000028086D3FD30>,5,True,30,5.160092561534805,4.0,4.0,0.75,0.6,4.25,0.0,0.0,0,0.002049180327868845,0.0,0.0,0.002049180327868845,0.01057396016707948,5.0,4.25,10.045839049465664,sim_input.json
71,2,13,<bidder.UniformBidder object at 0x0000028086D3FD30>,5,True,31,5.756109535060115,3.0,4.0,0.75,0.75,4.25,0.0,0.0,0,0.0,0.0,0.0,0.0,0.0,5.0,4.25,10.045839049465664,sim_input.json
71,2,13,<bidder.UniformBidder object at 0x0000028086D3FD30>,5,True,32,7.689106414306247,4.0,4.0,0.75,0.6,4.25,0.0,0.0,0,0.00409836065573769,0.0,0.0,0.00409836065573769,0.03151273120617303,5.0,4.25,10.045839049465664,sim_input.json
71,2,13,<bidder.UniformBidder object at 0x0000028086D3FD30>,5,True,33,7.611169222632388,2.0,2.0,1,1,4.25,0.0,0.0,0,0.07377049180327869,0.0,0.0,0.07377049180327869,0.5614796967515696,5.0,4.25,10.045839049465664,sim_input.json
71,2,13,<bidder.UniformBidder object at 0x0000028086D3FD30>,5,True,34,4.322638295378724,4.0,4.0,0.75,0.6,4.25,0.0,0.0,0,0.0,0.0,0.0,0.0,0.0,5.0,4.25,10.045839049465664,sim_input.json
71,2,13,<bidder.UniformBidder object at 0x0000028086D3FD30>,5,True,35,1.9874610454349773,4.0,4.0,0.75,0.6,4.25,0.0,0.0,0,0.006001170960187365,0.0,0.0,0.006001170960187365,0.011927093510368006,5.0,4.25,10.045839049465664,sim_input.json
71,2,13,<bidder.UniformBidder object at 0x0000028086D3FD30>,5,True,36,0.0,3.0,3.0,1,0.75,4.25,0.0,0.0,0,0.0,0.0,0.0,0.0,0.0,5.0,4.25,10.045839049465664,sim_input.json
71,2,13,<bidder.UniformBidder object at 0x0000028086D3FD30>,5,True,37,1.6515901109010334,6.0,6.0,0.5,0.42857142857142855,4.25,0.0,0.0,0,0.005181835311852292,0.0,0.0,0.005181835311852292,0.008558267957373019,5.0,4.25,10.045839049465664,sim_input.json
71,2,13,<bidder.UniformBidder object at 0x0000028086D3FD30>,5,True,38,0.15506805870320206,3.0,3.0,1,1,4.25,1.0,1.0,1,1.0,1.0,1.0,1.0,0.15506805870320206,5.0,4.25,10.045839049465664,sim_input.json
71,2,13,<bidder.UniformBidder object at 0x0000028086D3FD30>,5,True,39,4.341542386810167,3.0,3.0,1,0.75,4.25,0.0,0.0,0,0.0,0.0,0.0,0.0,0.0,5.0,4.25,10.045839049465664,sim_input.json
71,2,13,<bidder.UniformBidder object at 0x0000028086D3FD30>,5,True,40,1.3613533745534048,4.0,4.0,0.75,0.6,4.25,0.0,0.0,0,0.00805035128805621,0.0,0.0,0.00805035128805621,0.010959372892335669,5.0,4.25,10.045839049465664,sim_input.json
71,2,13,<bidder.UniformBidder object at 0x0000028086D3FD30>,5,True,41,5.232830930945737,1.0,1.0,1,1,4.25,0.0,0.0,0,0.14754098360655737,0.0,0.0,0.14754098360655737,0.7720570225985514,5.0,4.25,10.045839049465664,sim_input.json
71,2,13,<bidder.UniformBidder object at 0x0000028086D3FD30>,5,True,42,4.359056643771858,3.0,4.0,0.75,0.75,4.25,0.0,0.0,0,0.005723572639909544,0.0,0.0,0.005723572639909544,0.02494937734210853,5.0,4.25,10.045839049465664,sim_input.json
71,2,13,<bidder.UniformBidder object at 0x0000028086D3FD30>,5,True,43,0.6182629008028496,4.0,4.0,0.75,0.75,4.25,1.0,1.0,1,0.75,0.75,0.75,0.75,0.4636971756021372,5.0,4.25,10.045839049465664,sim_input.json
71,2,13,<bidder.UniformBidder object at 0x0000028086D3FD30>,5,True,44,6.858537410276574,3.0,3.0,1,0.75,4.25,0.0,0.0,0,0.010363670623704552,0.0,0.0,0.010363670623704552,0.07107962268046202,5.0,4.25,10.045839049465664,sim_input.json
71,2,13,<bidder.UniformBidder object at 0x0000028086D3FD30>,5,True,45,7.957676343689972,1.0,1.0,1,1,4.25,0.0,0.0,0,0.14754098360655737,0.0,0.0,0.14754098360655737,1.1740833949706515,5.0,4.25,10.045839049465664,sim_input.json
71,2,13,<bidder.UniformBidder object at 0x0000028086D3FD30>,5,True,46,1.8403295161675148,0.0,0.0,1,1,4.25,0.0,0.0,0,0.22131147540983606,0.0,0.0,0.22131147540983606,0.40728604046330247,5.0,4.25,10.045839049465664,sim_input.json
71,2,13,<bidder.UniformBidder object at 0x0000028086D3FD30>,5,True,47,1.6597705414748498,4.0,4.0,0.75,0.6,4.25,0.0,0.0,0,0.00409836065573769,0.0,0.0,0.00409836065573769,0.006802338284732967,5.0,4.25,10.045839049465664,sim_input.json
71,2,13,<bidder.UniformBidder object at 0x0000028086D3FD30>,5,True,48,0.0,2.0,2.0,1,1,4.25,0.0,0.0,0,0.0,0.0,0.0,0.0,0.0,5.0,4.25,10.045839049465664,sim_input.json
71,2,13,<bidder.UniformBidder object at 0x0000028086D3FD30>,5,True,49,1.3367368188989766,3.0,3.0,1,0.75,4.25,0.0,0.0,0,0.00763143018654607,0.0,0.0,0.00763143018654607,0.010201213711213217,5.0,4.25,10.045839049465664,sim_input.json
71,2,13,<bidder.UniformBidder object at 0x0000028086D3FD30>,5,True,50,6.4592761563135115,0.0,1.0,1,1,4.25,0.0,0.0,0,0.1528103044496487,0.0,0.0,0.1528103044496487,0.9870439559706242,5.0,4.25,10.045839049465664,sim_input.json
71,2,13,<bidder.UniformBidder object at 0x0000028086D3FD30>,5,True,51,1.1437886474193,4.0,4.0,0.75,0.6,4.25,0.0,0.0,0,0.005723572639909544,0.0,0.0,0.005723572639909544,0.00654655740820825,5.0,4.25,10.045839049465664,sim_input.json
71,2,14,<bidder.IntegralGreedyBidder object at 0x0000028086D3F128>,5,True,0,2.590680180012998,6.0,6.0,0.5,0.42857142857142855,6.75,0.0,0.0,0,0.0,0.0,0.0,0.0,0.0,8.0,6.5,3.8232651945333713,sim_input.json
71,2,14,<bidder.IntegralGreedyBidder object at 0x0000028086D3F128>,5,True,1,3.518641751587636,1.0,1.0,1,1,6.75,0.0,0.0,0,0.0,0.0,0.0,0.0,0.0,8.0,6.5,3.8232651945333713,sim_input.json
71,2,14,<bidder.IntegralGreedyBidder object at 0x0000028086D3F128>,5,True,2,5.566639297161284,4.0,4.0,0.75,0.6,6.75,0.0,0.0,0,0.0,0.0,0.0,0.0,0.0,8.0,6.5,3.8232651945333713,sim_input.json
71,2,14,<bidder.IntegralGreedyBidder object at 0x0000028086D3F128>,5,True,3,0.0,3.0,3.0,1,0.75,6.75,0.0,0.0,0,0.0,0.0,0.0,0.0,0.0,8.0,6.5,3.8232651945333713,sim_input.json
71,2,14,<bidder.IntegralGreedyBidder object at 0x0000028086D3F128>,5,True,4,7.67927009352848,5.0,5.0,0.6,0.5,6.75,0.0,0.0,0,0.0,0.0,0.0,0.0,0.0,8.0,6.5,3.8232651945333713,sim_input.json
71,2,14,<bidder.IntegralGreedyBidder object at 0x0000028086D3F128>,5,True,5,5.029103730353529,3.0,3.0,1,0.75,6.75,0.0,0.0,0,0.0,0.0,0.0,0.0,0.0,8.0,6.5,3.8232651945333713,sim_input.json
71,2,14,<bidder.IntegralGreedyBidder object at 0x0000028086D3F128>,5,True,6,0.0,0.0,1.0,1,1,6.75,0.0,0.0,0,0.0,0.0,0.0,0.0,0.0,8.0,6.5,3.8232651945333713,sim_input.json
71,2,14,<bidder.IntegralGreedyBidder object at 0x0000028086D3F128>,5,True,7,0.8941079358138901,3.0,3.0,1,1,6.75,1.0,1.0,1,1.0,1.0,1.0,1.0,0.8941079358138901,8.0,6.5,3.8232651945333713,sim_input.json
71,2,14,<bidder.IntegralGreedyBidder object at 0x0000028086D3F128>,5,True,8,0.8575440528421898,2.0,2.0,1,1,6.75,1.0,1.0,1,1.0,1.0,1.0,1.0,0.8575440528421898,8.0,6.5,3.8232651945333713,sim_input.json
71,2,14,<bidder.IntegralGreedyBidder object at 0x0000028086D3F128>,5,True,9,4.500221050409877,4.0,4.0,0.75,0.6,6.75,0.0,0.0,0,0.0,0.0,0.0,0.0,0.0,8.0,6.5,3.8232651945333713,sim_input.json
71,2,14,<bidder.IntegralGreedyBidder object at 0x0000028086D3F128>,5,True,10,6.468465269074496,2.0,3.0,1,1,6.75,0.0,0.0,0,0.0,0.0,0.0,0.0,0.0,8.0,6.5,3.8232651945333713,sim_input.json
71,2,14,<bidder.IntegralGreedyBidder object at 0x0000028086D3F128>,5,True,11,3.992424888133893,2.0,2.0,1,1,6.75,0.0,0.0,0,0.0,0.0,0.0,0.0,0.0,8.0,6.5,3.8232651945333713,sim_input.json
71,2,14,<bidder.IntegralGreedyBidder object at 0x0000028086D3F128>,5,True,12,7.086323399685458,3.0,3.0,1,0.75,6.75,0.0,0.0,0,0.0,0.0,0.0,0.0,0.0,8.0,6.5,3.8232651945333713,sim_input.json
71,2,14,<bidder.IntegralGreedyBidder object at 0x0000028086D3F128>,5,True,13,0.3727840093185141,6.0,6.0,0.5,0.5,6.75,1.0,1.0,1,0.5,0.5,0.5,0.5,0.18639200465925704,8.0,6.5,3.8232651945333713,sim_input.json
71,2,14,<bidder.IntegralGreedyBidder object at 0x0000028086D3F128>,5,True,14,4.116581473853799,3.0,3.0,1,0.75,6.75,0.0,0.0,0,0.0,0.0,0.0,0.0,0.0,8.0,6.5,3.8232651945333713,sim_input.json
71,2,14,<bidder.IntegralGreedyBidder object at 0x0000028086D3F128>,5,True,15,5.546269190768061,3.0,3.0,1,0.75,6.75,0.0,0.0,0,0.0,0.0,0.0,0.0,0.0,8.0,6.5,3.8232651945333713,sim_input.json
71,2,14,<bidder.IntegralGreedyBidder object at 0x0000028086D3F128>,5,True,16,0.0,3.0,3.0,1,0.75,6.75,0.0,0.0,0,0.0,0.0,0.0,0.0,0.0,8.0,6.5,3.8232651945333713,sim_input.json
71,2,14,<bidder.IntegralGreedyBidder object at 0x0000028086D3F128>,5,True,17,1.246006185057086,4.0,4.0,0.75,0.6,6.75,0.0,0.0,0,0.0,0.0,0.0,0.0,0.0,8.0,6.5,3.8232651945333713,sim_input.json
71,2,14,<bidder.IntegralGreedyBidder object at 0x0000028086D3F128>,5,True,18,4.350501457479385,6.0,6.0,0.5,0.42857142857142855,6.75,0.0,0.0,0,0.0,0.0,0.0,0.0,0.0,8.0,6.5,3.8232651945333713,sim_input.json
71,2,14,<bidder.IntegralGreedyBidder object at 0x0000028086D3F128>,5,True,19,1.4753601252533048,2.0,2.0,1,1,6.75,0.0,0.0,0,0.0,0.0,0.0,0.0,0.0,8.0,6.5,3.8232651945333713,sim_input.json
71,2,14,<bidder.IntegralGreedyBidder object at 0x0000028086D3F128>,5,True,20,2.924189485734498,1.0,1.0,1,1,6.75,0.0,0.0,0,0.0,0.0,0.0,0.0,0.0,8.0,6.5,3.8232651945333713,sim_input.json
71,2,14,<bidder.IntegralGreedyBidder object at 0x0000028086D3F128>,5,True,21,3.0114909685158127,1.0,1.0,1,1,6.75,0.0,0.0,0,0.0,0.0,0.0,0.0,0.0,8.0,6.5,3.8232651945333713,sim_input.json
71,2,14,<bidder.IntegralGreedyBidder object at 0x0000028086D3F128>,5,True,22,4.7680618580089895,3.0,3.0,1,0.75,6.75,0.0,0.0,0,0.0,0.0,0.0,0.0,0.0,8.0,6.5,3.8232651945333713,sim_input.json
71,2,14,<bidder.IntegralGreedyBidder object at 0x0000028086D3F128>,5,True,23,7.525904169529197,3.0,3.0,1,0.75,6.75,0.0,0.0,0,0.0,0.0,0.0,0.0,0.0,8.0,6.5,3.8232651945333713,sim_input.json
71,2,14,<bidder.IntegralGreedyBidder object at 0x0000028086D3F128>,5,True,24,0.9326837096493567,4.0,4.0,0.75,0.75,6.75,1.0,1.0,1,0.75,0.75,0.75,0.75,0.6995127822370175,8.0,6.5,3.8232651945333713,sim_input.json
71,2,14,<bidder.IntegralGreedyBidder object at 0x0000028086D3F128>,5,True,25,1.7248056637951408,1.0,2.0,1,1,6.75,0.0,0.0,0,0.0,0.0,0.0,0.0,0.0,8.0,6.5,3.8232651945333713,sim_input.json
71,2,14,<bidder.IntegralGreedyBidder object at 0x0000028086D3F128>,5,True,26,2.306876992811877,1.0,1.0,1,1,6.75,0.0,0.0,0,0.0,0.0,0.0,0.0,0.0,8.0,6.5,3.8232651945333713,sim_input.json
71,2,14,<bidder.IntegralGreedyBidder object at 0x0000028086D3F128>,5,True,27,5.522214567431611,0.0,0.0,1,1,6.75,0.0,0.0,0,0.0,0.0,0.0,0.0,0.0,8.0,6.5,3.8232651945333713,sim_input.json
71,2,14,<bidder.IntegralGreedyBidder object at 0x0000028086D3F128>,5,True,28,5.291484120697927,3.0,4.0,0.75,0.75,6.75,0.0,0.0,0,0.0,0.0,0.0,0.0,0.0,8.0,6.5,3.8232651945333713,sim_input.json
71,2,14,<bidder.IntegralGreedyBidder object at 0x0000028086D3F128>,5,True,29,2.1712602537391406,2.0,3.0,1,1,6.75,0.0,0.0,0,0.0,0.0,0.0,0.0,0.0,8.0,6.5,3.8232651945333713,sim_input.json
71,2,14,<bidder.IntegralGreedyBidder object at 0x0000028086D3F128>,5,True,30,3.225578218124062,4.0,4.0,0.75,0.6,6.75,0.0,0.0,0,0.0,0.0,0.0,0.0,0.0,8.0,6.5,3.8232651945333713,sim_input.json
71,2,14,<bidder.IntegralGreedyBidder object at 0x0000028086D3F128>,5,True,31,0.0,3.0,4.0,0.75,0.75,6.75,0.0,0.0,0,0.0,0.0,0.0,0.0,0.0,8.0,6.5,3.8232651945333713,sim_input.json
71,2,14,<bidder.IntegralGreedyBidder object at 0x0000028086D3F128>,5,True,32,0.0,4.0,4.0,0.75,0.6,6.75,0.0,0.0,0,0.0,0.0,0.0,0.0,0.0,8.0,6.5,3.8232651945333713,sim_input.json
71,2,14,<bidder.IntegralGreedyBidder object at 0x0000028086D3F128>,5,True,33,0.0,2.0,2.0,1,1,6.75,0.0,0.0,0,0.0,0.0,0.0,0.0,0.0,8.0,6.5,3.8232651945333713,sim_input.json
71,2,14,<bidder.IntegralGreedyBidder object at 0x0000028086D3F128>,5,True,34,0.726040552038332,4.0,4.0,0.75,0.75,6.75,1.0,1.0,1,0.75,0.75,0.75,0.75,0.544530414028749,8.0,6.5,3.8232651945333713,sim_input.json
71,2,14,<bidder.IntegralGreedyBidder object at 0x0000028086D3F128>,5,True,35,0.0,4.0,4.0,0.75,0.6,6.75,0.0,0.0,0,0.0,0.0,0.0,0.0,0.0,8.0,6.5,3.8232651945333713,sim_input.json
71,2,14,<bidder.IntegralGreedyBidder object at 0x0000028086D3F128>,5,True,36,7.072988981799542,3.0,3.0,1,0.75,6.75,0.0,0.0,0,0.0,0.0,0.0,0.0,0.0,8.0,6.5,3.8232651945333713,sim_input.json
71,2,14,<bidder.IntegralGreedyBidder object at 0x0000028086D3F128>,5,True,37,0.0,6.0,6.0,0.5,0.42857142857142855,6.75,0.0,0.0,0,0.0,0.0,0.0,0.0,0.0,8.0,6.5,3.8232651945333713,sim_input.json
71,2,14,<bidder.IntegralGreedyBidder object at 0x0000028086D3F128>,5,True,38,6.3130019717448205,3.0,3.0,1,0.75,6.75,0.0,0.0,0,0.0,0.0,0.0,0.0,0.0,8.0,6.5,3.8232651945333713,sim_input.json
71,2,14,<bidder.IntegralGreedyBidder object at 0x0000028086D3F128>,5,True,39,3.8743732603180003,3.0,3.0,1,0.75,6.75,0.0,0.0,0,0.0,0.0,0.0,0.0,0.0,8.0,6.5,3.8232651945333713,sim_input.json
71,2,14,<bidder.IntegralGreedyBidder object at 0x0000028086D3F128>,5,True,40,6.197138216336894,4.0,4.0,0.75,0.6,6.75,0.0,0.0,0,0.0,0.0,0.0,0.0,0.0,8.0,6.5,3.8232651945333713,sim_input.json
71,2,14,<bidder.IntegralGreedyBidder object at 0x0000028086D3F128>,5,True,41,4.687467644529187,1.0,1.0,1,1,6.75,0.0,0.0,0,0.0,0.0,0.0,0.0,0.0,8.0,6.5,3.8232651945333713,sim_input.json
71,2,14,<bidder.IntegralGreedyBidder object at 0x0000028086D3F128>,5,True,42,0.3336022386176838,3.0,4.0,0.75,1,6.75,1.0,1.0,1,0.75,0.75,0.75,0.75,0.25020167896326284,8.0,6.5,3.8232651945333713,sim_input.json
71,2,14,<bidder.IntegralGreedyBidder object at 0x0000028086D3F128>,5,True,43,0.06363070421625627,4.0,4.0,0.75,0.75,6.75,1.0,1.0,1,0.75,0.75,0.75,0.75,0.047723028162192205,8.0,6.5,3.8232651945333713,sim_input.json
71,2,14,<bidder.IntegralGreedyBidder object at 0x0000028086D3F128>,5,True,44,0.9576247432974114,3.0,3.0,1,0.75,6.75,0.0,0.0,0,0.0,0.0,0.0,0.0,0.0,8.0,6.5,3.8232651945333713,sim_input.json
71,2,14,<bidder.IntegralGreedyBidder object at 0x0000028086D3F128>,5,True,45,7.176248738777758,1.0,1.0,1,1,6.75,0.0,0.0,0,0.0,0.0,0.0,0.0,0.0,8.0,6.5,3.8232651945333713,sim_input.json
71,2,14,<bidder.IntegralGreedyBidder object at 0x0000028086D3F128>,5,True,46,4.57469941139493,0.0,0.0,1,1,6.75,0.0,0.0,0,0.0,0.0,0.0,0.0,0.0,8.0,6.5,3.8232651945333713,sim_input.json
71,2,14,<bidder.IntegralGreedyBidder object at 0x0000028086D3F128>,5,True,47,1.459101866662318,4.0,4.0,0.75,0.6,6.75,0.0,0.0,0,0.0,0.0,0.0,0.0,0.0,8.0,6.5,3.8232651945333713,sim_input.json
71,2,14,<bidder.IntegralGreedyBidder object at 0x0000028086D3F128>,5,True,48,0.34325329782681335,2.0,2.0,1,1,6.75,1.0,1.0,1,1.0,1.0,1.0,1.0,0.34325329782681335,8.0,6.5,3.8232651945333713,sim_input.json
71,2,14,<bidder.IntegralGreedyBidder object at 0x0000028086D3F128>,5,True,49,0.9421597387271343,3.0,3.0,1,0.75,6.75,0.0,0.0,0,0.0,0.0,0.0,0.0,0.0,8.0,6.5,3.8232651945333713,sim_input.json
71,2,14,<bidder.IntegralGreedyBidder object at 0x0000028086D3F128>,5,True,50,2.960656063530407,0.0,1.0,1,1,6.75,0.0,0.0,0,0.0,0.0,0.0,0.0,0.0,8.0,6.5,3.8232651945333713,sim_input.json
71,2,14,<bidder.IntegralGreedyBidder object at 0x0000028086D3F128>,5,True,51,2.827248772234399,4.0,4.0,0.75,0.6,6.75,0.0,0.0,0,0.0,0.0,0.0,0.0,0.0,8.0,6.5,3.8232651945333713,sim_input.json
71,2,15,<bidder.UniformBidder object at 0x0000028086D3F2E8>,5,True,0,0.0,6.0,6.0,0.5,0.42857142857142855,3.5,0.0,0.0,0,0.0,0.0,0.0,0.0,0.0,5.0,3.5,15.605933875694584,sim_input.json
71,2,15,<bidder.UniformBidder object at 0x0000028086D3F2E8>,5,True,1,3.657394946139583,1.0,1.0,1,1,3.5,0.0,0.0,0,0.20689655172413793,0.0,0.0,0.20689655172413793,0.7567024026495689,5.0,3.5,15.605933875694584,sim_input.json
71,2,15,<bidder.UniformBidder object at 0x0000028086D3F2E8>,5,True,2,2.907440327930737,4.0,4.0,0.75,0.6,3.5,0.0,0.0,0,0.00800156128024982,0.0,0.0,0.00800156128024982,0.023264061952607426,5.0,3.5,15.605933875694584,sim_input.json
71,2,15,<bidder.UniformBidder object at 0x0000028086D3F2E8>,5,True,3,3.0865521747855027,3.0,3.0,1,0.75,3.5,0.0,0.0,0,0.0,0.0,0.0,0.0,0.0,5.0,3.5,15.605933875694584,sim_input.json
71,2,15,<bidder.UniformBidder object at 0x0000028086D3F2E8>,5,True,4,2.9084110647046275,5.0,5.0,0.6,0.5,3.5,0.0,0.0,0,0.0,0.0,0.0,0.0,0.0,5.0,3.5,15.605933875694584,sim_input.json
71,2,15,<bidder.UniformBidder object at 0x0000028086D3F2E8>,5,True,5,3.975561383905964,3.0,3.0,1,0.75,3.5,0.0,0.0,0,0.007025761124121755,0.0,0.0,0.007025761124121755,0.027931344617606203,5.0,3.5,15.605933875694584,sim_input.json
71,2,15,<bidder.UniformBidder object at 0x0000028086D3F2E8>,5,True,6,4.311163605569012,0.0,1.0,1,1,3.5,0.0,0.0,0,0.20036429872495448,0.0,0.0,0.20036429872495448,0.8638032725183814,5.0,3.5,15.605933875694584,sim_input.json
71,2,15,<bidder.UniformBidder object at 0x0000028086D3F2E8>,5,True,7,2.2840715097446482,3.0,3.0,1,0.75,3.5,0.0,0.0,0,0.0,0.0,0.0,0.0,0.0,5.0,3.5,15.605933875694584,sim_input.json
71,2,15,<bidder.UniformBidder object at 0x0000028086D3F2E8>,5,True,8,7.643382768653128,2.0,2.0,1,1,3.5,0.0,0.0,0,0.09836065573770492,0.0,0.0,0.09836065573770492,0.7518081411789962,5.0,3.5,15.605933875694584,sim_input.json
71,2,15,<bidder.UniformBidder object at 0x0000028086D3F2E8>,5,True,9,0.21232119963414653,4.0,4.0,0.75,0.75,3.5,1.0,1.0,1,0.7552693208430914,0.75,0.75,0.7552693208430914,0.16035968824827226,5.0,3.5,15.605933875694584,sim_input.json
71,2,15,<bidder.UniformBidder object at 0x0000028086D3F2E8>,5,True,10,3.2202016815706176,2.0,3.0,1,1,3.5,0.0,0.0,0,0.007025761124121755,0.0,0.0,0.007025761124121755,0.022624367786210346,5.0,3.5,15.605933875694584,sim_input.json
71,2,15,<bidder.UniformBidder object at 0x0000028086D3F2E8>,5,True,11,6.608544357524012,2.0,2.0,1,1,3.5,0.0,0.0,0,0.10538641686182669,0.0,0.0,0.10538641686182669,0.6964508105118982,5.0,3.5,15.605933875694584,sim_input.json
71,2,15,<bidder.UniformBidder object at 0x0000028086D3F2E8>,5,True,12,0.11002596729234593,3.0,3.0,1,1,3.5,1.0,1.0,1,1.0,1.0,1.0,1.0,0.11002596729234593,5.0,3.5,15.605933875694584,sim_input.json
71,2,15,<bidder.UniformBidder object at 0x0000028086D3F2E8>,5,True,13,0.3522386639754096,6.0,6.0,0.5,0.5,3.5,1.0,1.0,1,0.5036429872495446,0.5,0.5,0.5036429872495446,0.17740253294936384,5.0,3.5,15.605933875694584,sim_input.json
71,2,15,<bidder.UniformBidder object at 0x0000028086D3F2E8>,5,True,14,2.958540728886832,3.0,3.0,1,0.75,3.5,0.0,0.0,0,0.0036429872495446426,0.0,0.0,0.0036429872495446426,0.010777926152593242,5.0,3.5,15.605933875694584,sim_input.json
71,2,15,<bidder.UniformBidder object at 0x0000028086D3F2E8>,5,True,15,5.012619211695451,3.0,3.0,1,0.75,3.5,0.0,0.0,0,0.007025761124121755,0.0,0.0,0.007025761124121755,0.03521746518755574,5.0,3.5,15.605933875694584,sim_input.json
71,2,15,<bidder.UniformBidder object at 0x0000028086D3F2E8>,5,True,16,6.2757838243524136,3.0,3.0,1,0.75,3.5,0.0,0.0,0,0.0,0.0,0.0,0.0,0.0,5.0,3.5,15.605933875694584,sim_input.json
71,2,15,<bidder.UniformBidder object at 0x0000028086D3F2E8>,5,True,17,3.668285461181272,4.0,4.0,0.75,0.6,3.5,0.0,0.0,0,0.018365231903954338,0.0,0.0,0.018365231903954338,0.06736891318449814,5.0,3.5,15.605933875694584,sim_input.json
71,2,15,<bidder.UniformBidder object at 0x0000028086D3F2E8>,5,True,18,0.0,6.0,6.0,0.5,0.42857142857142855,3.5,0.0,0.0,0,0.0,0.0,0.0,0.0,0.0,5.0,3.5,15.605933875694584,sim_input.json
71,2,15,<bidder.UniformBidder object at 0x0000028086D3F2E8>,5,True,19,4.2800651742070945,2.0,2.0,1,1,3.5,0.0,0.0,0,0.09836065573770492,0.0,0.0,0.09836065573770492,0.420990017135124,5.0,3.5,15.605933875694584,sim_input.json
71,2,15,<bidder.UniformBidder object at 0x0000028086D3F2E8>,5,True,20,4.118094997573536,1.0,1.0,1,1,3.5,0.0,0.0,0,0.19672131147540983,0.0,0.0,0.19672131147540983,0.8101170487029906,5.0,3.5,15.605933875694584,sim_input.json
71,2,15,<bidder.UniformBidder object at 0x0000028086D3F2E8>,5,True,21,6.358096994051157,1.0,1.0,1,1,3.5,0.0,0.0,0,0.19672131147540983,0.0,0.0,0.19672131147540983,1.2507731791576047,5.0,3.5,15.605933875694584,sim_input.json
71,2,15,<bidder.UniformBidder object at 0x0000028086D3F2E8>,5,True,22,0.9630142925573355,3.0,3.0,1,0.75,3.5,0.0,0.0,0,0.01720100137284989,0.0,0.0,0.01720100137284989,0.016564810168352793,5.0,3.5,15.605933875694584,sim_input.json
71,2,15,<bidder.UniformBidder object at 0x0000028086D3F2E8>,5,True,23,0.7602752320006272,3.0,3.0,1,0.75,3.5,0.0,0.0,0,0.007025761124121755,0.0,0.0,0.007025761124121755,0.0053415121686226546,5.0,3.5,15.605933875694584,sim_input.json
71,2,15,<bidder.UniformBidder object at 0x0000028086D3F2E8>,5,True,24,0.41974338214447116,4.0,4.0,0.75,0.6,3.5,0.0,0.0,0,0.0027322404371584604,0.0,0.0,0.0027322404371584604,0.0011468398419247805,5.0,3.5,15.605933875694584,sim_input.json
71,2,15,<bidder.UniformBidder object at 0x0000028086D3F2E8>,5,True,25,7.95005422783389,1.0,2.0,1,1,3.5,0.0,0.0,0,0.10200364298724957,0.0,0.0,0.10200364298724957,0.8109344931852421,5.0,3.5,15.605933875694584,sim_input.json
71,2,15,<bidder.UniformBidder object at 0x0000028086D3F2E8>,5,True,26,2.54106206314393,1.0,1.0,1,1,3.5,0.0,0.0,0,0.19672131147540983,0.0,0.0,0.19672131147540983,0.49988106160208456,5.0,3.5,15.605933875694584,sim_input.json
71,2,15,<bidder.UniformBidder object at 0x0000028086D3F2E8>,5,True,27,6.380602305537337,0.0,0.0,1,1,3.5,0.0,0.0,0,0.29508196721311475,0.0,0.0,0.29508196721311475,1.882800680322493,5.0,3.5,15.605933875694584,sim_input.json
71,2,15,<bidder.UniformBidder object at 0x0000028086D3F2E8>,5,True,28,4.498436759940126,3.0,4.0,0.75,0.75,3.5,0.0,0.0,0,0.00800156128024982,0.0,0.0,0.00800156128024982,0.03599451739998937,5.0,3.5,15.605933875694584,sim_input.json
71,2,15,<bidder.UniformBidder object at 0x0000028086D3F2E8>,5,True,29,5.505251930120229,2.0,3.0,1,1,3.5,0.0,0.0,0,0.0036429872495446426,0.0,0.0,0.0036429872495446426,0.02005556258695903,5.0,3.5,15.605933875694584,sim_input.json
71,2,15,<bidder.UniformBidder object at 0x0000028086D3F2E8>,5,True,30,2.182518795855197,4.0,4.0,0.75,0.6,3.5,0.0,0.0,0,0.0027322404371584604,0.0,0.0,0.0027322404371584604,0.00596316610889396,5.0,3.5,15.605933875694584,sim_input.json
71,2,15,<bidder.UniformBidder object at 0x0000028086D3F2E8>,5,True,31,4.818553524477737,3.0,4.0,0.75,0.75,3.5,0.0,0.0,0,0.0,0.0,0.0,0.0,0.0,5.0,3.5,15.605933875694584,sim_input.json
71,2,15,<bidder.UniformBidder object at 0x0000028086D3F2E8>,5,True,32,6.786993743099197,4.0,4.0,0.75,0.6,3.5,0.0,0.0,0,0.005464480874316921,0.0,0.0,0.005464480874316921,0.03708739750327417,5.0,3.5,15.605933875694584,sim_input.json
71,2,15,<bidder.UniformBidder object at 0x0000028086D3F2E8>,5,True,33,7.5950563720839,2.0,2.0,1,1,3.5,0.0,0.0,0,0.09836065573770492,0.0,0.0,0.09836065573770492,0.7470547251230065,5.0,3.5,15.605933875694584,sim_input.json
71,2,15,<bidder.UniformBidder object at 0x0000028086D3F2E8>,5,True,34,0.4671509669156999,4.0,4.0,0.75,0.6,3.5,0.0,0.0,0,0.0,0.0,0.0,0.0,0.0,5.0,3.5,15.605933875694584,sim_input.json
71,2,15,<bidder.UniformBidder object at 0x0000028086D3F2E8>,5,True,35,6.422864995522955,4.0,4.0,0.75,0.6,3.5,0.0,0.0,0,0.00800156128024982,0.0,0.0,0.00800156128024982,0.051392947856448414,5.0,3.5,15.605933875694584,sim_input.json
71,2,15,<bidder.UniformBidder object at 0x0000028086D3F2E8>,5,True,36,4.988111426545533,3.0,3.0,1,0.75,3.5,0.0,0.0,0,0.010928961748633885,0.0,0.0,0.010928961748633885,0.054514878978639734,5.0,3.5,15.605933875694584,sim_input.json
71,2,15,<bidder.UniformBidder object at 0x0000028086D3F2E8>,5,True,37,0.19466790065517403,6.0,6.0,0.5,0.5,3.5,1.0,1.0,1,0.5069091137491364,0.5,0.5,0.5069091137491364,0.0986789329965192,5.0,3.5,15.605933875694584,sim_input.json
71,2,15,<bidder.UniformBidder object at 0x0000028086D3F2E8>,5,True,38,3.747334208765078,3.0,3.0,1,0.75,3.5,0.0,0.0,0,0.0036429872495446426,0.0,0.0,0.0036429872495446426,0.013651490742313642,5.0,3.5,15.605933875694584,sim_input.json
71,2,15,<bidder.UniformBidder object at 0x0000028086D3F2E8>,5,True,39,6.692416770921636,3.0,3.0,1,0.75,3.5,0.0,0.0,0,0.0,0.0,0.0,0.0,0.0,5.0,3.5,15.605933875694584,sim_input.json
71,2,15,<bidder.UniformBidder object at 0x0000028086D3F2E8>,5,True,40,2.2899466926845724,4.0,4.0,0.75,0.6,3.5,0.0,0.0,0,0.01073380171740828,0.0,0.0,0.01073380171740828,0.024579833742711072,5.0,3.5,15.605933875694584,sim_input.json
71,2,15,<bidder.UniformBidder object at 0x0000028086D3F2E8>,5,True,41,3.846858471376902,1.0,1.0,1,1,3.5,0.0,0.0,0,0.19672131147540983,0.0,0.0,0.19672131147540983,0.7567590435495545,5.0,3.5,15.605933875694584,sim_input.json
71,2,15,<bidder.UniformBidder object at 0x0000028086D3F2E8>,5,True,42,5.738369102990232,3.0,4.0,0.75,0.75,3.5,0.0,0.0,0,0.007631430186546059,0.0,0.0,0.007631430186546059,0.04379196319410288,5.0,3.5,15.605933875694584,sim_input.json
71,2,15,<bidder.UniformBidder object at 0x0000028086D3F2E8>,5,True,43,3.3079399012123476,4.0,4.0,0.75,0.6,3.5,0.0,0.0,0,0.0,0.0,0.0,0.0,0.0,5.0,3.5,15.605933875694584,sim_input.json
71,2,15,<bidder.UniformBidder object at 0x0000028086D3F2E8>,5,True,44,2.3345155151755295,3.0,3.0,1,0.75,3.5,0.0,0.0,0,0.013818227498272736,0.0,0.0,0.013818227498272736,0.032258866486942844,5.0,3.5,15.605933875694584,sim_input.json
71,2,15,<bidder.UniformBidder object at 0x0000028086D3F2E8>,5,True,45,3.5152962960401495,1.0,1.0,1,1,3.5,0.0,0.0,0,0.19672131147540983,0.0,0.0,0.19672131147540983,0.6915336975816687,5.0,3.5,15.605933875694584,sim_input.json
71,2,15,<bidder.UniformBidder object at 0x0000028086D3F2E8>,5,True,46,5.549365358107169,0.0,0.0,1,1,3.5,0.0,0.0,0,0.29508196721311475,0.0,0.0,0.29508196721311475,1.6375176466545744,5.0,3.5,15.605933875694584,sim_input.json
71,2,15,<bidder.UniformBidder object at 0x0000028086D3F2E8>,5,True,47,0.0,4.0,4.0,0.75,0.6,3.5,0.0,0.0,0,0.0,0.0,0.0,0.0,0.0,5.0,3.5,15.605933875694584,sim_input.json
71,2,15,<bidder.UniformBidder object at 0x0000028086D3F2E8>,5,True,48,3.407288415865507,2.0,2.0,1,1,3.5,0.0,0.0,0,0.09836065573770492,0.0,0.0,0.09836065573770492,0.33514312287201703,5.0,3.5,15.605933875694584,sim_input.json
71,2,15,<bidder.UniformBidder object at 0x0000028086D3F2E8>,5,True,49,4.187343277295524,3.0,3.0,1,0.75,3.5,0.0,0.0,0,0.010175240248728094,0.0,0.0,0.010175240248728094,0.04260722385037842,5.0,3.5,15.605933875694584,sim_input.json
71,2,15,<bidder.UniformBidder object at 0x0000028086D3F2E8>,5,True,50,6.78156809124844,0.0,1.0,1,1,3.5,0.0,0.0,0,0.2037470725995316,0.0,0.0,0.2037470725995316,1.3817246462262627,5.0,3.5,15.605933875694584,sim_input.json
71,2,15,<bidder.UniformBidder object at 0x0000028086D3F2E8>,5,True,51,0.2551869788168457,4.0,4.0,0.75,0.75,3.5,1.0,1.0,1,0.7576314301865461,0.75,0.75,0.7576314301865461,0.19333767572599067,5.0,3.5,15.605933875694584,sim_input.json
71,2,16,<bidder.IntegralGreedyBidder object at 0x0000028086D3FE80>,5,True,0,0.0,6.0,6.0,0.5,0.42857142857142855,5.1,0.0,0.0,0,0.0,0.0,0.0,0.0,0.0,6.0,4.85,9.038162636473167,sim_input.json
71,2,16,<bidder.IntegralGreedyBidder object at 0x0000028086D3FE80>,5,True,1,3.378817914509118,1.0,1.0,1,1,5.1,0.0,0.0,0,0.1137931034482759,0.0,0.0,0.1137931034482759,0.3844861764786239,6.0,4.85,9.038162636473167,sim_input.json
71,2,16,<bidder.IntegralGreedyBidder object at 0x0000028086D3FE80>,5,True,2,1.7980522546841728,4.0,4.0,0.75,0.6,5.1,0.0,0.0,0,0.004400858704137403,0.0,0.0,0.004400858704137403,0.007912973915520724,6.0,4.85,9.038162636473167,sim_input.json
71,2,16,<bidder.IntegralGreedyBidder object at 0x0000028086D3FE80>,5,True,3,1.5373479410486421,3.0,3.0,1,0.75,5.1,0.0,0.0,0,0.0,0.0,0.0,0.0,0.0,6.0,4.85,9.038162636473167,sim_input.json
71,2,16,<bidder.IntegralGreedyBidder object at 0x0000028086D3FE80>,5,True,4,0.00038706825346790374,5.0,5.0,0.6,0.6,5.1,1.0,1.0,1,0.6,0.6,0.6,0.6,0.00023224095208074225,6.0,4.85,9.038162636473167,sim_input.json
71,2,16,<bidder.IntegralGreedyBidder object at 0x0000028086D3FE80>,5,True,5,1.7303166954552487,3.0,3.0,1,0.75,5.1,0.0,0.0,0,0.003864168618266966,0.0,0.0,0.003864168618266966,0.006686235474241571,6.0,4.85,9.038162636473167,sim_input.json
71,2,16,<bidder.IntegralGreedyBidder object at 0x0000028086D3FE80>,5,True,6,0.0,0.0,1.0,1,1,5.1,0.0,0.0,0,0.0,0.0,0.0,0.0,0.0,6.0,4.85,9.038162636473167,sim_input.json
71,2,16,<bidder.IntegralGreedyBidder object at 0x0000028086D3FE80>,5,True,7,0.08983423673974844,3.0,3.0,1,1,5.1,1.0,1.0,1,1.0,1.0,1.0,1.0,0.08983423673974844,6.0,4.85,9.038162636473167,sim_input.json
71,2,16,<bidder.IntegralGreedyBidder object at 0x0000028086D3FE80>,5,True,8,3.139935946865685,2.0,2.0,1,1,5.1,0.0,0.0,0,0.05409836065573772,0.0,0.0,0.05409836065573772,0.16986538728945513,6.0,4.85,9.038162636473167,sim_input.json
71,2,16,<bidder.IntegralGreedyBidder object at 0x0000028086D3FE80>,5,True,9,3.9775451319683772,4.0,4.0,0.75,0.6,5.1,0.0,0.0,0,0.0028981264637002488,0.0,0.0,0.0028981264637002488,0.011527428807519653,6.0,4.85,9.038162636473167,sim_input.json
71,2,16,<bidder.IntegralGreedyBidder object at 0x0000028086D3FE80>,5,True,10,0.0,2.0,3.0,1,1,5.1,0.0,0.0,0,0.0,0.0,0.0,0.0,0.0,6.0,4.85,9.038162636473167,sim_input.json
71,2,16,<bidder.IntegralGreedyBidder object at 0x0000028086D3FE80>,5,True,11,4.3944733084538345,2.0,2.0,1,1,5.1,0.0,0.0,0,0.0579625292740047,0.0,0.0,0.0579625292740047,0.25471478778508766,6.0,4.85,9.038162636473167,sim_input.json
71,2,16,<bidder.IntegralGreedyBidder object at 0x0000028086D3FE80>,5,True,12,1.9000988091323916,3.0,3.0,1,0.75,5.1,0.0,0.0,0,0.003864168618266966,0.0,0.0,0.003864168618266966,0.007342302189855821,6.0,4.85,9.038162636473167,sim_input.json
71,2,16,<bidder.IntegralGreedyBidder object at 0x0000028086D3FE80>,5,True,13,6.805234838123468,6.0,6.0,0.5,0.42857142857142855,5.1,0.0,0.0,0,0.002003642987249554,0.0,0.0,0.002003642987249554,0.01363526105999244,6.0,4.85,9.038162636473167,sim_input.json
71,2,16,<bidder.IntegralGreedyBidder object at 0x0000028086D3FE80>,5,True,14,5.756858235781497,3.0,3.0,1,0.75,5.1,0.0,0.0,0,0.002003642987249554,0.0,0.0,0.002003642987249554,0.011534688632713437,6.0,4.85,9.038162636473167,sim_input.json
71,2,16,<bidder.IntegralGreedyBidder object at 0x0000028086D3FE80>,5,True,15,7.863995899440893,3.0,3.0,1,0.75,5.1,0.0,0.0,0,0.003864168618266966,0.0,0.0,0.003864168618266966,0.030387806168799606,6.0,4.85,9.038162636473167,sim_input.json
71,2,16,<bidder.IntegralGreedyBidder object at 0x0000028086D3FE80>,5,True,16,2.8908346378078837,3.0,3.0,1,0.75,5.1,0.0,0.0,0,0.0,0.0,0.0,0.0,0.0,6.0,4.85,9.038162636473167,sim_input.json
71,2,16,<bidder.IntegralGreedyBidder object at 0x0000028086D3FE80>,5,True,17,7.452289646933988,4.0,4.0,0.75,0.6,5.1,0.0,0.0,0,0.01010087754717489,0.0,0.0,0.01010087754717489,0.0752746651697594,6.0,4.85,9.038162636473167,sim_input.json
71,2,16,<bidder.IntegralGreedyBidder object at 0x0000028086D3FE80>,5,True,18,0.0,6.0,6.0,0.5,0.42857142857142855,5.1,0.0,0.0,0,0.0,0.0,0.0,0.0,0.0,6.0,4.85,9.038162636473167,sim_input.json
71,2,16,<bidder.IntegralGreedyBidder object at 0x0000028086D3FE80>,5,True,19,5.753088138020702,2.0,2.0,1,1,5.1,0.0,0.0,0,0.05409836065573772,0.0,0.0,0.05409836065573772,0.31123263697489056,6.0,4.85,9.038162636473167,sim_input.json
71,2,16,<bidder.IntegralGreedyBidder object at 0x0000028086D3FE80>,5,True,20,5.875493384560753,1.0,1.0,1,1,5.1,0.0,0.0,0,0.10819672131147544,0.0,0.0,0.10819672131147544,0.6357091202967373,6.0,4.85,9.038162636473167,sim_input.json
71,2,16,<bidder.IntegralGreedyBidder object at 0x0000028086D3FE80>,5,True,21,5.969850620917461,1.0,1.0,1,1,5.1,0.0,0.0,0,0.10819672131147544,0.0,0.0,0.10819672131147544,0.6459182639025451,6.0,4.85,9.038162636473167,sim_input.json
71,2,16,<bidder.IntegralGreedyBidder object at 0x0000028086D3FE80>,5,True,22,3.386700554364418,3.0,3.0,1,0.75,5.1,0.0,0.0,0,0.009460550755067442,0.0,0.0,0.009460550755067442,0.03204005248677962,6.0,4.85,9.038162636473167,sim_input.json
71,2,16,<bidder.IntegralGreedyBidder object at 0x0000028086D3FE80>,5,True,23,6.92372988168097,3.0,3.0,1,0.75,5.1,0.0,0.0,0,0.003864168618266966,0.0,0.0,0.003864168618266966,0.02675445973014886,6.0,4.85,9.038162636473167,sim_input.json
71,2,16,<bidder.IntegralGreedyBidder object at 0x0000028086D3FE80>,5,True,24,6.285786188730583,4.0,4.0,0.75,0.6,5.1,0.0,0.0,0,0.0015027322404371536,0.0,0.0,0.0015027322404371536,0.009445853562300027,6.0,4.85,9.038162636473167,sim_input.json
71,2,16,<bidder.IntegralGreedyBidder object at 0x0000028086D3FE80>,5,True,25,6.497316001268824,1.0,2.0,1,1,5.1,0.0,0.0,0,0.05610200364298727,0.0,0.0,0.05610200364298727,0.36451244597282306,6.0,4.85,9.038162636473167,sim_input.json
71,2,16,<bidder.IntegralGreedyBidder object at 0x0000028086D3FE80>,5,True,26,7.844227676691577,1.0,1.0,1,1,5.1,0.0,0.0,0,0.10819672131147544,0.0,0.0,0.10819672131147544,0.8487197158387609,6.0,4.85,9.038162636473167,sim_input.json
71,2,16,<bidder.IntegralGreedyBidder object at 0x0000028086D3FE80>,5,True,27,2.423552597821547,0.0,0.0,1,1,5.1,0.0,0.0,0,0.16229508196721315,0.0,0.0,0.16229508196721315,0.3933306675153003,6.0,4.85,9.038162636473167,sim_input.json
71,2,16,<bidder.IntegralGreedyBidder object at 0x0000028086D3FE80>,5,True,28,2.5293174807000653,3.0,4.0,0.75,0.75,5.1,0.0,0.0,0,0.004400858704137403,0.0,0.0,0.004400858704137403,0.01113116885046577,6.0,4.85,9.038162636473167,sim_input.json
71,2,16,<bidder.IntegralGreedyBidder object at 0x0000028086D3FE80>,5,True,29,3.441773191946515,2.0,3.0,1,1,5.1,0.0,0.0,0,0.002003642987249554,0.0,0.0,0.002003642987249554,0.006896084719747148,6.0,4.85,9.038162636473167,sim_input.json
71,2,16,<bidder.IntegralGreedyBidder object at 0x0000028086D3FE80>,5,True,30,2.1675791882935753,4.0,4.0,0.75,0.6,5.1,0.0,0.0,0,0.0015027322404371536,0.0,0.0,0.0015027322404371536,0.0032572911299493515,6.0,4.85,9.038162636473167,sim_input.json
71,2,16,<bidder.IntegralGreedyBidder object at 0x0000028086D3FE80>,5,True,31,0.4850701805357791,3.0,4.0,0.75,1,5.1,1.0,1.0,1,0.75,0.75,0.75,0.75,0.36380263540183433,6.0,4.85,9.038162636473167,sim_input.json
71,2,16,<bidder.IntegralGreedyBidder object at 0x0000028086D3FE80>,5,True,32,3.3662695685491295,4.0,4.0,0.75,0.6,5.1,0.0,0.0,0,0.003005464480874307,0.0,0.0,0.003005464480874307,0.010117203621322488,6.0,4.85,9.038162636473167,sim_input.json
71,2,16,<bidder.IntegralGreedyBidder object at 0x0000028086D3FE80>,5,True,33,2.36615554054778,2.0,2.0,1,1,5.1,0.0,0.0,0,0.05409836065573772,0.0,0.0,0.05409836065573772,0.12800513580012582,6.0,4.85,9.038162636473167,sim_input.json
71,2,16,<bidder.IntegralGreedyBidder object at 0x0000028086D3FE80>,5,True,34,0.2954912346307875,4.0,4.0,0.75,0.75,5.1,1.0,1.0,1,0.75,0.75,0.75,0.75,0.22161842597309064,6.0,4.85,9.038162636473167,sim_input.json
71,2,16,<bidder.IntegralGreedyBidder object at 0x0000028086D3FE80>,5,True,35,3.466791810385674,4.0,4.0,0.75,0.6,5.1,0.0,0.0,0,0.004400858704137403,0.0,0.0,0.004400858704137403,0.015256860914168056,6.0,4.85,9.038162636473167,sim_input.json
71,2,16,<bidder.IntegralGreedyBidder object at 0x0000028086D3FE80>,5,True,36,6.648059387219762,3.0,3.0,1,0.75,5.1,0.0,0.0,0,0.006010928961748638,0.0,0.0,0.006010928961748638,0.03996101271006417,6.0,4.85,9.038162636473167,sim_input.json
71,2,16,<bidder.IntegralGreedyBidder object at 0x0000028086D3FE80>,5,True,37,0.0,6.0,6.0,0.5,0.42857142857142855,5.1,0.0,0.0,0,0.0,0.0,0.0,0.0,0.0,6.0,4.85,9.038162636473167,sim_input.json
71,2,16,<bidder.IntegralGreedyBidder object at 0x0000028086D3FE80>,5,True,38,2.6232769887538243,3.0,3.0,1,0.75,5.1,0.0,0.0,0,0.002003642987249554,0.0,0.0,0.002003642987249554,0.005256110542129728,6.0,4.85,9.038162636473167,sim_input.json
71,2,16,<bidder.IntegralGreedyBidder object at 0x0000028086D3FE80>,5,True,39,1.453847925627153,3.0,3.0,1,1,5.1,1.0,1.0,1,1.0,1.0,1.0,1.0,1.453847925627153,6.0,4.85,9.038162636473167,sim_input.json
71,2,16,<bidder.IntegralGreedyBidder object at 0x0000028086D3FE80>,5,True,40,3.5029402907821865,4.0,4.0,0.75,0.6,5.1,0.0,0.0,0,0.005903590944574556,0.0,0.0,0.005903590944574556,0.020679926580047078,6.0,4.85,9.038162636473167,sim_input.json
71,2,16,<bidder.IntegralGreedyBidder object at 0x0000028086D3FE80>,5,True,41,5.937055810505364,1.0,1.0,1,1,5.1,0.0,0.0,0,0.10819672131147544,0.0,0.0,0.10819672131147544,0.6423699729399248,6.0,4.85,9.038162636473167,sim_input.json
71,2,16,<bidder.IntegralGreedyBidder object at 0x0000028086D3FE80>,5,True,42,6.228460587486674,3.0,4.0,0.75,0.75,5.1,0.0,0.0,0,0.004197286602600334,0.0,0.0,0.004197286602600334,0.026142634178682022,6.0,4.85,9.038162636473167,sim_input.json
71,2,16,<bidder.IntegralGreedyBidder object at 0x0000028086D3FE80>,5,True,43,5.394368908040479,4.0,4.0,0.75,0.6,5.1,0.0,0.0,0,0.0,0.0,0.0,0.0,0.0,6.0,4.85,9.038162636473167,sim_input.json
71,2,16,<bidder.IntegralGreedyBidder object at 0x0000028086D3FE80>,5,True,44,1.5993336092469608,3.0,3.0,1,0.75,5.1,0.0,0.0,0,0.007600025124050007,0.0,0.0,0.007600025124050007,0.01215497561201448,6.0,4.85,9.038162636473167,sim_input.json
71,2,16,<bidder.IntegralGreedyBidder object at 0x0000028086D3FE80>,5,True,45,4.07262299425526,1.0,1.0,1,1,5.1,0.0,0.0,0,0.10819672131147544,0.0,0.0,0.10819672131147544,0.44064445511614303,6.0,4.85,9.038162636473167,sim_input.json
71,2,16,<bidder.IntegralGreedyBidder object at 0x0000028086D3FE80>,5,True,46,1.5501681227240263,0.0,0.0,1,1,5.1,0.0,0.0,0,0.16229508196721315,0.0,0.0,0.16229508196721315,0.2515846625404568,6.0,4.85,9.038162636473167,sim_input.json
71,2,16,<bidder.IntegralGreedyBidder object at 0x0000028086D3FE80>,5,True,47,0.0,4.0,4.0,0.75,0.6,5.1,0.0,0.0,0,0.0,0.0,0.0,0.0,0.0,6.0,4.85,9.038162636473167,sim_input.json
71,2,16,<bidder.IntegralGreedyBidder object at 0x0000028086D3FE80>,5,True,48,4.876035406154335,2.0,2.0,1,1,5.1,0.0,0.0,0,0.05409836065573772,0.0,0.0,0.05409836065573772,0.2637855219722838,6.0,4.85,9.038162636473167,sim_input.json
71,2,16,<bidder.IntegralGreedyBidder object at 0x0000028086D3FE80>,5,True,49,3.745196907268741,3.0,3.0,1,0.75,5.1,0.0,0.0,0,0.0055963821368004525,0.0,0.0,0.0055963821368004525,0.020959553070639084,6.0,4.85,9.038162636473167,sim_input.json
71,2,16,<bidder.IntegralGreedyBidder object at 0x0000028086D3FE80>,5,True,50,5.744288246559743,0.0,1.0,1,1,5.1,0.0,0.0,0,0.1120608899297424,0.0,0.0,0.1120608899297424,0.6437100529224444,6.0,4.85,9.038162636473167,sim_input.json
71,2,16,<bidder.IntegralGreedyBidder object at 0x0000028086D3FE80>,5,True,51,0.1669107295172838,4.0,4.0,0.75,0.75,5.1,1.0,1.0,1,0.7541972866026003,0.75,0.75,0.7541972866026003,0.125883619306796,6.0,4.85,9.038162636473167,sim_input.json
71,2,17,<bidder.IntegralGreedyBidder object at 0x0000028086D3F748>,5,True,0,5.540694490943024,6.0,6.0,0.5,0.42857142857142855,5.25,0.0,0.0,0,0.0014637002341920322,0.0,0.0,0.0014637002341920322,0.008109915823979807,6.0,5.25,7.35507690349021,sim_input.json
71,2,17,<bidder.IntegralGreedyBidder object at 0x0000028086D3F748>,5,True,1,6.346971345698213,1.0,1.0,1,1,5.25,0.0,0.0,0,0.08620689655172413,0.0,0.0,0.08620689655172413,0.5471527022153632,6.0,5.25,7.35507690349021,sim_input.json
71,2,17,<bidder.IntegralGreedyBidder object at 0x0000028086D3F748>,5,True,2,0.4254335171566437,4.0,4.0,0.75,0.75,5.25,1.0,1.0,1,0.7533339838667708,0.75,0.75,0.7533339838667708,0.32049352635006656,6.0,5.25,7.35507690349021,sim_input.json
71,2,17,<bidder.IntegralGreedyBidder object at 0x0000028086D3F748>,5,True,3,0.1386213635717347,3.0,3.0,1,1,5.25,1.0,1.0,1,1.0,1.0,1.0,1.0,0.1386213635717347,6.0,5.25,7.35507690349021,sim_input.json
71,2,17,<bidder.IntegralGreedyBidder object at 0x0000028086D3F748>,5,True,4,6.836084408303661,5.0,5.0,0.6,0.5,5.25,0.0,0.0,0,0.0,0.0,0.0,0.0,0.0,6.0,5.25,7.35507690349021,sim_input.json
71,2,17,<bidder.IntegralGreedyBidder object at 0x0000028086D3F748>,5,True,5,3.168324696556514,3.0,3.0,1,0.75,5.25,0.0,0.0,0,0.0029274004683840643,0.0,0.0,0.0029274004683840643,0.009274955200692337,6.0,5.25,7.35507690349021,sim_input.json
71,2,17,<bidder.IntegralGreedyBidder object at 0x0000028086D3F748>,5,True,6,0.0,0.0,1.0,1,1,5.25,0.0,0.0,0,0.0,0.0,0.0,0.0,0.0,6.0,5.25,7.35507690349021,sim_input.json
71,2,17,<bidder.IntegralGreedyBidder object at 0x0000028086D3F748>,5,True,7,0.6251537732622916,3.0,3.0,1,1,5.25,1.0,1.0,1,1.0,1.0,1.0,1.0,0.6251537732622916,6.0,5.25,7.35507690349021,sim_input.json
71,2,17,<bidder.IntegralGreedyBidder object at 0x0000028086D3F748>,5,True,8,4.105508855826478,2.0,2.0,1,1,5.25,0.0,0.0,0,0.040983606557377046,0.0,0.0,0.040983606557377046,0.16825855966501957,6.0,5.25,7.35507690349021,sim_input.json
71,2,17,<bidder.IntegralGreedyBidder object at 0x0000028086D3F748>,5,True,9,0.0,4.0,4.0,0.75,0.6,5.25,0.0,0.0,0,0.0,0.0,0.0,0.0,0.0,6.0,5.25,7.35507690349021,sim_input.json
71,2,17,<bidder.IntegralGreedyBidder object at 0x0000028086D3F748>,5,True,10,0.0,2.0,3.0,1,1,5.25,0.0,0.0,0,0.0,0.0,0.0,0.0,0.0,6.0,5.25,7.35507690349021,sim_input.json
71,2,17,<bidder.IntegralGreedyBidder object at 0x0000028086D3F748>,5,True,11,3.106828226078964,2.0,2.0,1,1,5.25,0.0,0.0,0,0.04391100702576112,0.0,0.0,0.04391100702576112,0.13642395606318633,6.0,5.25,7.35507690349021,sim_input.json
71,2,17,<bidder.IntegralGreedyBidder object at 0x0000028086D3F748>,5,True,12,3.5749513960409343,3.0,3.0,1,0.75,5.25,0.0,0.0,0,0.0029274004683840643,0.0,0.0,0.0029274004683840643,0.010465314391220495,6.0,5.25,7.35507690349021,sim_input.json
71,2,17,<bidder.IntegralGreedyBidder object at 0x0000028086D3F748>,5,True,13,0.9711369880381268,6.0,6.0,0.5,0.42857142857142855,5.25,0.0,0.0,0,0.0015179113539769344,0.0,0.0,0.0015179113539769344,0.0014740998604100349,6.0,5.25,7.35507690349021,sim_input.json
71,2,17,<bidder.IntegralGreedyBidder object at 0x0000028086D3F748>,5,True,14,4.488703170896482,3.0,3.0,1,0.75,5.25,0.0,0.0,0,0.0015179113539769344,0.0,0.0,0.0015179113539769344,0.006813453507736038,6.0,5.25,7.35507690349021,sim_input.json
71,2,17,<bidder.IntegralGreedyBidder object at 0x0000028086D3F748>,5,True,15,6.676768892238261,3.0,3.0,1,0.75,5.25,0.0,0.0,0,0.0029274004683840643,0.0,0.0,0.0029274004683840643,0.019545576382430437,6.0,5.25,7.35507690349021,sim_input.json
71,2,17,<bidder.IntegralGreedyBidder object at 0x0000028086D3F748>,5,True,16,1.3280859247967145,3.0,3.0,1,0.75,5.25,0.0,0.0,0,0.0,0.0,0.0,0.0,0.0,6.0,5.25,7.35507690349021,sim_input.json
71,2,17,<bidder.IntegralGreedyBidder object at 0x0000028086D3F748>,5,True,17,1.8425136404791544,4.0,4.0,0.75,0.6,5.25,0.0,0.0,0,0.007652179959980974,0.0,0.0,0.007652179959980974,0.014099245955666176,6.0,5.25,7.35507690349021,sim_input.json
71,2,17,<bidder.IntegralGreedyBidder object at 0x0000028086D3F748>,5,True,18,0.9488180137044702,6.0,6.0,0.5,0.42857142857142855,5.25,0.0,0.0,0,0.005047242186869093,0.0,0.0,0.005047242186869093,0.004788914306430539,6.0,5.25,7.35507690349021,sim_input.json
71,2,17,<bidder.IntegralGreedyBidder object at 0x0000028086D3F748>,5,True,19,1.5912986807754885,2.0,2.0,1,1,5.25,0.0,0.0,0,0.040983606557377046,0.0,0.0,0.040983606557377046,0.06521715904817575,6.0,5.25,7.35507690349021,sim_input.json
71,2,17,<bidder.IntegralGreedyBidder object at 0x0000028086D3F748>,5,True,20,5.86924067369399,1.0,1.0,1,1,5.25,0.0,0.0,0,0.08196721311475409,0.0,0.0,0.08196721311475409,0.4810853011224582,6.0,5.25,7.35507690349021,sim_input.json
71,2,17,<bidder.IntegralGreedyBidder object at 0x0000028086D3F748>,5,True,21,2.6283669853655525,1.0,1.0,1,1,5.25,0.0,0.0,0,0.08196721311475409,0.0,0.0,0.08196721311475409,0.21543991683324198,6.0,5.25,7.35507690349021,sim_input.json
71,2,17,<bidder.IntegralGreedyBidder object at 0x0000028086D3F748>,5,True,22,2.21713008103358,3.0,3.0,1,0.75,5.25,0.0,0.0,0,0.007167083905354121,0.0,0.0,0.007167083905354121,0.01589035731985225,6.0,5.25,7.35507690349021,sim_input.json
71,2,17,<bidder.IntegralGreedyBidder object at 0x0000028086D3F748>,5,True,23,3.9521034308033056,3.0,3.0,1,0.75,5.25,0.0,0.0,0,0.0029274004683840643,0.0,0.0,0.0029274004683840643,0.011569389434435865,6.0,5.25,7.35507690349021,sim_input.json
71,2,17,<bidder.IntegralGreedyBidder object at 0x0000028086D3F748>,5,True,24,0.0,4.0,4.0,0.75,0.6,5.25,0.0,0.0,0,0.0,0.0,0.0,0.0,0.0,6.0,5.25,7.35507690349021,sim_input.json
71,2,17,<bidder.IntegralGreedyBidder object at 0x0000028086D3F748>,5,True,25,5.151688214241768,1.0,2.0,1,1,5.25,0.0,0.0,0,0.04250151791135398,0.0,0.0,0.04250151791135398,0.2189545689113077,6.0,5.25,7.35507690349021,sim_input.json
71,2,17,<bidder.IntegralGreedyBidder object at 0x0000028086D3F748>,5,True,26,2.714004185526957,1.0,1.0,1,1,5.25,0.0,0.0,0,0.08196721311475409,0.0,0.0,0.08196721311475409,0.2224593594694227,6.0,5.25,7.35507690349021,sim_input.json
71,2,17,<bidder.IntegralGreedyBidder object at 0x0000028086D3F748>,5,True,27,1.685796802399973,0.0,0.0,1,1,5.25,0.0,0.0,0,0.12295081967213115,0.0,0.0,0.12295081967213115,0.20727009865573437,6.0,5.25,7.35507690349021,sim_input.json
71,2,17,<bidder.IntegralGreedyBidder object at 0x0000028086D3F748>,5,True,28,5.223668188852944,3.0,4.0,0.75,0.75,5.25,0.0,0.0,0,0.003333983866770758,0.0,0.0,0.003333983866770758,0.01741562546699934,6.0,5.25,7.35507690349021,sim_input.json
71,2,17,<bidder.IntegralGreedyBidder object at 0x0000028086D3F748>,5,True,29,1.2520942769867554,2.0,3.0,1,1,5.25,1.0,1.0,1,1.0,1.0,1.0,1.0,1.2520942769867554,6.0,5.25,7.35507690349021,sim_input.json
71,2,17,<bidder.IntegralGreedyBidder object at 0x0000028086D3F748>,5,True,30,1.7085810392544183,4.0,4.0,0.75,0.6,5.25,0.0,0.0,0,0.0011384335154826916,0.0,0.0,0.0011384335154826916,0.001945105919005478,6.0,5.25,7.35507690349021,sim_input.json
71,2,17,<bidder.IntegralGreedyBidder object at 0x0000028086D3F748>,5,True,31,4.00945270246815,3.0,4.0,0.75,0.75,5.25,0.0,0.0,0,0.0,0.0,0.0,0.0,0.0,6.0,5.25,7.35507690349021,sim_input.json
71,2,17,<bidder.IntegralGreedyBidder object at 0x0000028086D3F748>,5,True,32,0.7845766469401908,4.0,4.0,0.75,0.6,5.25,0.0,0.0,0,0.002276867030965383,0.0,0.0,0.002276867030965383,0.001786376700683488,6.0,5.25,7.35507690349021,sim_input.json
71,2,17,<bidder.IntegralGreedyBidder object at 0x0000028086D3F748>,5,True,33,3.405464216362656,2.0,2.0,1,1,5.25,0.0,0.0,0,0.040983606557377046,0.0,0.0,0.040983606557377046,0.13956820558863345,6.0,5.25,7.35507690349021,sim_input.json
71,2,17,<bidder.IntegralGreedyBidder object at 0x0000028086D3F748>,5,True,34,1.9369985746352907,4.0,4.0,0.75,0.6,5.25,0.0,0.0,0,0.0,0.0,0.0,0.0,0.0,6.0,5.25,7.35507690349021,sim_input.json
71,2,17,<bidder.IntegralGreedyBidder object at 0x0000028086D3F748>,5,True,35,0.6233309305070838,4.0,4.0,0.75,0.75,5.25,1.0,1.0,1,0.7533339838667708,0.75,0.75,0.7533339838667708,0.46957637314628264,6.0,5.25,7.35507690349021,sim_input.json
71,2,17,<bidder.IntegralGreedyBidder object at 0x0000028086D3F748>,5,True,36,3.7089578811072714,3.0,3.0,1,0.75,5.25,0.0,0.0,0,0.0045537340619307845,0.0,0.0,0.0045537340619307845,0.01688960783746481,6.0,5.25,7.35507690349021,sim_input.json
71,2,17,<bidder.IntegralGreedyBidder object at 0x0000028086D3F748>,5,True,37,1.1070802790406242,6.0,6.0,0.5,0.42857142857142855,5.25,0.0,0.0,0,0.0028787973954734957,0.0,0.0,0.0028787973954734957,0.0031870598238822197,6.0,5.25,7.35507690349021,sim_input.json
71,2,17,<bidder.IntegralGreedyBidder object at 0x0000028086D3F748>,5,True,38,1.7348677127198064,3.0,3.0,1,0.75,5.25,0.0,0.0,0,0.0015179113539769344,0.0,0.0,0.0015179113539769344,0.0026333753987853887,6.0,5.25,7.35507690349021,sim_input.json
71,2,17,<bidder.IntegralGreedyBidder object at 0x0000028086D3F748>,5,True,39,6.794781081886243,3.0,3.0,1,0.75,5.25,0.0,0.0,0,0.0,0.0,0.0,0.0,0.0,6.0,5.25,7.35507690349021,sim_input.json
71,2,17,<bidder.IntegralGreedyBidder object at 0x0000028086D3F748>,5,True,40,2.0703560338576503,4.0,4.0,0.75,0.6,5.25,0.0,0.0,0,0.00447241738225345,0.0,0.0,0.00447241738225345,0.009259496313278267,6.0,5.25,7.35507690349021,sim_input.json
71,2,17,<bidder.IntegralGreedyBidder object at 0x0000028086D3F748>,5,True,41,1.9422880817438422,1.0,1.0,1,1,5.25,0.0,0.0,0,0.08196721311475409,0.0,0.0,0.08196721311475409,0.15920394112654443,6.0,5.25,7.35507690349021,sim_input.json
71,2,17,<bidder.IntegralGreedyBidder object at 0x0000028086D3F748>,5,True,42,4.1714776606195,3.0,4.0,0.75,0.75,5.25,0.0,0.0,0,0.0031797625777275243,0.0,0.0,0.0031797625777275243,0.013264308559064244,6.0,5.25,7.35507690349021,sim_input.json
71,2,17,<bidder.IntegralGreedyBidder object at 0x0000028086D3F748>,5,True,43,1.3161774379028772,4.0,4.0,0.75,0.6,5.25,0.0,0.0,0,0.0,0.0,0.0,0.0,0.0,6.0,5.25,7.35507690349021,sim_input.json
71,2,17,<bidder.IntegralGreedyBidder object at 0x0000028086D3F748>,5,True,44,5.114880376454063,3.0,3.0,1,0.75,5.25,0.0,0.0,0,0.005757594790946973,0.0,0.0,0.005757594790946973,0.029449408611788807,6.0,5.25,7.35507690349021,sim_input.json
71,2,17,<bidder.IntegralGreedyBidder object at 0x0000028086D3F748>,5,True,45,4.044406952717281,1.0,1.0,1,1,5.25,0.0,0.0,0,0.08196721311475409,0.0,0.0,0.08196721311475409,0.3315087666161705,6.0,5.25,7.35507690349021,sim_input.json
71,2,17,<bidder.IntegralGreedyBidder object at 0x0000028086D3F748>,5,True,46,4.246151403277059,0.0,0.0,1,1,5.25,0.0,0.0,0,0.12295081967213115,0.0,0.0,0.12295081967213115,0.5220677954848844,6.0,5.25,7.35507690349021,sim_input.json
71,2,17,<bidder.IntegralGreedyBidder object at 0x0000028086D3F748>,5,True,47,0.7553868124283984,4.0,4.0,0.75,0.75,5.25,1.0,1.0,1,0.7522768670309654,0.75,0.75,0.7522768670309654,0.5682600246501431,6.0,5.25,7.35507690349021,sim_input.json
71,2,17,<bidder.IntegralGreedyBidder object at 0x0000028086D3F748>,5,True,48,2.141641498795855,2.0,2.0,1,1,5.25,0.0,0.0,0,0.040983606557377046,0.0,0.0,0.040983606557377046,0.08777219257360061,6.0,5.25,7.35507690349021,sim_input.json
71,2,17,<bidder.IntegralGreedyBidder object at 0x0000028086D3F748>,5,True,49,5.5852154914982,3.0,3.0,1,0.75,5.25,0.0,0.0,0,0.0042396834369700384,0.0,0.0,0.0042396834369700384,0.023679545611213392,6.0,5.25,7.35507690349021,sim_input.json
71,2,17,<bidder.IntegralGreedyBidder object at 0x0000028086D3F748>,5,True,50,2.850878271463842,0.0,1.0,1,1,5.25,0.0,0.0,0,0.08489461358313816,0.0,0.0,0.08489461358313816,0.2420242092284877,6.0,5.25,7.35507690349021,sim_input.json
71,2,17,<bidder.IntegralGreedyBidder object at 0x0000028086D3F748>,5,True,51,4.695224920332061,4.0,4.0,0.75,0.6,5.25,0.0,0.0,0,0.0031797625777275243,0.0,0.0,0.0031797625777275243,0.014929700495685583,6.0,5.25,7.35507690349021,sim_input.json
71,2,18,<bidder.UniformBidder object at 0x0000028086D3F198>,5,True,0,0.45812567126379355,6.0,6.0,0.5,0.5,4.0,1.0,1.0,1,0.502927400468384,0.5,0.5,0.502927400468384,0.23040395293653315,5.0,4.0,11.396795050483743,sim_input.json
71,2,18,<bidder.UniformBidder object at 0x0000028086D3F198>,5,True,1,4.090250263851833,1.0,1.0,1,1,4.0,0.0,0.0,0,0.17241379310344826,0.0,0.0,0.17241379310344826,0.7052155627330746,5.0,4.0,11.396795050483743,sim_input.json
71,2,18,<bidder.UniformBidder object at 0x0000028086D3F198>,5,True,2,2.9341135915193393,4.0,4.0,0.75,0.6,4.0,0.0,0.0,0,0.006667967733541516,0.0,0.0,0.006667967733541516,0.019564574754796567,5.0,4.0,11.396795050483743,sim_input.json
71,2,18,<bidder.UniformBidder object at 0x0000028086D3F198>,5,True,3,4.879393924712614,3.0,3.0,1,0.75,4.0,0.0,0.0,0,0.0,0.0,0.0,0.0,0.0,5.0,4.0,11.396795050483743,sim_input.json
71,2,18,<bidder.UniformBidder object at 0x0000028086D3F198>,5,True,4,0.8569350059278343,5.0,5.0,0.6,0.5,4.0,0.0,0.0,0,0.0,0.0,0.0,0.0,0.0,5.0,4.0,11.396795050483743,sim_input.json
71,2,18,<bidder.UniformBidder object at 0x0000028086D3F198>,5,True,5,5.322074085709088,3.0,3.0,1,0.75,4.0,0.0,0.0,0,0.005854800936768129,0.0,0.0,0.005854800936768129,0.031159684342558946,5.0,4.0,11.396795050483743,sim_input.json
71,2,18,<bidder.UniformBidder object at 0x0000028086D3F198>,5,True,6,3.6634305802926583,0.0,1.0,1,1,4.0,0.0,0.0,0,0.16697024893746204,0.0,0.0,0.16697024893746204,0.6116839159565762,5.0,4.0,11.396795050483743,sim_input.json
71,2,18,<bidder.UniformBidder object at 0x0000028086D3F198>,5,True,7,6.187686064707789,3.0,3.0,1,0.75,4.0,0.0,0.0,0,0.0,0.0,0.0,0.0,0.0,5.0,4.0,11.396795050483743,sim_input.json
71,2,18,<bidder.UniformBidder object at 0x0000028086D3F198>,5,True,8,2.6526398130799143,2.0,2.0,1,1,4.0,0.0,0.0,0,0.08196721311475409,0.0,0.0,0.08196721311475409,0.21742949287540278,5.0,4.0,11.396795050483743,sim_input.json
71,2,18,<bidder.UniformBidder object at 0x0000028086D3F198>,5,True,9,0.0,4.0,4.0,0.75,0.6,4.0,0.0,0.0,0,0.0,0.0,0.0,0.0,0.0,5.0,4.0,11.396795050483743,sim_input.json
71,2,18,<bidder.UniformBidder object at 0x0000028086D3F198>,5,True,10,3.1777616886574416,2.0,3.0,1,1,4.0,0.0,0.0,0,0.005854800936768129,0.0,0.0,0.005854800936768129,0.01860516211157746,5.0,4.0,11.396795050483743,sim_input.json
71,2,18,<bidder.UniformBidder object at 0x0000028086D3F198>,5,True,11,6.772932010954214,2.0,2.0,1,1,4.0,0.0,0.0,0,0.08782201405152223,0.0,0.0,0.08782201405152223,0.5948125302360258,5.0,4.0,11.396795050483743,sim_input.json
71,2,18,<bidder.UniformBidder object at 0x0000028086D3F198>,5,True,12,0.7535016840773264,3.0,3.0,1,0.75,4.0,0.0,0.0,0,0.005854800936768129,0.0,0.0,0.005854800936768129,0.004411602365792293,5.0,4.0,11.396795050483743,sim_input.json
71,2,18,<bidder.UniformBidder object at 0x0000028086D3F198>,5,True,13,3.0652311146306013,6.0,6.0,0.5,0.42857142857142855,4.0,0.0,0.0,0,0.003035822707953869,0.0,0.0,0.003035822707953869,0.009305498222922327,5.0,4.0,11.396795050483743,sim_input.json
71,2,18,<bidder.UniformBidder object at 0x0000028086D3F198>,5,True,14,2.9734037128455437,3.0,3.0,1,0.75,4.0,0.0,0.0,0,0.003035822707953869,0.0,0.0,0.003035822707953869,0.009026726511370846,5.0,4.0,11.396795050483743,sim_input.json
71,2,18,<bidder.UniformBidder object at 0x0000028086D3F198>,5,True,15,0.09907119470313441,3.0,3.0,1,1,4.0,1.0,1.0,1,1.0,1.0,1.0,1.0,0.09907119470313441,5.0,4.0,11.396795050483743,sim_input.json
71,2,18,<bidder.UniformBidder object at 0x0000028086D3F198>,5,True,16,6.075054969220377,3.0,3.0,1,0.75,4.0,0.0,0.0,0,0.0,0.0,0.0,0.0,0.0,5.0,4.0,11.396795050483743,sim_input.json
71,2,18,<bidder.UniformBidder object at 0x0000028086D3F198>,5,True,17,3.725718367563799,4.0,4.0,0.75,0.6,4.0,0.0,0.0,0,0.015304359919961949,0.0,0.0,0.015304359919961949,0.057019734857609465,5.0,4.0,11.396795050483743,sim_input.json
71,2,18,<bidder.UniformBidder object at 0x0000028086D3F198>,5,True,18,0.649608675546381,6.0,6.0,0.5,0.5,4.0,1.0,1.0,1,0.5100944843737382,0.5,0.5,0.5100944843737382,0.3313618023975382,5.0,4.0,11.396795050483743,sim_input.json
71,2,18,<bidder.UniformBidder object at 0x0000028086D3F198>,5,True,19,6.22899204483826,2.0,2.0,1,1,4.0,0.0,0.0,0,0.08196721311475409,0.0,0.0,0.08196721311475409,0.5105731184293656,5.0,4.0,11.396795050483743,sim_input.json
71,2,18,<bidder.UniformBidder object at 0x0000028086D3F198>,5,True,20,5.543066098577727,1.0,1.0,1,1,4.0,0.0,0.0,0,0.16393442622950818,0.0,0.0,0.16393442622950818,0.9086993604225782,5.0,4.0,11.396795050483743,sim_input.json
71,2,18,<bidder.UniformBidder object at 0x0000028086D3F198>,5,True,21,3.3954197489841063,1.0,1.0,1,1,4.0,0.0,0.0,0,0.16393442622950818,0.0,0.0,0.16393442622950818,0.5566261883580501,5.0,4.0,11.396795050483743,sim_input.json
71,2,18,<bidder.UniformBidder object at 0x0000028086D3F198>,5,True,22,4.415988677046791,3.0,3.0,1,0.75,4.0,0.0,0.0,0,0.014334167810708242,0.0,0.0,0.014334167810708242,0.06329952274697619,5.0,4.0,11.396795050483743,sim_input.json
71,2,18,<bidder.UniformBidder object at 0x0000028086D3F198>,5,True,23,0.47037491529036013,3.0,3.0,1,1,4.0,1.0,1.0,1,1.0,1.0,1.0,1.0,0.47037491529036013,5.0,4.0,11.396795050483743,sim_input.json
71,2,18,<bidder.UniformBidder object at 0x0000028086D3F198>,5,True,24,0.0,4.0,4.0,0.75,0.6,4.0,0.0,0.0,0,0.0,0.0,0.0,0.0,0.0,5.0,4.0,11.396795050483743,sim_input.json
71,2,18,<bidder.UniformBidder object at 0x0000028086D3F198>,5,True,25,6.781631780294847,1.0,2.0,1,1,4.0,0.0,0.0,0,0.08500303582270796,0.0,0.0,0.08500303582270796,0.5764592891568177,5.0,4.0,11.396795050483743,sim_input.json
71,2,18,<bidder.UniformBidder object at 0x0000028086D3F198>,5,True,26,2.740237223185332,1.0,1.0,1,1,4.0,0.0,0.0,0,0.16393442622950818,0.0,0.0,0.16393442622950818,0.44921921691562816,5.0,4.0,11.396795050483743,sim_input.json
71,2,18,<bidder.UniformBidder object at 0x0000028086D3F198>,5,True,27,2.932125399741386,0.0,0.0,1,1,4.0,0.0,0.0,0,0.2459016393442623,0.0,0.0,0.2459016393442623,0.7210144425593572,5.0,4.0,11.396795050483743,sim_input.json
71,2,18,<bidder.UniformBidder object at 0x0000028086D3F198>,5,True,28,3.813683133782712,3.0,4.0,0.75,0.75,4.0,0.0,0.0,0,0.006667967733541516,0.0,0.0,0.006667967733541516,0.025429516082014617,5.0,4.0,11.396795050483743,sim_input.json
71,2,18,<bidder.UniformBidder object at 0x0000028086D3F198>,5,True,29,2.283722665999573,2.0,3.0,1,1,4.0,0.0,0.0,0,0.003035822707953869,0.0,0.0,0.003035822707953869,0.006932977128110452,5.0,4.0,11.396795050483743,sim_input.json
71,2,18,<bidder.UniformBidder object at 0x0000028086D3F198>,5,True,30,2.948881520710911,4.0,4.0,0.75,0.6,4.0,0.0,0.0,0,0.002276867030965383,0.0,0.0,0.002276867030965383,0.006714211112729736,5.0,4.0,11.396795050483743,sim_input.json
71,2,18,<bidder.UniformBidder object at 0x0000028086D3F198>,5,True,31,3.8762138675402453,3.0,4.0,0.75,0.75,4.0,0.0,0.0,0,0.0,0.0,0.0,0.0,0.0,5.0,4.0,11.396795050483743,sim_input.json
71,2,18,<bidder.UniformBidder object at 0x0000028086D3F198>,5,True,32,2.5399093727773465,4.0,4.0,0.75,0.6,4.0,0.0,0.0,0,0.004553734061930766,0.0,0.0,0.004553734061930766,0.01156607182503341,5.0,4.0,11.396795050483743,sim_input.json
71,2,18,<bidder.UniformBidder object at 0x0000028086D3F198>,5,True,33,0.517666921553038,2.0,2.0,1,1,4.0,1.0,1.0,1,1.0,1.0,1.0,1.0,0.517666921553038,5.0,4.0,11.396795050483743,sim_input.json
71,2,18,<bidder.UniformBidder object at 0x0000028086D3F198>,5,True,34,3.7943960604246136,4.0,4.0,0.75,0.6,4.0,0.0,0.0,0,0.0,0.0,0.0,0.0,0.0,5.0,4.0,11.396795050483743,sim_input.json
71,2,18,<bidder.UniformBidder object at 0x0000028086D3F198>,5,True,35,7.388967106061471,4.0,4.0,0.75,0.6,4.0,0.0,0.0,0,0.006667967733541516,0.0,0.0,0.006667967733541516,0.04926939424741752,5.0,4.0,11.396795050483743,sim_input.json
71,2,18,<bidder.UniformBidder object at 0x0000028086D3F198>,5,True,36,2.4248262464006887,3.0,3.0,1,0.75,4.0,0.0,0.0,0,0.009107468123861569,0.0,0.0,0.009107468123861569,0.02208402774499717,5.0,4.0,11.396795050483743,sim_input.json
71,2,18,<bidder.UniformBidder object at 0x0000028086D3F198>,5,True,37,6.1417904856348615,6.0,6.0,0.5,0.42857142857142855,4.0,0.0,0.0,0,0.0057575947909469915,0.0,0.0,0.0057575947909469915,0.03536194090717907,5.0,4.0,11.396795050483743,sim_input.json
71,2,18,<bidder.UniformBidder object at 0x0000028086D3F198>,5,True,38,5.564386490147965,3.0,3.0,1,0.75,4.0,0.0,0.0,0,0.003035822707953869,0.0,0.0,0.003035822707953869,0.016892490862622917,5.0,4.0,11.396795050483743,sim_input.json
71,2,18,<bidder.UniformBidder object at 0x0000028086D3F198>,5,True,39,4.697458460770707,3.0,3.0,1,0.75,4.0,0.0,0.0,0,0.0,0.0,0.0,0.0,0.0,5.0,4.0,11.396795050483743,sim_input.json
71,2,18,<bidder.UniformBidder object at 0x0000028086D3F198>,5,True,40,5.486031852451068,4.0,4.0,0.75,0.6,4.0,0.0,0.0,0,0.0089448347645069,0.0,0.0,0.0089448347645069,0.049071648432996495,5.0,4.0,11.396795050483743,sim_input.json
71,2,18,<bidder.UniformBidder object at 0x0000028086D3F198>,5,True,41,6.534718406162843,1.0,1.0,1,1,4.0,0.0,0.0,0,0.16393442622950818,0.0,0.0,0.16393442622950818,1.0712653124857119,5.0,4.0,11.396795050483743,sim_input.json
71,2,18,<bidder.UniformBidder object at 0x0000028086D3F198>,5,True,42,6.187463125985335,3.0,4.0,0.75,0.75,4.0,0.0,0.0,0,0.0063595251554550486,0.0,0.0,0.0063595251554550486,0.03934932739815427,5.0,4.0,11.396795050483743,sim_input.json
71,2,18,<bidder.UniformBidder object at 0x0000028086D3F198>,5,True,43,4.802074788190765,4.0,4.0,0.75,0.6,4.0,0.0,0.0,0,0.0,0.0,0.0,0.0,0.0,5.0,4.0,11.396795050483743,sim_input.json
71,2,18,<bidder.UniformBidder object at 0x0000028086D3F198>,5,True,44,5.9975549270013335,3.0,3.0,1,0.75,4.0,0.0,0.0,0,0.011515189581893947,0.0,0.0,0.011515189581893947,0.06906298201224247,5.0,4.0,11.396795050483743,sim_input.json
71,2,18,<bidder.UniformBidder object at 0x0000028086D3F198>,5,True,45,0.8683196894438171,1.0,1.0,1,1,4.0,0.0,0.0,0,0.16393442622950818,0.0,0.0,0.16393442622950818,0.1423474900727569,5.0,4.0,11.396795050483743,sim_input.json
71,2,18,<bidder.UniformBidder object at 0x0000028086D3F198>,5,True,46,4.44115169707584,0.0,0.0,1,1,4.0,0.0,0.0,0,0.2459016393442623,0.0,0.0,0.2459016393442623,1.0920864828875017,5.0,4.0,11.396795050483743,sim_input.json
71,2,18,<bidder.UniformBidder object at 0x0000028086D3F198>,5,True,47,4.685102647021263,4.0,4.0,0.75,0.6,4.0,0.0,0.0,0,0.004553734061930766,0.0,0.0,0.004553734061930766,0.021334711507382722,5.0,4.0,11.396795050483743,sim_input.json
71,2,18,<bidder.UniformBidder object at 0x0000028086D3F198>,5,True,48,0.8947630817802316,2.0,2.0,1,1,4.0,0.0,0.0,0,0.08196721311475409,0.0,0.0,0.08196721311475409,0.07334123621149438,5.0,4.0,11.396795050483743,sim_input.json
71,2,18,<bidder.UniformBidder object at 0x0000028086D3F198>,5,True,49,3.886219553114949,3.0,3.0,1,0.75,4.0,0.0,0.0,0,0.008479366873940077,0.0,0.0,0.008479366873940077,0.03295268134354111,5.0,4.0,11.396795050483743,sim_input.json
71,2,18,<bidder.UniformBidder object at 0x0000028086D3F198>,5,True,50,5.380574908961501,0.0,1.0,1,1,4.0,0.0,0.0,0,0.1697892271662763,0.0,0.0,0.1697892271662763,0.9135636555028308,5.0,4.0,11.396795050483743,sim_input.json
71,2,18,<bidder.UniformBidder object at 0x0000028086D3F198>,5,True,51,0.8120861472669128,4.0,4.0,0.75,0.6,4.0,0.0,0.0,0,0.0063595251554550486,0.0,0.0,0.0063595251554550486,0.0051644822819405046,5.0,4.0,11.396795050483743,sim_input.json
71,2,19,<bidder.IntegralGreedyBidder object at 0x0000028086CB7978>,5,True,0,1.4157928004130482,6.0,6.0,0.5,0.42857142857142855,7.25,0.0,0.0,0,0.0,0.0,0.0,0.0,0.0,9.0,7.25,2.582302478875868,sim_input.json
71,2,19,<bidder.IntegralGreedyBidder object at 0x0000028086CB7978>,5,True,1,0.20863669155046538,1.0,1.0,1,1,7.25,1.0,1.0,1,0.896551724137931,1.0,0.896551724137931,0.896551724137931,0.18705358552800344,9.0,7.25,2.582302478875868,sim_input.json
71,2,19,<bidder.IntegralGreedyBidder object at 0x0000028086CB7978>,5,True,2,0.0,4.0,4.0,0.75,0.6,7.25,0.0,0.0,0,0.0,0.0,0.0,0.0,0.0,9.0,7.25,2.582302478875868,sim_input.json
71,2,19,<bidder.IntegralGreedyBidder object at 0x0000028086CB7978>,5,True,3,1.2045893710885411,3.0,3.0,1,0.75,7.25,0.0,0.0,0,0.0,0.0,0.0,0.0,0.0,9.0,7.25,2.582302478875868,sim_input.json
71,2,19,<bidder.IntegralGreedyBidder object at 0x0000028086CB7978>,5,True,4,0.8802454041456405,5.0,5.0,0.6,0.5,7.25,0.0,0.0,0,0.0,0.0,0.0,0.0,0.0,9.0,7.25,2.582302478875868,sim_input.json
71,2,19,<bidder.IntegralGreedyBidder object at 0x0000028086CB7978>,5,True,5,5.187502091952422,3.0,3.0,1,0.75,7.25,0.0,0.0,0,0.0,0.0,0.0,0.0,0.0,9.0,7.25,2.582302478875868,sim_input.json
71,2,19,<bidder.IntegralGreedyBidder object at 0x0000028086CB7978>,5,True,6,1.5342798180679653,0.0,1.0,1,1,7.25,0.0,0.0,0,0.0,0.0,0.0,0.0,0.0,9.0,7.25,2.582302478875868,sim_input.json
71,2,19,<bidder.IntegralGreedyBidder object at 0x0000028086CB7978>,5,True,7,1.5529883540214444,3.0,3.0,1,0.75,7.25,0.0,0.0,0,0.0,0.0,0.0,0.0,0.0,9.0,7.25,2.582302478875868,sim_input.json
71,2,19,<bidder.IntegralGreedyBidder object at 0x0000028086CB7978>,5,True,8,4.28209308319677,2.0,2.0,1,1,7.25,0.0,0.0,0,0.0,0.0,0.0,0.0,0.0,9.0,7.25,2.582302478875868,sim_input.json
71,2,19,<bidder.IntegralGreedyBidder object at 0x0000028086CB7978>,5,True,9,1.6764188074362696,4.0,4.0,0.75,0.6,7.25,0.0,0.0,0,0.0,0.0,0.0,0.0,0.0,9.0,7.25,2.582302478875868,sim_input.json
71,2,19,<bidder.IntegralGreedyBidder object at 0x0000028086CB7978>,5,True,10,7.307708216858034,2.0,3.0,1,1,7.25,0.0,0.0,0,0.0,0.0,0.0,0.0,0.0,9.0,7.25,2.582302478875868,sim_input.json
71,2,19,<bidder.IntegralGreedyBidder object at 0x0000028086CB7978>,5,True,11,3.6341886695013086,2.0,2.0,1,1,7.25,0.0,0.0,0,0.0,0.0,0.0,0.0,0.0,9.0,7.25,2.582302478875868,sim_input.json
71,2,19,<bidder.IntegralGreedyBidder object at 0x0000028086CB7978>,5,True,12,3.1304953552197703,3.0,3.0,1,0.75,7.25,0.0,0.0,0,0.0,0.0,0.0,0.0,0.0,9.0,7.25,2.582302478875868,sim_input.json
71,2,19,<bidder.IntegralGreedyBidder object at 0x0000028086CB7978>,5,True,13,6.2828773884673605,6.0,6.0,0.5,0.42857142857142855,7.25,0.0,0.0,0,0.0,0.0,0.0,0.0,0.0,9.0,7.25,2.582302478875868,sim_input.json
71,2,19,<bidder.IntegralGreedyBidder object at 0x0000028086CB7978>,5,True,14,2.426453903231897,3.0,3.0,1,0.75,7.25,0.0,0.0,0,0.0,0.0,0.0,0.0,0.0,9.0,7.25,2.582302478875868,sim_input.json
71,2,19,<bidder.IntegralGreedyBidder object at 0x0000028086CB7978>,5,True,15,0.5512839508735978,3.0,3.0,1,0.75,7.25,0.0,0.0,0,0.0,0.0,0.0,0.0,0.0,9.0,7.25,2.582302478875868,sim_input.json
71,2,19,<bidder.IntegralGreedyBidder object at 0x0000028086CB7978>,5,True,16,0.8161006938475508,3.0,3.0,1,0.75,7.25,0.0,0.0,0,0.0,0.0,0.0,0.0,0.0,9.0,7.25,2.582302478875868,sim_input.json
71,2,19,<bidder.IntegralGreedyBidder object at 0x0000028086CB7978>,5,True,17,0.5096046992983317,4.0,4.0,0.75,0.75,7.25,1.0,1.0,1,0.6724137931034483,0.75,0.6724137931034483,0.6724137931034483,0.3426652288385334,9.0,7.25,2.582302478875868,sim_input.json
71,2,19,<bidder.IntegralGreedyBidder object at 0x0000028086CB7978>,5,True,18,0.40930155961884407,6.0,6.0,0.5,0.5,7.25,1.0,1.0,1,0.4482758620689655,0.5,0.4482758620689655,0.4482758620689655,0.18348000948430943,9.0,7.25,2.582302478875868,sim_input.json
71,2,19,<bidder.IntegralGreedyBidder object at 0x0000028086CB7978>,5,True,19,1.9906892361847741,2.0,2.0,1,1,7.25,0.0,0.0,0,0.0,0.0,0.0,0.0,0.0,9.0,7.25,2.582302478875868,sim_input.json
71,2,19,<bidder.IntegralGreedyBidder object at 0x0000028086CB7978>,5,True,20,5.8630175098927815,1.0,1.0,1,1,7.25,0.0,0.0,0,0.0,0.0,0.0,0.0,0.0,9.0,7.25,2.582302478875868,sim_input.json
71,2,19,<bidder.IntegralGreedyBidder object at 0x0000028086CB7978>,5,True,21,5.812454894765089,1.0,1.0,1,1,7.25,0.0,0.0,0,0.0,0.0,0.0,0.0,0.0,9.0,7.25,2.582302478875868,sim_input.json
71,2,19,<bidder.IntegralGreedyBidder object at 0x0000028086CB7978>,5,True,22,0.29361300922597877,3.0,3.0,1,1,7.25,1.0,1.0,1,0.896551724137931,1.0,0.896551724137931,0.896551724137931,0.2632392496508775,9.0,7.25,2.582302478875868,sim_input.json
71,2,19,<bidder.IntegralGreedyBidder object at 0x0000028086CB7978>,5,True,23,5.459985341195626,3.0,3.0,1,0.75,7.25,0.0,0.0,0,0.0,0.0,0.0,0.0,0.0,9.0,7.25,2.582302478875868,sim_input.json
71,2,19,<bidder.IntegralGreedyBidder object at 0x0000028086CB7978>,5,True,24,1.9118530912138545,4.0,4.0,0.75,0.6,7.25,0.0,0.0,0,0.0,0.0,0.0,0.0,0.0,9.0,7.25,2.582302478875868,sim_input.json
71,2,19,<bidder.IntegralGreedyBidder object at 0x0000028086CB7978>,5,True,25,7.257790031321195,1.0,2.0,1,1,7.25,0.0,0.0,0,0.0,0.0,0.0,0.0,0.0,9.0,7.25,2.582302478875868,sim_input.json
71,2,19,<bidder.IntegralGreedyBidder object at 0x0000028086CB7978>,5,True,26,5.33914195567803,1.0,1.0,1,1,7.25,0.0,0.0,0,0.0,0.0,0.0,0.0,0.0,9.0,7.25,2.582302478875868,sim_input.json
71,2,19,<bidder.IntegralGreedyBidder object at 0x0000028086CB7978>,5,True,27,4.649634839306377,0.0,0.0,1,1,7.25,0.0,0.0,0,0.0,0.0,0.0,0.0,0.0,9.0,7.25,2.582302478875868,sim_input.json
71,2,19,<bidder.IntegralGreedyBidder object at 0x0000028086CB7978>,5,True,28,6.084039791881742,3.0,4.0,0.75,0.75,7.25,0.0,0.0,0,0.0,0.0,0.0,0.0,0.0,9.0,7.25,2.582302478875868,sim_input.json
71,2,19,<bidder.IntegralGreedyBidder object at 0x0000028086CB7978>,5,True,29,7.399157205195897,2.0,3.0,1,1,7.25,0.0,0.0,0,0.0,0.0,0.0,0.0,0.0,9.0,7.25,2.582302478875868,sim_input.json
71,2,19,<bidder.IntegralGreedyBidder object at 0x0000028086CB7978>,5,True,30,7.412315565111891,4.0,4.0,0.75,0.6,7.25,0.0,0.0,0,0.0,0.0,0.0,0.0,0.0,9.0,7.25,2.582302478875868,sim_input.json
71,2,19,<bidder.IntegralGreedyBidder object at 0x0000028086CB7978>,5,True,31,1.2524965362817482,3.0,4.0,0.75,0.75,7.25,0.0,0.0,0,0.0,0.0,0.0,0.0,0.0,9.0,7.25,2.582302478875868,sim_input.json
71,2,19,<bidder.IntegralGreedyBidder object at 0x0000028086CB7978>,5,True,32,7.927331916433518,4.0,4.0,0.75,0.6,7.25,0.0,0.0,0,0.0,0.0,0.0,0.0,0.0,9.0,7.25,2.582302478875868,sim_input.json
71,2,19,<bidder.IntegralGreedyBidder object at 0x0000028086CB7978>,5,True,33,6.105677109516412,2.0,2.0,1,1,7.25,0.0,0.0,0,0.0,0.0,0.0,0.0,0.0,9.0,7.25,2.582302478875868,sim_input.json
71,2,19,<bidder.IntegralGreedyBidder object at 0x0000028086CB7978>,5,True,34,3.9914369634149107,4.0,4.0,0.75,0.6,7.25,0.0,0.0,0,0.0,0.0,0.0,0.0,0.0,9.0,7.25,2.582302478875868,sim_input.json
71,2,19,<bidder.IntegralGreedyBidder object at 0x0000028086CB7978>,5,True,35,7.999132006562608,4.0,4.0,0.75,0.6,7.25,0.0,0.0,0,0.0,0.0,0.0,0.0,0.0,9.0,7.25,2.582302478875868,sim_input.json
71,2,19,<bidder.IntegralGreedyBidder object at 0x0000028086CB7978>,5,True,36,7.655372617612107,3.0,3.0,1,0.75,7.25,0.0,0.0,0,0.0,0.0,0.0,0.0,0.0,9.0,7.25,2.582302478875868,sim_input.json
71,2,19,<bidder.IntegralGreedyBidder object at 0x0000028086CB7978>,5,True,37,0.00862820621709659,6.0,6.0,0.5,0.5,7.25,1.0,1.0,1,0.4482758620689655,0.5,0.4482758620689655,0.4482758620689655,0.003867816580077782,9.0,7.25,2.582302478875868,sim_input.json
71,2,19,<bidder.IntegralGreedyBidder object at 0x0000028086CB7978>,5,True,38,5.154874028300172,3.0,3.0,1,0.75,7.25,0.0,0.0,0,0.0,0.0,0.0,0.0,0.0,9.0,7.25,2.582302478875868,sim_input.json
71,2,19,<bidder.IntegralGreedyBidder object at 0x0000028086CB7978>,5,True,39,5.236016160692637,3.0,3.0,1,0.75,7.25,0.0,0.0,0,0.0,0.0,0.0,0.0,0.0,9.0,7.25,2.582302478875868,sim_input.json
71,2,19,<bidder.IntegralGreedyBidder object at 0x0000028086CB7978>,5,True,40,7.7490419899084895,4.0,4.0,0.75,0.6,7.25,0.0,0.0,0,0.0,0.0,0.0,0.0,0.0,9.0,7.25,2.582302478875868,sim_input.json
71,2,19,<bidder.IntegralGreedyBidder object at 0x0000028086CB7978>,5,True,41,3.5539663222772195,1.0,1.0,1,1,7.25,0.0,0.0,0,0.0,0.0,0.0,0.0,0.0,9.0,7.25,2.582302478875868,sim_input.json
71,2,19,<bidder.IntegralGreedyBidder object at 0x0000028086CB7978>,5,True,42,0.4094239305813693,3.0,4.0,0.75,0.75,7.25,0.0,1.0,1,0.6724137931034483,0.75,0.6724137931034483,0.6724137931034483,0.27530229814954144,9.0,7.25,2.582302478875868,sim_input.json
71,2,19,<bidder.IntegralGreedyBidder object at 0x0000028086CB7978>,5,True,43,3.8540945471926147,4.0,4.0,0.75,0.6,7.25,0.0,0.0,0,0.0,0.0,0.0,0.0,0.0,9.0,7.25,2.582302478875868,sim_input.json
71,2,19,<bidder.IntegralGreedyBidder object at 0x0000028086CB7978>,5,True,44,0.5848189824863733,3.0,3.0,1,1,7.25,1.0,1.0,1,0.896551724137931,1.0,0.896551724137931,0.896551724137931,0.5243204670567485,9.0,7.25,2.582302478875868,sim_input.json
71,2,19,<bidder.IntegralGreedyBidder object at 0x0000028086CB7978>,5,True,45,5.11045616868767,1.0,1.0,1,1,7.25,0.0,0.0,0,0.0,0.0,0.0,0.0,0.0,9.0,7.25,2.582302478875868,sim_input.json
71,2,19,<bidder.IntegralGreedyBidder object at 0x0000028086CB7978>,5,True,46,6.632705092563487,0.0,0.0,1,1,7.25,0.0,0.0,0,0.0,0.0,0.0,0.0,0.0,9.0,7.25,2.582302478875868,sim_input.json
71,2,19,<bidder.IntegralGreedyBidder object at 0x0000028086CB7978>,5,True,47,5.010521120973906,4.0,4.0,0.75,0.6,7.25,0.0,0.0,0,0.0,0.0,0.0,0.0,0.0,9.0,7.25,2.582302478875868,sim_input.json
71,2,19,<bidder.IntegralGreedyBidder object at 0x0000028086CB7978>,5,True,48,6.242865642221441,2.0,2.0,1,1,7.25,0.0,0.0,0,0.0,0.0,0.0,0.0,0.0,9.0,7.25,2.582302478875868,sim_input.json
71,2,19,<bidder.IntegralGreedyBidder object at 0x0000028086CB7978>,5,True,49,0.6762184756004613,3.0,3.0,1,1,7.25,1.0,1.0,1,0.896551724137931,1.0,0.896551724137931,0.896551724137931,0.6062648401935171,9.0,7.25,2.582302478875868,sim_input.json
71,2,19,<bidder.IntegralGreedyBidder object at 0x0000028086CB7978>,5,True,50,5.358382335330373,0.0,1.0,1,1,7.25,0.0,0.0,0,0.0,0.0,0.0,0.0,0.0,9.0,7.25,2.582302478875868,sim_input.json
71,2,19,<bidder.IntegralGreedyBidder object at 0x0000028086CB7978>,5,True,51,0.29164925735556513,4.0,4.0,0.75,0.75,7.25,1.0,1.0,1,0.6724137931034483,0.75,0.6724137931034483,0.6724137931034483,0.1961089833942593,9.0,7.25,2.582302478875868,sim_input.json
71,2,20,<bidder.IntegralGreedyBidder object at 0x0000028086CB7F28>,5,True,0,2.3082114061087626,6.0,6.0,0.5,0.42857142857142855,6.75,0.0,0.0,0,0.0,0.0,0.0,0.0,0.0,9.0,6.75,3.0553535164985766,sim_input.json
71,2,20,<bidder.IntegralGreedyBidder object at 0x0000028086CB7F28>,5,True,1,7.5983576724912165,1.0,1.0,1,1,6.75,0.0,0.0,0,0.0,0.0,0.0,0.0,0.0,9.0,6.75,3.0553535164985766,sim_input.json
71,2,20,<bidder.IntegralGreedyBidder object at 0x0000028086CB7F28>,5,True,2,4.586373782381752,4.0,4.0,0.75,0.6,6.75,0.0,0.0,0,0.0,0.0,0.0,0.0,0.0,9.0,6.75,3.0553535164985766,sim_input.json
71,2,20,<bidder.IntegralGreedyBidder object at 0x0000028086CB7F28>,5,True,3,2.73211899796365,3.0,3.0,1,0.75,6.75,0.0,0.0,0,0.0,0.0,0.0,0.0,0.0,9.0,6.75,3.0553535164985766,sim_input.json
71,2,20,<bidder.IntegralGreedyBidder object at 0x0000028086CB7F28>,5,True,4,7.628739301554569,5.0,5.0,0.6,0.5,6.75,0.0,0.0,0,0.0,0.0,0.0,0.0,0.0,9.0,6.75,3.0553535164985766,sim_input.json
71,2,20,<bidder.IntegralGreedyBidder object at 0x0000028086CB7F28>,5,True,5,2.8135149706945812,3.0,3.0,1,0.75,6.75,0.0,0.0,0,0.0,0.0,0.0,0.0,0.0,9.0,6.75,3.0553535164985766,sim_input.json
71,2,20,<bidder.IntegralGreedyBidder object at 0x0000028086CB7F28>,5,True,6,0.9110305068020731,0.0,1.0,1,1,6.75,0.0,1.0,1,0.9629629629629629,1.0,0.9629629629629629,0.9629629629629629,0.877288636179774,9.0,6.75,3.0553535164985766,sim_input.json
71,2,20,<bidder.IntegralGreedyBidder object at 0x0000028086CB7F28>,5,True,7,6.9461075043101275,3.0,3.0,1,0.75,6.75,0.0,0.0,0,0.0,0.0,0.0,0.0,0.0,9.0,6.75,3.0553535164985766,sim_input.json
71,2,20,<bidder.IntegralGreedyBidder object at 0x0000028086CB7F28>,5,True,8,4.199528930200873,2.0,2.0,1,1,6.75,0.0,0.0,0,0.0,0.0,0.0,0.0,0.0,9.0,6.75,3.0553535164985766,sim_input.json
71,2,20,<bidder.IntegralGreedyBidder object at 0x0000028086CB7F28>,5,True,9,0.9321528488134967,4.0,4.0,0.75,0.6,6.75,0.0,0.0,0,0.0,0.0,0.0,0.0,0.0,9.0,6.75,3.0553535164985766,sim_input.json
71,2,20,<bidder.IntegralGreedyBidder object at 0x0000028086CB7F28>,5,True,10,5.981470125145101,2.0,3.0,1,1,6.75,0.0,0.0,0,0.0,0.0,0.0,0.0,0.0,9.0,6.75,3.0553535164985766,sim_input.json
71,2,20,<bidder.IntegralGreedyBidder object at 0x0000028086CB7F28>,5,True,11,2.7641966927968236,2.0,2.0,1,1,6.75,0.0,0.0,0,0.0,0.0,0.0,0.0,0.0,9.0,6.75,3.0553535164985766,sim_input.json
71,2,20,<bidder.IntegralGreedyBidder object at 0x0000028086CB7F28>,5,True,12,4.745138700373349,3.0,3.0,1,0.75,6.75,0.0,0.0,0,0.0,0.0,0.0,0.0,0.0,9.0,6.75,3.0553535164985766,sim_input.json
71,2,20,<bidder.IntegralGreedyBidder object at 0x0000028086CB7F28>,5,True,13,0.03198346086094983,6.0,6.0,0.5,0.5,6.75,1.0,1.0,1,0.48148148148148145,0.5,0.48148148148148145,0.48148148148148145,0.015399444118235102,9.0,6.75,3.0553535164985766,sim_input.json
71,2,20,<bidder.IntegralGreedyBidder object at 0x0000028086CB7F28>,5,True,14,0.0,3.0,3.0,1,0.75,6.75,0.0,0.0,0,0.0,0.0,0.0,0.0,0.0,9.0,6.75,3.0553535164985766,sim_input.json
71,2,20,<bidder.IntegralGreedyBidder object at 0x0000028086CB7F28>,5,True,15,3.98040435508564,3.0,3.0,1,0.75,6.75,0.0,0.0,0,0.0,0.0,0.0,0.0,0.0,9.0,6.75,3.0553535164985766,sim_input.json
71,2,20,<bidder.IntegralGreedyBidder object at 0x0000028086CB7F28>,5,True,16,0.0,3.0,3.0,1,0.75,6.75,0.0,0.0,0,0.0,0.0,0.0,0.0,0.0,9.0,6.75,3.0553535164985766,sim_input.json
71,2,20,<bidder.IntegralGreedyBidder object at 0x0000028086CB7F28>,5,True,17,0.30172571051996566,4.0,4.0,0.75,0.75,6.75,1.0,1.0,1,0.7222222222222222,0.75,0.7222222222222222,0.7222222222222222,0.21791301315330852,9.0,6.75,3.0553535164985766,sim_input.json
71,2,20,<bidder.IntegralGreedyBidder object at 0x0000028086CB7F28>,5,True,18,4.997392072613367,6.0,6.0,0.5,0.42857142857142855,6.75,0.0,0.0,0,0.0,0.0,0.0,0.0,0.0,9.0,6.75,3.0553535164985766,sim_input.json
71,2,20,<bidder.IntegralGreedyBidder object at 0x0000028086CB7F28>,5,True,19,5.927137081722592,2.0,2.0,1,1,6.75,0.0,0.0,0,0.0,0.0,0.0,0.0,0.0,9.0,6.75,3.0553535164985766,sim_input.json
71,2,20,<bidder.IntegralGreedyBidder object at 0x0000028086CB7F28>,5,True,20,4.023000920101753,1.0,1.0,1,1,6.75,0.0,0.0,0,0.0,0.0,0.0,0.0,0.0,9.0,6.75,3.0553535164985766,sim_input.json
71,2,20,<bidder.IntegralGreedyBidder object at 0x0000028086CB7F28>,5,True,21,5.0151032302944465,1.0,1.0,1,1,6.75,0.0,0.0,0,0.0,0.0,0.0,0.0,0.0,9.0,6.75,3.0553535164985766,sim_input.json
71,2,20,<bidder.IntegralGreedyBidder object at 0x0000028086CB7F28>,5,True,22,2.4179666266258693,3.0,3.0,1,0.75,6.75,0.0,0.0,0,0.0,0.0,0.0,0.0,0.0,9.0,6.75,3.0553535164985766,sim_input.json
71,2,20,<bidder.IntegralGreedyBidder object at 0x0000028086CB7F28>,5,True,23,4.511306002870674,3.0,3.0,1,0.75,6.75,0.0,0.0,0,0.0,0.0,0.0,0.0,0.0,9.0,6.75,3.0553535164985766,sim_input.json
71,2,20,<bidder.IntegralGreedyBidder object at 0x0000028086CB7F28>,5,True,24,0.8282501283487078,4.0,4.0,0.75,0.75,6.75,1.0,1.0,1,0.7222222222222222,0.75,0.7222222222222222,0.7222222222222222,0.5981806482518445,9.0,6.75,3.0553535164985766,sim_input.json
71,2,20,<bidder.IntegralGreedyBidder object at 0x0000028086CB7F28>,5,True,25,5.122351829531283,1.0,2.0,1,1,6.75,0.0,0.0,0,0.0,0.0,0.0,0.0,0.0,9.0,6.75,3.0553535164985766,sim_input.json
71,2,20,<bidder.IntegralGreedyBidder object at 0x0000028086CB7F28>,5,True,26,0.9799123150452158,1.0,1.0,1,1,6.75,0.0,0.0,0,0.0,0.0,0.0,0.0,0.0,9.0,6.75,3.0553535164985766,sim_input.json
71,2,20,<bidder.IntegralGreedyBidder object at 0x0000028086CB7F28>,5,True,27,0.0,0.0,0.0,1,1,6.75,0.0,0.0,0,0.0,0.0,0.0,0.0,0.0,9.0,6.75,3.0553535164985766,sim_input.json
71,2,20,<bidder.IntegralGreedyBidder object at 0x0000028086CB7F28>,5,True,28,0.0,3.0,4.0,0.75,0.75,6.75,0.0,0.0,0,0.0,0.0,0.0,0.0,0.0,9.0,6.75,3.0553535164985766,sim_input.json
71,2,20,<bidder.IntegralGreedyBidder object at 0x0000028086CB7F28>,5,True,29,0.0,2.0,3.0,1,1,6.75,0.0,0.0,0,0.0,0.0,0.0,0.0,0.0,9.0,6.75,3.0553535164985766,sim_input.json
71,2,20,<bidder.IntegralGreedyBidder object at 0x0000028086CB7F28>,5,True,30,0.3797543077999792,4.0,4.0,0.75,0.75,6.75,1.0,1.0,1,0.7222222222222222,0.75,0.7222222222222222,0.7222222222222222,0.2742670000777628,9.0,6.75,3.0553535164985766,sim_input.json
71,2,20,<bidder.IntegralGreedyBidder object at 0x0000028086CB7F28>,5,True,31,6.868613878853594,3.0,4.0,0.75,0.75,6.75,0.0,0.0,0,0.0,0.0,0.0,0.0,0.0,9.0,6.75,3.0553535164985766,sim_input.json
71,2,20,<bidder.IntegralGreedyBidder object at 0x0000028086CB7F28>,5,True,32,0.31534754102141715,4.0,4.0,0.75,0.75,6.75,1.0,1.0,1,0.7222222222222222,0.75,0.7222222222222222,0.7222222222222222,0.2277510018488013,9.0,6.75,3.0553535164985766,sim_input.json
71,2,20,<bidder.IntegralGreedyBidder object at 0x0000028086CB7F28>,5,True,33,6.512979584810474,2.0,2.0,1,1,6.75,0.0,0.0,0,0.0,0.0,0.0,0.0,0.0,9.0,6.75,3.0553535164985766,sim_input.json
71,2,20,<bidder.IntegralGreedyBidder object at 0x0000028086CB7F28>,5,True,34,0.756633011241033,4.0,4.0,0.75,0.6,6.75,0.0,0.0,0,0.0,0.0,0.0,0.0,0.0,9.0,6.75,3.0553535164985766,sim_input.json
71,2,20,<bidder.IntegralGreedyBidder object at 0x0000028086CB7F28>,5,True,35,5.9912604605036215,4.0,4.0,0.75,0.6,6.75,0.0,0.0,0,0.0,0.0,0.0,0.0,0.0,9.0,6.75,3.0553535164985766,sim_input.json
71,2,20,<bidder.IntegralGreedyBidder object at 0x0000028086CB7F28>,5,True,36,0.44393875235159264,3.0,3.0,1,1,6.75,1.0,1.0,1,0.9629629629629629,1.0,0.9629629629629629,0.9629629629629629,0.4274965763385707,9.0,6.75,3.0553535164985766,sim_input.json
71,2,20,<bidder.IntegralGreedyBidder object at 0x0000028086CB7F28>,5,True,37,0.24997831741307008,6.0,6.0,0.5,0.5,6.75,1.0,1.0,1,0.48148148148148145,0.5,0.48148148148148145,0.48148148148148145,0.12035993060629299,9.0,6.75,3.0553535164985766,sim_input.json
71,2,20,<bidder.IntegralGreedyBidder object at 0x0000028086CB7F28>,5,True,38,4.957311698439689,3.0,3.0,1,0.75,6.75,0.0,0.0,0,0.0,0.0,0.0,0.0,0.0,9.0,6.75,3.0553535164985766,sim_input.json
71,2,20,<bidder.IntegralGreedyBidder object at 0x0000028086CB7F28>,5,True,39,7.143826335892478,3.0,3.0,1,0.75,6.75,0.0,0.0,0,0.0,0.0,0.0,0.0,0.0,9.0,6.75,3.0553535164985766,sim_input.json
71,2,20,<bidder.IntegralGreedyBidder object at 0x0000028086CB7F28>,5,True,40,4.946155223207547,4.0,4.0,0.75,0.6,6.75,0.0,0.0,0,0.0,0.0,0.0,0.0,0.0,9.0,6.75,3.0553535164985766,sim_input.json
71,2,20,<bidder.IntegralGreedyBidder object at 0x0000028086CB7F28>,5,True,41,6.781805906866014,1.0,1.0,1,1,6.75,0.0,0.0,0,0.0,0.0,0.0,0.0,0.0,9.0,6.75,3.0553535164985766,sim_input.json
71,2,20,<bidder.IntegralGreedyBidder object at 0x0000028086CB7F28>,5,True,42,6.773775110094891,3.0,4.0,0.75,0.75,6.75,0.0,0.0,0,0.0,0.0,0.0,0.0,0.0,9.0,6.75,3.0553535164985766,sim_input.json
71,2,20,<bidder.IntegralGreedyBidder object at 0x0000028086CB7F28>,5,True,43,3.9679274217920555,4.0,4.0,0.75,0.6,6.75,0.0,0.0,0,0.0,0.0,0.0,0.0,0.0,9.0,6.75,3.0553535164985766,sim_input.json
71,2,20,<bidder.IntegralGreedyBidder object at 0x0000028086CB7F28>,5,True,44,7.648481152695934,3.0,3.0,1,0.75,6.75,0.0,0.0,0,0.0,0.0,0.0,0.0,0.0,9.0,6.75,3.0553535164985766,sim_input.json
71,2,20,<bidder.IntegralGreedyBidder object at 0x0000028086CB7F28>,5,True,45,0.9474071753350684,1.0,1.0,1,1,6.75,0.0,0.0,0,0.0,0.0,0.0,0.0,0.0,9.0,6.75,3.0553535164985766,sim_input.json
71,2,20,<bidder.IntegralGreedyBidder object at 0x0000028086CB7F28>,5,True,46,7.981651435416028,0.0,0.0,1,1,6.75,0.0,0.0,0,0.0,0.0,0.0,0.0,0.0,9.0,6.75,3.0553535164985766,sim_input.json
71,2,20,<bidder.IntegralGreedyBidder object at 0x0000028086CB7F28>,5,True,47,0.4108115989716732,4.0,4.0,0.75,0.75,6.75,1.0,1.0,1,0.7222222222222222,0.75,0.7222222222222222,0.7222222222222222,0.2966972659239862,9.0,6.75,3.0553535164985766,sim_input.json
71,2,20,<bidder.IntegralGreedyBidder object at 0x0000028086CB7F28>,5,True,48,2.094751816180569,2.0,2.0,1,1,6.75,0.0,0.0,0,0.0,0.0,0.0,0.0,0.0,9.0,6.75,3.0553535164985766,sim_input.json
71,2,20,<bidder.IntegralGreedyBidder object at 0x0000028086CB7F28>,5,True,49,4.61937015878077,3.0,3.0,1,0.75,6.75,0.0,0.0,0,0.0,0.0,0.0,0.0,0.0,9.0,6.75,3.0553535164985766,sim_input.json
71,2,20,<bidder.IntegralGreedyBidder object at 0x0000028086CB7F28>,5,True,50,2.83465198845406,0.0,1.0,1,1,6.75,0.0,0.0,0,0.0,0.0,0.0,0.0,0.0,9.0,6.75,3.0553535164985766,sim_input.json
71,2,20,<bidder.IntegralGreedyBidder object at 0x0000028086CB7F28>,5,True,51,3.5312615959606886,4.0,4.0,0.75,0.6,6.75,0.0,0.0,0,0.0,0.0,0.0,0.0,0.0,9.0,6.75,3.0553535164985766,sim_input.json
71,2,21,<bidder.IntegralGreedyBidder object at 0x0000028086CB7F98>,5,True,0,0.0,6.0,6.0,0.5,0.42857142857142855,7.0,0.0,0.0,0,0.0,0.0,0.0,0.0,0.0,8.0,7.0,4.288602473877114,sim_input.json
71,2,21,<bidder.IntegralGreedyBidder object at 0x0000028086CB7F98>,5,True,1,7.6229785552601745,1.0,1.0,1,1,7.0,0.0,0.0,0,0.0,0.0,0.0,0.0,0.0,8.0,7.0,4.288602473877114,sim_input.json
71,2,21,<bidder.IntegralGreedyBidder object at 0x0000028086CB7F98>,5,True,2,0.5922592005146028,4.0,4.0,0.75,0.75,7.0,1.0,1.0,1,0.6964285714285714,0.75,0.6964285714285714,0.6964285714285714,0.41246622892981266,8.0,7.0,4.288602473877114,sim_input.json
71,2,21,<bidder.IntegralGreedyBidder object at 0x0000028086CB7F98>,5,True,3,7.146553396117546,3.0,3.0,1,0.75,7.0,0.0,0.0,0,0.0,0.0,0.0,0.0,0.0,8.0,7.0,4.288602473877114,sim_input.json
71,2,21,<bidder.IntegralGreedyBidder object at 0x0000028086CB7F98>,5,True,4,7.658621796462693,5.0,5.0,0.6,0.5,7.0,0.0,0.0,0,0.0,0.0,0.0,0.0,0.0,8.0,7.0,4.288602473877114,sim_input.json
71,2,21,<bidder.IntegralGreedyBidder object at 0x0000028086CB7F98>,5,True,5,0.06150128985580272,3.0,3.0,1,1,7.0,1.0,1.0,1,0.9285714285714286,1.0,0.9285714285714286,0.9285714285714286,0.057108340580388245,8.0,7.0,4.288602473877114,sim_input.json
71,2,21,<bidder.IntegralGreedyBidder object at 0x0000028086CB7F98>,5,True,6,2.7904674053694,0.0,1.0,1,1,7.0,0.0,0.0,0,0.0,0.0,0.0,0.0,0.0,8.0,7.0,4.288602473877114,sim_input.json
71,2,21,<bidder.IntegralGreedyBidder object at 0x0000028086CB7F98>,5,True,7,5.227257267176301,3.0,3.0,1,0.75,7.0,0.0,0.0,0,0.0,0.0,0.0,0.0,0.0,8.0,7.0,4.288602473877114,sim_input.json
71,2,21,<bidder.IntegralGreedyBidder object at 0x0000028086CB7F98>,5,True,8,6.638345226917731,2.0,2.0,1,1,7.0,0.0,0.0,0,0.0,0.0,0.0,0.0,0.0,8.0,7.0,4.288602473877114,sim_input.json
71,2,21,<bidder.IntegralGreedyBidder object at 0x0000028086CB7F98>,5,True,9,0.0,4.0,4.0,0.75,0.6,7.0,0.0,0.0,0,0.0,0.0,0.0,0.0,0.0,8.0,7.0,4.288602473877114,sim_input.json
71,2,21,<bidder.IntegralGreedyBidder object at 0x0000028086CB7F98>,5,True,10,2.1384755153226838,2.0,3.0,1,1,7.0,0.0,0.0,0,0.0,0.0,0.0,0.0,0.0,8.0,7.0,4.288602473877114,sim_input.json
71,2,21,<bidder.IntegralGreedyBidder object at 0x0000028086CB7F98>,5,True,11,0.0,2.0,2.0,1,1,7.0,0.0,0.0,0,0.0,0.0,0.0,0.0,0.0,8.0,7.0,4.288602473877114,sim_input.json
71,2,21,<bidder.IntegralGreedyBidder object at 0x0000028086CB7F98>,5,True,12,0.05405603745832366,3.0,3.0,1,1,7.0,1.0,1.0,1,0.9285714285714286,1.0,0.9285714285714286,0.9285714285714286,0.05019489192558626,8.0,7.0,4.288602473877114,sim_input.json
71,2,21,<bidder.IntegralGreedyBidder object at 0x0000028086CB7F98>,5,True,13,0.0,6.0,6.0,0.5,0.42857142857142855,7.0,0.0,0.0,0,0.0,0.0,0.0,0.0,0.0,8.0,7.0,4.288602473877114,sim_input.json
71,2,21,<bidder.IntegralGreedyBidder object at 0x0000028086CB7F98>,5,True,14,1.1874518537256664,3.0,3.0,1,0.75,7.0,0.0,0.0,0,0.0,0.0,0.0,0.0,0.0,8.0,7.0,4.288602473877114,sim_input.json
71,2,21,<bidder.IntegralGreedyBidder object at 0x0000028086CB7F98>,5,True,15,0.4712340550287297,3.0,3.0,1,1,7.0,1.0,1.0,1,0.9285714285714286,1.0,0.9285714285714286,0.9285714285714286,0.4375744796695348,8.0,7.0,4.288602473877114,sim_input.json
71,2,21,<bidder.IntegralGreedyBidder object at 0x0000028086CB7F98>,5,True,16,0.0,3.0,3.0,1,0.75,7.0,0.0,0.0,0,0.0,0.0,0.0,0.0,0.0,8.0,7.0,4.288602473877114,sim_input.json
71,2,21,<bidder.IntegralGreedyBidder object at 0x0000028086CB7F98>,5,True,17,0.0,4.0,4.0,0.75,0.6,7.0,0.0,0.0,0,0.0,0.0,0.0,0.0,0.0,8.0,7.0,4.288602473877114,sim_input.json
71,2,21,<bidder.IntegralGreedyBidder object at 0x0000028086CB7F98>,5,True,18,0.8038666690620028,6.0,6.0,0.5,0.5,7.0,1.0,1.0,1,0.4642857142857143,0.5,0.4642857142857143,0.4642857142857143,0.37322381063592985,8.0,7.0,4.288602473877114,sim_input.json
71,2,21,<bidder.IntegralGreedyBidder object at 0x0000028086CB7F98>,5,True,19,2.1012247090220377,2.0,2.0,1,1,7.0,0.0,0.0,0,0.0,0.0,0.0,0.0,0.0,8.0,7.0,4.288602473877114,sim_input.json
71,2,21,<bidder.IntegralGreedyBidder object at 0x0000028086CB7F98>,5,True,20,2.15163078781743,1.0,1.0,1,1,7.0,0.0,0.0,0,0.0,0.0,0.0,0.0,0.0,8.0,7.0,4.288602473877114,sim_input.json
71,2,21,<bidder.IntegralGreedyBidder object at 0x0000028086CB7F98>,5,True,21,0.0,1.0,1.0,1,1,7.0,0.0,0.0,0,0.0,0.0,0.0,0.0,0.0,8.0,7.0,4.288602473877114,sim_input.json
71,2,21,<bidder.IntegralGreedyBidder object at 0x0000028086CB7F98>,5,True,22,2.6657281104725987,3.0,3.0,1,0.75,7.0,0.0,0.0,0,0.0,0.0,0.0,0.0,0.0,8.0,7.0,4.288602473877114,sim_input.json
71,2,21,<bidder.IntegralGreedyBidder object at 0x0000028086CB7F98>,5,True,23,1.2343816531685219,3.0,3.0,1,1,7.0,1.0,1.0,1,0.9285714285714286,1.0,0.9285714285714286,0.9285714285714286,1.1462115350850561,8.0,7.0,4.288602473877114,sim_input.json
71,2,21,<bidder.IntegralGreedyBidder object at 0x0000028086CB7F98>,5,True,24,6.056920904781192,4.0,4.0,0.75,0.6,7.0,0.0,0.0,0,0.0,0.0,0.0,0.0,0.0,8.0,7.0,4.288602473877114,sim_input.json
71,2,21,<bidder.IntegralGreedyBidder object at 0x0000028086CB7F98>,5,True,25,4.23162355749542,1.0,2.0,1,1,7.0,0.0,0.0,0,0.0,0.0,0.0,0.0,0.0,8.0,7.0,4.288602473877114,sim_input.json
71,2,21,<bidder.IntegralGreedyBidder object at 0x0000028086CB7F98>,5,True,26,7.704322774936507,1.0,1.0,1,1,7.0,0.0,0.0,0,0.0,0.0,0.0,0.0,0.0,8.0,7.0,4.288602473877114,sim_input.json
71,2,21,<bidder.IntegralGreedyBidder object at 0x0000028086CB7F98>,5,True,27,4.558038599782803,0.0,0.0,1,1,7.0,0.0,0.0,0,0.0,0.0,0.0,0.0,0.0,8.0,7.0,4.288602473877114,sim_input.json
71,2,21,<bidder.IntegralGreedyBidder object at 0x0000028086CB7F98>,5,True,28,6.624495129645584,3.0,4.0,0.75,0.75,7.0,0.0,0.0,0,0.0,0.0,0.0,0.0,0.0,8.0,7.0,4.288602473877114,sim_input.json
71,2,21,<bidder.IntegralGreedyBidder object at 0x0000028086CB7F98>,5,True,29,6.5511877649353725,2.0,3.0,1,1,7.0,0.0,0.0,0,0.0,0.0,0.0,0.0,0.0,8.0,7.0,4.288602473877114,sim_input.json
71,2,21,<bidder.IntegralGreedyBidder object at 0x0000028086CB7F98>,5,True,30,7.611193520577263,4.0,4.0,0.75,0.6,7.0,0.0,0.0,0,0.0,0.0,0.0,0.0,0.0,8.0,7.0,4.288602473877114,sim_input.json
71,2,21,<bidder.IntegralGreedyBidder object at 0x0000028086CB7F98>,5,True,31,4.940633546559601,3.0,4.0,0.75,0.75,7.0,0.0,0.0,0,0.0,0.0,0.0,0.0,0.0,8.0,7.0,4.288602473877114,sim_input.json
71,2,21,<bidder.IntegralGreedyBidder object at 0x0000028086CB7F98>,5,True,32,0.0,4.0,4.0,0.75,0.6,7.0,0.0,0.0,0,0.0,0.0,0.0,0.0,0.0,8.0,7.0,4.288602473877114,sim_input.json
71,2,21,<bidder.IntegralGreedyBidder object at 0x0000028086CB7F98>,5,True,33,6.925830241512566,2.0,2.0,1,1,7.0,0.0,0.0,0,0.0,0.0,0.0,0.0,0.0,8.0,7.0,4.288602473877114,sim_input.json
71,2,21,<bidder.IntegralGreedyBidder object at 0x0000028086CB7F98>,5,True,34,6.192919181568804,4.0,4.0,0.75,0.6,7.0,0.0,0.0,0,0.0,0.0,0.0,0.0,0.0,8.0,7.0,4.288602473877114,sim_input.json
71,2,21,<bidder.IntegralGreedyBidder object at 0x0000028086CB7F98>,5,True,35,0.9479686284402136,4.0,4.0,0.75,0.75,7.0,1.0,1.0,1,0.6964285714285714,0.75,0.6964285714285714,0.6964285714285714,0.6601924376637202,8.0,7.0,4.288602473877114,sim_input.json
71,2,21,<bidder.IntegralGreedyBidder object at 0x0000028086CB7F98>,5,True,36,0.0,3.0,3.0,1,0.75,7.0,0.0,0.0,0,0.0,0.0,0.0,0.0,0.0,8.0,7.0,4.288602473877114,sim_input.json
71,2,21,<bidder.IntegralGreedyBidder object at 0x0000028086CB7F98>,5,True,37,1.2965787514346152,6.0,6.0,0.5,0.42857142857142855,7.0,0.0,0.0,0,0.0,0.0,0.0,0.0,0.0,8.0,7.0,4.288602473877114,sim_input.json
71,2,21,<bidder.IntegralGreedyBidder object at 0x0000028086CB7F98>,5,True,38,1.2377809485890203,3.0,3.0,1,0.75,7.0,0.0,0.0,0,0.0,0.0,0.0,0.0,0.0,8.0,7.0,4.288602473877114,sim_input.json
71,2,21,<bidder.IntegralGreedyBidder object at 0x0000028086CB7F98>,5,True,39,5.447805302063117,3.0,3.0,1,0.75,7.0,0.0,0.0,0,0.0,0.0,0.0,0.0,0.0,8.0,7.0,4.288602473877114,sim_input.json
71,2,21,<bidder.IntegralGreedyBidder object at 0x0000028086CB7F98>,5,True,40,4.177076574576072,4.0,4.0,0.75,0.6,7.0,0.0,0.0,0,0.0,0.0,0.0,0.0,0.0,8.0,7.0,4.288602473877114,sim_input.json
71,2,21,<bidder.IntegralGreedyBidder object at 0x0000028086CB7F98>,5,True,41,6.086880876704409,1.0,1.0,1,1,7.0,0.0,0.0,0,0.0,0.0,0.0,0.0,0.0,8.0,7.0,4.288602473877114,sim_input.json
71,2,21,<bidder.IntegralGreedyBidder object at 0x0000028086CB7F98>,5,True,42,6.25982647541084,3.0,4.0,0.75,0.75,7.0,0.0,0.0,0,0.0,0.0,0.0,0.0,0.0,8.0,7.0,4.288602473877114,sim_input.json
71,2,21,<bidder.IntegralGreedyBidder object at 0x0000028086CB7F98>,5,True,43,1.167751993141401,4.0,4.0,0.75,0.6,7.0,0.0,0.0,0,0.0,0.0,0.0,0.0,0.0,8.0,7.0,4.288602473877114,sim_input.json
71,2,21,<bidder.IntegralGreedyBidder object at 0x0000028086CB7F98>,5,True,44,5.730378985511484,3.0,3.0,1,0.75,7.0,0.0,0.0,0,0.0,0.0,0.0,0.0,0.0,8.0,7.0,4.288602473877114,sim_input.json
71,2,21,<bidder.IntegralGreedyBidder object at 0x0000028086CB7F98>,5,True,45,2.970178880467194,1.0,1.0,1,1,7.0,0.0,0.0,0,0.0,0.0,0.0,0.0,0.0,8.0,7.0,4.288602473877114,sim_input.json
71,2,21,<bidder.IntegralGreedyBidder object at 0x0000028086CB7F98>,5,True,46,2.1984338555024934,0.0,0.0,1,1,7.0,0.0,0.0,0,0.0,0.0,0.0,0.0,0.0,8.0,7.0,4.288602473877114,sim_input.json
71,2,21,<bidder.IntegralGreedyBidder object at 0x0000028086CB7F98>,5,True,47,7.945572442533103,4.0,4.0,0.75,0.6,7.0,0.0,0.0,0,0.0,0.0,0.0,0.0,0.0,8.0,7.0,4.288602473877114,sim_input.json
71,2,21,<bidder.IntegralGreedyBidder object at 0x0000028086CB7F98>,5,True,48,6.818390049275289,2.0,2.0,1,1,7.0,0.0,0.0,0,0.0,0.0,0.0,0.0,0.0,8.0,7.0,4.288602473877114,sim_input.json
71,2,21,<bidder.IntegralGreedyBidder object at 0x0000028086CB7F98>,5,True,49,7.318023358651466,3.0,3.0,1,0.75,7.0,0.0,0.0,0,0.0,0.0,0.0,0.0,0.0,8.0,7.0,4.288602473877114,sim_input.json
71,2,21,<bidder.IntegralGreedyBidder object at 0x0000028086CB7F98>,5,True,50,1.240217730109169,0.0,1.0,1,1,7.0,0.0,1.0,1,0.9285714285714286,1.0,0.9285714285714286,0.9285714285714286,1.1516307493870857,8.0,7.0,4.288602473877114,sim_input.json
71,2,21,<bidder.IntegralGreedyBidder object at 0x0000028086CB7F98>,5,True,51,7.24243328727687,4.0,4.0,0.75,0.6,7.0,0.0,0.0,0,0.0,0.0,0.0,0.0,0.0,8.0,7.0,4.288602473877114,sim_input.json
71,2,22,<bidder.UniformBidder object at 0x0000028086CB7D68>,5,True,0,4.758219846509966,6.0,6.0,0.5,0.42857142857142855,4.75,0.0,0.0,0,0.002049180327868845,0.0,0.0,0.002049180327868845,0.009750450505143338,5.0,4.75,9.56890648626449,sim_input.json
71,2,22,<bidder.UniformBidder object at 0x0000028086CB7D68>,5,True,1,4.542294819389234,1.0,1.0,1,1,4.75,0.0,0.0,0,0.1206896551724138,0.0,0.0,0.1206896551724138,0.5482079954435283,5.0,4.75,9.56890648626449,sim_input.json
71,2,22,<bidder.UniformBidder object at 0x0000028086CB7D68>,5,True,2,4.7854435349846876,4.0,4.0,0.75,0.6,4.75,0.0,0.0,0,0.004667577413479062,0.0,0.0,0.004667577413479062,0.022336428157373925,5.0,4.75,9.56890648626449,sim_input.json
71,2,22,<bidder.UniformBidder object at 0x0000028086CB7D68>,5,True,3,3.299576955832204,3.0,3.0,1,0.75,4.75,0.0,0.0,0,0.0,0.0,0.0,0.0,0.0,5.0,4.75,9.56890648626449,sim_input.json
71,2,22,<bidder.UniformBidder object at 0x0000028086CB7D68>,5,True,4,0.948914506526623,5.0,5.0,0.6,0.5,4.75,0.0,0.0,0,0.0,0.0,0.0,0.0,0.0,5.0,4.75,9.56890648626449,sim_input.json
71,2,22,<bidder.UniformBidder object at 0x0000028086CB7D68>,5,True,5,0.5983306553972498,3.0,3.0,1,1,4.75,1.0,1.0,1,1.0,1.0,1.0,1.0,0.5983306553972498,5.0,4.75,9.56890648626449,sim_input.json
71,2,22,<bidder.UniformBidder object at 0x0000028086CB7D68>,5,True,6,4.821604461707216,0.0,1.0,1,1,4.75,0.0,0.0,0,0.11687917425622345,0.0,0.0,0.11687917425622345,0.5635451480744622,5.0,4.75,9.56890648626449,sim_input.json
71,2,22,<bidder.UniformBidder object at 0x0000028086CB7D68>,5,True,7,4.019130561798734,3.0,3.0,1,0.75,4.75,0.0,0.0,0,0.0,0.0,0.0,0.0,0.0,5.0,4.75,9.56890648626449,sim_input.json
71,2,22,<bidder.UniformBidder object at 0x0000028086CB7D68>,5,True,8,7.727427443298637,2.0,2.0,1,1,4.75,0.0,0.0,0,0.05737704918032787,0.0,0.0,0.05737704918032787,0.44337698445156115,5.0,4.75,9.56890648626449,sim_input.json
71,2,22,<bidder.UniformBidder object at 0x0000028086CB7D68>,5,True,9,1.1968195888226,4.0,4.0,0.75,0.6,4.75,0.0,0.0,0,0.0030737704918032934,0.0,0.0,0.0030737704918032934,0.0036787487361350586,5.0,4.75,9.56890648626449,sim_input.json
71,2,22,<bidder.UniformBidder object at 0x0000028086CB7D68>,5,True,10,1.8281230376423934,2.0,3.0,1,1,4.75,0.0,0.0,0,0.00409836065573769,0.0,0.0,0.00409836065573769,0.007492307531321258,5.0,4.75,9.56890648626449,sim_input.json
71,2,22,<bidder.UniformBidder object at 0x0000028086CB7D68>,5,True,11,2.5886274063563093,2.0,2.0,1,1,4.75,0.0,0.0,0,0.06147540983606557,0.0,0.0,0.06147540983606557,0.15913693071862556,5.0,4.75,9.56890648626449,sim_input.json
71,2,22,<bidder.UniformBidder object at 0x0000028086CB7D68>,5,True,12,5.24058988372829,3.0,3.0,1,0.75,4.75,0.0,0.0,0,0.00409836065573769,0.0,0.0,0.00409836065573769,0.02147782739232898,5.0,4.75,9.56890648626449,sim_input.json
71,2,22,<bidder.UniformBidder object at 0x0000028086CB7D68>,5,True,13,1.5719488850507684,6.0,6.0,0.5,0.42857142857142855,4.75,0.0,0.0,0,0.0021250758955677082,0.0,0.0,0.0021250758955677082,0.003340510684685922,5.0,4.75,9.56890648626449,sim_input.json
71,2,22,<bidder.UniformBidder object at 0x0000028086CB7D68>,5,True,14,3.4324794683531943,3.0,3.0,1,0.75,4.75,0.0,0.0,0,0.0021250758955677082,0.0,0.0,0.0021250758955677082,0.007294279380228435,5.0,4.75,9.56890648626449,sim_input.json
71,2,22,<bidder.UniformBidder object at 0x0000028086CB7D68>,5,True,15,4.203446822009967,3.0,3.0,1,0.75,4.75,0.0,0.0,0,0.00409836065573769,0.0,0.0,0.00409836065573769,0.01722724107381128,5.0,4.75,9.56890648626449,sim_input.json
71,2,22,<bidder.UniformBidder object at 0x0000028086CB7D68>,5,True,16,0.09100889898220343,3.0,3.0,1,1,4.75,1.0,1.0,1,1.0,1.0,1.0,1.0,0.09100889898220343,5.0,4.75,9.56890648626449,sim_input.json
71,2,22,<bidder.UniformBidder object at 0x0000028086CB7D68>,5,True,17,5.590154149957437,4.0,4.0,0.75,0.6,4.75,0.0,0.0,0,0.010713051943973364,0.0,0.0,0.010713051943973364,0.05988761178331229,5.0,4.75,9.56890648626449,sim_input.json
71,2,22,<bidder.UniformBidder object at 0x0000028086CB7D68>,5,True,18,6.914762830430781,6.0,6.0,0.5,0.42857142857142855,4.75,0.0,0.0,0,0.007066139061616731,0.0,0.0,0.007066139061616731,0.0488606757379224,5.0,4.75,9.56890648626449,sim_input.json
71,2,22,<bidder.UniformBidder object at 0x0000028086CB7D68>,5,True,19,3.604507798563038,2.0,2.0,1,1,4.75,0.0,0.0,0,0.05737704918032787,0.0,0.0,0.05737704918032787,0.20681602122902676,5.0,4.75,9.56890648626449,sim_input.json
71,2,22,<bidder.UniformBidder object at 0x0000028086CB7D68>,5,True,20,1.9396787089929086,1.0,1.0,1,1,4.75,0.0,0.0,0,0.11475409836065574,0.0,0.0,0.11475409836065574,0.22258608135984198,5.0,4.75,9.56890648626449,sim_input.json
71,2,22,<bidder.UniformBidder object at 0x0000028086CB7D68>,5,True,21,2.5617835007040832,1.0,1.0,1,1,4.75,0.0,0.0,0,0.11475409836065574,0.0,0.0,0.11475409836065574,0.29397515581850137,5.0,4.75,9.56890648626449,sim_input.json
71,2,22,<bidder.UniformBidder object at 0x0000028086CB7D68>,5,True,22,4.4288676676404,3.0,3.0,1,0.75,4.75,0.0,0.0,0,0.010033917467495771,0.0,0.0,0.010033917467495771,0.04443889265156427,5.0,4.75,9.56890648626449,sim_input.json
71,2,22,<bidder.UniformBidder object at 0x0000028086CB7D68>,5,True,23,7.126968660833667,3.0,3.0,1,0.75,4.75,0.0,0.0,0,0.00409836065573769,0.0,0.0,0.00409836065573769,0.029208887954236235,5.0,4.75,9.56890648626449,sim_input.json
71,2,22,<bidder.UniformBidder object at 0x0000028086CB7D68>,5,True,24,4.51223084853991,4.0,4.0,0.75,0.6,4.75,0.0,0.0,0,0.0015938069216757686,0.0,0.0,0.0015938069216757686,0.007191624758601836,5.0,4.75,9.56890648626449,sim_input.json
71,2,22,<bidder.UniformBidder object at 0x0000028086CB7D68>,5,True,25,5.255891738743326,1.0,2.0,1,1,4.75,0.0,0.0,0,0.05950212507589558,0.0,0.0,0.05950212507589558,0.3127367276240717,5.0,4.75,9.56890648626449,sim_input.json
71,2,22,<bidder.UniformBidder object at 0x0000028086CB7D68>,5,True,26,3.865678114546947,1.0,1.0,1,1,4.75,0.0,0.0,0,0.11475409836065574,0.0,0.0,0.11475409836065574,0.44360240658735456,5.0,4.75,9.56890648626449,sim_input.json
71,2,22,<bidder.UniformBidder object at 0x0000028086CB7D68>,5,True,27,6.950554886136633,0.0,0.0,1,1,4.75,0.0,0.0,0,0.1721311475409836,0.0,0.0,0.1721311475409836,1.1964069885972892,5.0,4.75,9.56890648626449,sim_input.json
71,2,22,<bidder.UniformBidder object at 0x0000028086CB7D68>,5,True,28,7.422052891841081,3.0,4.0,0.75,0.75,4.75,0.0,0.0,0,0.004667577413479062,0.0,0.0,0.004667577413479062,0.034643006439604385,5.0,4.75,9.56890648626449,sim_input.json
71,2,22,<bidder.UniformBidder object at 0x0000028086CB7D68>,5,True,29,6.16948978846499,2.0,3.0,1,1,4.75,0.0,0.0,0,0.0021250758955677082,0.0,0.0,0.0021250758955677082,0.013110634037418068,5.0,4.75,9.56890648626449,sim_input.json
71,2,22,<bidder.UniformBidder object at 0x0000028086CB7D68>,5,True,30,7.324371102144226,4.0,4.0,0.75,0.6,4.75,0.0,0.0,0,0.0015938069216757686,0.0,0.0,0.0015938069216757686,0.011673633359519445,5.0,4.75,9.56890648626449,sim_input.json
71,2,22,<bidder.UniformBidder object at 0x0000028086CB7D68>,5,True,31,2.751251735016547,3.0,4.0,0.75,0.75,4.75,0.0,0.0,0,0.0,0.0,0.0,0.0,0.0,5.0,4.75,9.56890648626449,sim_input.json
71,2,22,<bidder.UniformBidder object at 0x0000028086CB7D68>,5,True,32,0.6047783068661026,4.0,4.0,0.75,0.75,4.75,1.0,1.0,1,0.7531876138433515,0.75,0.75,0.7531876138433515,0.455511529852702,5.0,4.75,9.56890648626449,sim_input.json
71,2,22,<bidder.UniformBidder object at 0x0000028086CB7D68>,5,True,33,1.8330719025542463,2.0,2.0,1,1,4.75,0.0,0.0,0,0.05737704918032787,0.0,0.0,0.05737704918032787,0.10517625670393217,5.0,4.75,9.56890648626449,sim_input.json
71,2,22,<bidder.UniformBidder object at 0x0000028086CB7D68>,5,True,34,1.4397275738106239,4.0,4.0,0.75,0.6,4.75,0.0,0.0,0,0.0,0.0,0.0,0.0,0.0,5.0,4.75,9.56890648626449,sim_input.json
71,2,22,<bidder.UniformBidder object at 0x0000028086CB7D68>,5,True,35,2.1853301852114932,4.0,4.0,0.75,0.6,4.75,0.0,0.0,0,0.004667577413479062,0.0,0.0,0.004667577413479062,0.01020019781348718,5.0,4.75,9.56890648626449,sim_input.json
71,2,22,<bidder.UniformBidder object at 0x0000028086CB7D68>,5,True,36,6.015341987774654,3.0,3.0,1,0.75,4.75,0.0,0.0,0,0.0063752276867031,0.0,0.0,0.0063752276867031,0.038349174785448636,5.0,4.75,9.56890648626449,sim_input.json
71,2,22,<bidder.UniformBidder object at 0x0000028086CB7D68>,5,True,37,5.887578902032378,6.0,6.0,0.5,0.42857142857142855,4.75,0.0,0.0,0,0.004030316353662894,0.0,0.0,0.004030316353662894,0.023728805532341718,5.0,4.75,9.56890648626449,sim_input.json
71,2,22,<bidder.UniformBidder object at 0x0000028086CB7D68>,5,True,38,3.3736824078749237,3.0,3.0,1,0.75,4.75,0.0,0.0,0,0.0021250758955677082,0.0,0.0,0.0021250758955677082,0.007169331164275826,5.0,4.75,9.56890648626449,sim_input.json
71,2,22,<bidder.UniformBidder object at 0x0000028086CB7D68>,5,True,39,0.5941790358582417,3.0,3.0,1,1,4.75,1.0,1.0,1,1.0,1.0,1.0,1.0,0.5941790358582417,5.0,4.75,9.56890648626449,sim_input.json
71,2,22,<bidder.UniformBidder object at 0x0000028086CB7D68>,5,True,40,6.8364909549281325,4.0,4.0,0.75,0.6,4.75,0.0,0.0,0,0.00626138433515483,0.0,0.0,0.00626138433515483,0.04280589737261469,5.0,4.75,9.56890648626449,sim_input.json
71,2,22,<bidder.UniformBidder object at 0x0000028086CB7D68>,5,True,41,5.751229453904242,1.0,1.0,1,1,4.75,0.0,0.0,0,0.11475409836065574,0.0,0.0,0.11475409836065574,0.6599771504480277,5.0,4.75,9.56890648626449,sim_input.json
71,2,22,<bidder.UniformBidder object at 0x0000028086CB7D68>,5,True,42,1.4709296692282592,3.0,4.0,0.75,0.75,4.75,0.0,0.0,0,0.004451667608818535,0.0,0.0,0.004451667608818535,0.0065480899633536035,5.0,4.75,9.56890648626449,sim_input.json
71,2,22,<bidder.UniformBidder object at 0x0000028086CB7D68>,5,True,43,3.9203149057738695,4.0,4.0,0.75,0.6,4.75,0.0,0.0,0,0.0,0.0,0.0,0.0,0.0,5.0,4.75,9.56890648626449,sim_input.json
71,2,22,<bidder.UniformBidder object at 0x0000028086CB7D68>,5,True,44,4.221720002811179,3.0,3.0,1,0.75,4.75,0.0,0.0,0,0.008060632707325764,0.0,0.0,0.008060632707325764,0.03402973433583121,5.0,4.75,9.56890648626449,sim_input.json
71,2,22,<bidder.UniformBidder object at 0x0000028086CB7D68>,5,True,45,0.1616093155568934,1.0,1.0,1,1,4.75,1.0,1.0,1,1.0,1.0,1.0,1.0,0.1616093155568934,5.0,4.75,9.56890648626449,sim_input.json
71,2,22,<bidder.UniformBidder object at 0x0000028086CB7D68>,5,True,46,5.554517068127428,0.0,0.0,1,1,4.75,0.0,0.0,0,0.1721311475409836,0.0,0.0,0.1721311475409836,0.956105396972754,5.0,4.75,9.56890648626449,sim_input.json
71,2,22,<bidder.UniformBidder object at 0x0000028086CB7D68>,5,True,47,6.228191849929317,4.0,4.0,0.75,0.6,4.75,0.0,0.0,0,0.003187613843351537,0.0,0.0,0.003187613843351537,0.01985307055988391,5.0,4.75,9.56890648626449,sim_input.json
71,2,22,<bidder.UniformBidder object at 0x0000028086CB7D68>,5,True,48,5.243502108030342,2.0,2.0,1,1,4.75,0.0,0.0,0,0.05737704918032787,0.0,0.0,0.05737704918032787,0.30085667832960983,5.0,4.75,9.56890648626449,sim_input.json
71,2,22,<bidder.UniformBidder object at 0x0000028086CB7D68>,5,True,49,4.217233065783269,3.0,3.0,1,0.75,4.75,0.0,0.0,0,0.005935556811758055,0.0,0.0,0.005935556811758055,0.025031626450381185,5.0,4.75,9.56890648626449,sim_input.json
71,2,22,<bidder.UniformBidder object at 0x0000028086CB7D68>,5,True,50,5.676662703096388,0.0,1.0,1,1,4.75,0.0,0.0,0,0.11885245901639344,0.0,0.0,0.11885245901639344,0.6746853212696526,5.0,4.75,9.56890648626449,sim_input.json
71,2,22,<bidder.UniformBidder object at 0x0000028086CB7D68>,5,True,51,7.131511518345322,4.0,4.0,0.75,0.6,4.75,0.0,0.0,0,0.004451667608818535,0.0,0.0,0.004451667608818535,0.031747118828134156,5.0,4.75,9.56890648626449,sim_input.json
71,2,23,<bidder.IntegralGreedyBidder object at 0x0000028086CB7F60>,5,True,0,3.326465915416624,6.0,6.0,0.5,0.42857142857142855,5.6,0.0,0.0,0,0.00134660421545667,0.0,0.0,0.00134660421545667,0.004479433024272957,6.0,5.35,7.156525416453444,sim_input.json
71,2,23,<bidder.IntegralGreedyBidder object at 0x0000028086CB7F60>,5,True,1,6.383578840874052,1.0,1.0,1,1,5.6,0.0,0.0,0,0.07931034482758623,0.0,0.0,0.07931034482758623,0.5062838391038043,6.0,5.35,7.156525416453444,sim_input.json
71,2,23,<bidder.IntegralGreedyBidder object at 0x0000028086CB7F60>,5,True,2,5.777733865376913,4.0,4.0,0.75,0.6,5.6,0.0,0.0,0,0.0030672651574290984,0.0,0.0,0.0030672651574290984,0.01772184177416875,6.0,5.35,7.156525416453444,sim_input.json
71,2,23,<bidder.IntegralGreedyBidder object at 0x0000028086CB7F60>,5,True,3,0.32183510594691145,3.0,3.0,1,1,5.6,1.0,1.0,1,1.0,1.0,1.0,1.0,0.32183510594691145,6.0,5.35,7.156525416453444,sim_input.json
71,2,23,<bidder.IntegralGreedyBidder object at 0x0000028086CB7F60>,5,True,4,0.11203044487435265,5.0,5.0,0.6,0.6,5.6,1.0,1.0,1,0.6,0.6,0.6,0.6,0.0672182669246116,6.0,5.35,7.156525416453444,sim_input.json
71,2,23,<bidder.IntegralGreedyBidder object at 0x0000028086CB7F60>,5,True,5,6.238051875517214,3.0,3.0,1,0.75,5.6,0.0,0.0,0,0.00269320843091334,0.0,0.0,0.00269320843091334,0.016800373903617733,6.0,5.35,7.156525416453444,sim_input.json
71,2,23,<bidder.IntegralGreedyBidder object at 0x0000028086CB7F60>,5,True,6,1.0902216900730695,0.0,1.0,1,1,5.6,0.0,0.0,0,0.07680631451123257,0.0,0.0,0.07680631451123257,0.0837359100147197,6.0,5.35,7.156525416453444,sim_input.json
71,2,23,<bidder.IntegralGreedyBidder object at 0x0000028086CB7F60>,5,True,7,5.934011249329166,3.0,3.0,1,0.75,5.6,0.0,0.0,0,0.0,0.0,0.0,0.0,0.0,6.0,5.35,7.156525416453444,sim_input.json
71,2,23,<bidder.IntegralGreedyBidder object at 0x0000028086CB7F60>,5,True,8,1.6946956602228478,2.0,2.0,1,1,5.6,0.0,0.0,0,0.037704918032786895,0.0,0.0,0.037704918032786895,0.06389836095922215,6.0,5.35,7.156525416453444,sim_input.json
71,2,23,<bidder.IntegralGreedyBidder object at 0x0000028086CB7F60>,5,True,9,0.0,4.0,4.0,0.75,0.6,5.6,0.0,0.0,0,0.0,0.0,0.0,0.0,0.0,6.0,5.35,7.156525416453444,sim_input.json
71,2,23,<bidder.IntegralGreedyBidder object at 0x0000028086CB7F60>,5,True,10,0.7620691102456787,2.0,3.0,1,1,5.6,1.0,1.0,1,1.0,1.0,1.0,1.0,0.7620691102456787,6.0,5.35,7.156525416453444,sim_input.json
71,2,23,<bidder.IntegralGreedyBidder object at 0x0000028086CB7F60>,5,True,11,2.281956461693687,2.0,2.0,1,1,5.6,0.0,0.0,0,0.040398126463700244,0.0,0.0,0.040398126463700244,0.0921867657241595,6.0,5.35,7.156525416453444,sim_input.json
71,2,23,<bidder.IntegralGreedyBidder object at 0x0000028086CB7F60>,5,True,12,5.242870705752605,3.0,3.0,1,0.75,5.6,0.0,0.0,0,0.00269320843091334,0.0,0.0,0.00269320843091334,0.014120143586921489,6.0,5.35,7.156525416453444,sim_input.json
71,2,23,<bidder.IntegralGreedyBidder object at 0x0000028086CB7F60>,5,True,13,6.625174290067435,6.0,6.0,0.5,0.42857142857142855,5.6,0.0,0.0,0,0.00139647844565878,0.0,0.0,0.00139647844565878,0.009251913094811885,6.0,5.35,7.156525416453444,sim_input.json
71,2,23,<bidder.IntegralGreedyBidder object at 0x0000028086CB7F60>,5,True,14,4.875787558883553,3.0,3.0,1,0.75,5.6,0.0,0.0,0,0.00139647844565878,0.0,0.0,0.00139647844565878,0.0068089322315921215,6.0,5.35,7.156525416453444,sim_input.json
71,2,23,<bidder.IntegralGreedyBidder object at 0x0000028086CB7F60>,5,True,15,4.917015568045109,3.0,3.0,1,0.75,5.6,0.0,0.0,0,0.00269320843091334,0.0,0.0,0.00269320843091334,0.013242547782791233,6.0,5.35,7.156525416453444,sim_input.json
71,2,23,<bidder.IntegralGreedyBidder object at 0x0000028086CB7F60>,5,True,16,0.6065467268383707,3.0,3.0,1,1,5.6,1.0,1.0,1,1.0,1.0,1.0,1.0,0.6065467268383707,6.0,5.35,7.156525416453444,sim_input.json
71,2,23,<bidder.IntegralGreedyBidder object at 0x0000028086CB7F60>,5,True,17,6.813525512416465,4.0,4.0,0.75,0.6,5.6,0.0,0.0,0,0.007040005563182498,0.0,0.0,0.007040005563182498,0.047967257512297794,6.0,5.35,7.156525416453444,sim_input.json
71,2,23,<bidder.IntegralGreedyBidder object at 0x0000028086CB7F60>,5,True,18,4.661934232177896,6.0,6.0,0.5,0.42857142857142855,5.6,0.0,0.0,0,0.004643462811919567,0.0,0.0,0.004643462811919567,0.02164751823873286,6.0,5.35,7.156525416453444,sim_input.json
71,2,23,<bidder.IntegralGreedyBidder object at 0x0000028086CB7F60>,5,True,19,4.110757354047453,2.0,2.0,1,1,5.6,0.0,0.0,0,0.037704918032786895,0.0,0.0,0.037704918032786895,0.15499576908703516,6.0,5.35,7.156525416453444,sim_input.json
71,2,23,<bidder.IntegralGreedyBidder object at 0x0000028086CB7F60>,5,True,20,5.947635063017609,1.0,1.0,1,1,5.6,0.0,0.0,0,0.07540983606557379,0.0,0.0,0.07540983606557379,0.44851018508001655,6.0,5.35,7.156525416453444,sim_input.json
71,2,23,<bidder.IntegralGreedyBidder object at 0x0000028086CB7F60>,5,True,21,4.079372470354275,1.0,1.0,1,1,5.6,0.0,0.0,0,0.07540983606557379,0.0,0.0,0.07540983606557379,0.30762480923983065,6.0,5.35,7.156525416453444,sim_input.json
71,2,23,<bidder.IntegralGreedyBidder object at 0x0000028086CB7F60>,5,True,22,4.701169443442113,3.0,3.0,1,0.75,5.6,0.0,0.0,0,0.006593717192925794,0.0,0.0,0.006593717192925794,0.03099818178608165,6.0,5.35,7.156525416453444,sim_input.json
71,2,23,<bidder.IntegralGreedyBidder object at 0x0000028086CB7F60>,5,True,23,2.13162806912714,3.0,3.0,1,0.75,5.6,0.0,0.0,0,0.00269320843091334,0.0,0.0,0.00269320843091334,0.005740918687344738,6.0,5.35,7.156525416453444,sim_input.json
71,2,23,<bidder.IntegralGreedyBidder object at 0x0000028086CB7F60>,5,True,24,0.0,4.0,4.0,0.75,0.6,5.6,0.0,0.0,0,0.0,0.0,0.0,0.0,0.0,6.0,5.35,7.156525416453444,sim_input.json
71,2,23,<bidder.IntegralGreedyBidder object at 0x0000028086CB7F60>,5,True,25,6.449650627635239,1.0,2.0,1,1,5.6,0.0,0.0,0,0.039101396478445676,0.0,0.0,0.039101396478445676,0.2521903463386215,6.0,5.35,7.156525416453444,sim_input.json
71,2,23,<bidder.IntegralGreedyBidder object at 0x0000028086CB7F60>,5,True,26,5.400874198091677,1.0,1.0,1,1,5.6,0.0,0.0,0,0.07540983606557379,0.0,0.0,0.07540983606557379,0.4072790378888807,6.0,5.35,7.156525416453444,sim_input.json
71,2,23,<bidder.IntegralGreedyBidder object at 0x0000028086CB7F60>,5,True,27,3.9530215047622277,0.0,0.0,1,1,5.6,0.0,0.0,0,0.11311475409836069,0.0,0.0,0.11311475409836069,0.4471450554567111,6.0,5.35,7.156525416453444,sim_input.json
71,2,23,<bidder.IntegralGreedyBidder object at 0x0000028086CB7F60>,5,True,28,6.507904544732049,3.0,4.0,0.75,0.75,5.6,0.0,0.0,0,0.0030672651574290984,0.0,0.0,0.0030672651574290984,0.019961468857931094,6.0,5.35,7.156525416453444,sim_input.json
71,2,23,<bidder.IntegralGreedyBidder object at 0x0000028086CB7F60>,5,True,29,6.017568576333193,2.0,3.0,1,1,5.6,0.0,0.0,0,0.00139647844565878,0.0,0.0,0.00139647844565878,0.008403404812122896,6.0,5.35,7.156525416453444,sim_input.json
71,2,23,<bidder.IntegralGreedyBidder object at 0x0000028086CB7F60>,5,True,30,6.32680989330274,4.0,4.0,0.75,0.6,5.6,0.0,0.0,0,0.0010473588342440768,0.0,0.0,0.0010473588342440768,0.00662644023433345,6.0,5.35,7.156525416453444,sim_input.json
71,2,23,<bidder.IntegralGreedyBidder object at 0x0000028086CB7F60>,5,True,31,1.0752070064975978,3.0,4.0,0.75,0.75,5.6,0.0,0.0,0,0.0,0.0,0.0,0.0,0.0,6.0,5.35,7.156525416453444,sim_input.json
71,2,23,<bidder.IntegralGreedyBidder object at 0x0000028086CB7F60>,5,True,32,0.7045890662403079,4.0,4.0,0.75,0.6,5.6,0.0,0.0,0,0.0020947176684881536,0.0,0.0,0.0020947176684881536,0.001475915166077143,6.0,5.35,7.156525416453444,sim_input.json
71,2,23,<bidder.IntegralGreedyBidder object at 0x0000028086CB7F60>,5,True,33,4.760760508343476,2.0,2.0,1,1,5.6,0.0,0.0,0,0.037704918032786895,0.0,0.0,0.037704918032786895,0.17950408474081964,6.0,5.35,7.156525416453444,sim_input.json
71,2,23,<bidder.IntegralGreedyBidder object at 0x0000028086CB7F60>,5,True,34,1.8991742488318497,4.0,4.0,0.75,0.6,5.6,0.0,0.0,0,0.0,0.0,0.0,0.0,0.0,6.0,5.35,7.156525416453444,sim_input.json
71,2,23,<bidder.IntegralGreedyBidder object at 0x0000028086CB7F60>,5,True,35,7.25928040889195,4.0,4.0,0.75,0.6,5.6,0.0,0.0,0,0.0030672651574290984,0.0,0.0,0.0030672651574290984,0.02226613786620194,6.0,5.35,7.156525416453444,sim_input.json
71,2,23,<bidder.IntegralGreedyBidder object at 0x0000028086CB7F60>,5,True,36,7.613865651716596,3.0,3.0,1,0.75,5.6,0.0,0.0,0,0.004189435336976324,0.0,0.0,0.004189435336976324,0.031897797812291774,6.0,5.35,7.156525416453444,sim_input.json
71,2,23,<bidder.IntegralGreedyBidder object at 0x0000028086CB7F60>,5,True,37,4.964431310154906,6.0,6.0,0.5,0.42857142857142855,5.6,0.0,0.0,0,0.002648493603835617,0.0,0.0,0.002648493603835617,0.01314826457162654,6.0,5.35,7.156525416453444,sim_input.json
71,2,23,<bidder.IntegralGreedyBidder object at 0x0000028086CB7F60>,5,True,38,7.1979326238757455,3.0,3.0,1,0.75,5.6,0.0,0.0,0,0.00139647844565878,0.0,0.0,0.00139647844565878,0.010051757762546626,6.0,5.35,7.156525416453444,sim_input.json
71,2,23,<bidder.IntegralGreedyBidder object at 0x0000028086CB7F60>,5,True,39,0.5500444014858574,3.0,3.0,1,1,5.6,1.0,1.0,1,1.0,1.0,1.0,1.0,0.5500444014858574,6.0,5.35,7.156525416453444,sim_input.json
71,2,23,<bidder.IntegralGreedyBidder object at 0x0000028086CB7F60>,5,True,40,6.197291960927986,4.0,4.0,0.75,0.6,5.6,0.0,0.0,0,0.004114623991673175,0.0,0.0,0.004114623991673175,0.02549952618583759,6.0,5.35,7.156525416453444,sim_input.json
71,2,23,<bidder.IntegralGreedyBidder object at 0x0000028086CB7F60>,5,True,41,4.379200942470751,1.0,1.0,1,1,5.6,0.0,0.0,0,0.07540983606557379,0.0,0.0,0.07540983606557379,0.3302348251699256,6.0,5.35,7.156525416453444,sim_input.json
71,2,23,<bidder.IntegralGreedyBidder object at 0x0000028086CB7F60>,5,True,42,0.012712139893595209,3.0,4.0,0.75,1,5.6,1.0,1.0,1,0.7529253815715093,0.75,0.75,0.7529253815715093,0.00957129277997558,6.0,5.35,7.156525416453444,sim_input.json
71,2,23,<bidder.IntegralGreedyBidder object at 0x0000028086CB7F60>,5,True,43,3.41120792447546,4.0,4.0,0.75,0.6,5.6,0.0,0.0,0,0.0,0.0,0.0,0.0,0.0,6.0,5.35,7.156525416453444,sim_input.json
71,2,23,<bidder.IntegralGreedyBidder object at 0x0000028086CB7F60>,5,True,44,7.743568360056109,3.0,3.0,1,0.75,5.6,0.0,0.0,0,0.0052969872076712166,0.0,0.0,0.0052969872076712166,0.041017582544944794,6.0,5.35,7.156525416453444,sim_input.json
71,2,23,<bidder.IntegralGreedyBidder object at 0x0000028086CB7F60>,5,True,45,0.9841760450907646,1.0,1.0,1,1,5.6,0.0,0.0,0,0.07540983606557379,0.0,0.0,0.07540983606557379,0.07421655421995932,6.0,5.35,7.156525416453444,sim_input.json
71,2,23,<bidder.IntegralGreedyBidder object at 0x0000028086CB7F60>,5,True,46,4.770230357836953,0.0,0.0,1,1,5.6,0.0,0.0,0,0.11311475409836069,0.0,0.0,0.11311475409836069,0.539583433919262,6.0,5.35,7.156525416453444,sim_input.json
71,2,23,<bidder.IntegralGreedyBidder object at 0x0000028086CB7F60>,5,True,47,5.047120917808993,4.0,4.0,0.75,0.6,5.6,0.0,0.0,0,0.0020947176684881536,0.0,0.0,0.0020947176684881536,0.010572293361530644,6.0,5.35,7.156525416453444,sim_input.json
71,2,23,<bidder.IntegralGreedyBidder object at 0x0000028086CB7F60>,5,True,48,1.5363609150047288,2.0,2.0,1,1,5.6,0.0,0.0,0,0.037704918032786895,0.0,0.0,0.037704918032786895,0.057928362369030775,6.0,5.35,7.156525416453444,sim_input.json
71,2,23,<bidder.IntegralGreedyBidder object at 0x0000028086CB7F60>,5,True,49,5.0875585100423,3.0,3.0,1,0.75,5.6,0.0,0.0,0,0.0039005087620124367,0.0,0.0,0.0039005087620124367,0.01984406654567093,6.0,5.35,7.156525416453444,sim_input.json
71,2,23,<bidder.IntegralGreedyBidder object at 0x0000028086CB7F60>,5,True,50,6.085866586225041,0.0,1.0,1,1,5.6,0.0,0.0,0,0.07810304449648713,0.0,0.0,0.07810304449648713,0.4753247087836186,6.0,5.35,7.156525416453444,sim_input.json
71,2,23,<bidder.IntegralGreedyBidder object at 0x0000028086CB7F60>,5,True,51,6.513593637920466,4.0,4.0,0.75,0.6,5.6,0.0,0.0,0,0.0029253815715093233,0.0,0.0,0.0029253815715093233,0.019054746792672904,6.0,5.35,7.156525416453444,sim_input.json
71,2,VB,VB,VB,VB,0,1,VB,VB,VB,VB,VB,VB,VB,VB,VB,0.0,0.03571428571428559,0.00854800936768152,0.00854800936768152,VB,VB,3.0290318118328274,sim_input.json
71,2,VB,VB,VB,VB,1,1,VB,VB,VB,VB,VB,VB,VB,VB,VB,2.0,2.103448275862069,0.15517241379310365,0.15517241379310365,VB,VB,3.0290318118328274,sim_input.json
71,2,VB,VB,VB,VB,2,1,VB,VB,VB,VB,VB,VB,VB,VB,VB,0.0,0.0813492063492065,0.0,0.0,VB,VB,3.0290318118328274,sim_input.json
71,2,VB,VB,VB,VB,3,1,VB,VB,VB,VB,VB,VB,VB,VB,VB,0.0,0.0,0.0,0.0,VB,VB,3.0290318118328274,sim_input.json
71,2,VB,VB,VB,VB,4,1,VB,VB,VB,VB,VB,VB,VB,VB,VB,0.0,0.0,0.0,0.0,VB,VB,3.0290318118328274,sim_input.json
71,2,VB,VB,VB,VB,5,1,VB,VB,VB,VB,VB,VB,VB,VB,VB,0.0,0.07142857142857117,0.00679156908665135,0.00679156908665135,VB,VB,3.0290318118328274,sim_input.json
71,2,VB,VB,VB,VB,6,1,VB,VB,VB,VB,VB,VB,VB,VB,VB,2.0,2.037037037037037,0.42744383727990254,0.42744383727990254,VB,VB,3.0290318118328274,sim_input.json
71,2,VB,VB,VB,VB,7,1,VB,VB,VB,VB,VB,VB,VB,VB,VB,0.0,0.0,0.0,0.0,VB,VB,3.0290318118328274,sim_input.json
71,2,VB,VB,VB,VB,8,1,VB,VB,VB,VB,VB,VB,VB,VB,VB,1.0,1.0,0.22131147540983553,0.22131147540983553,VB,VB,3.0290318118328274,sim_input.json
71,2,VB,VB,VB,VB,9,1,VB,VB,VB,VB,VB,VB,VB,VB,VB,0.0,0.053571428571428825,0.01475409836065511,0.01475409836065511,VB,VB,3.0290318118328274,sim_input.json
71,2,VB,VB,VB,VB,10,1,VB,VB,VB,VB,VB,VB,VB,VB,VB,0.0,0.07142857142857117,0.018032786885245677,0.018032786885245677,VB,VB,3.0290318118328274,sim_input.json
71,2,VB,VB,VB,VB,11,1,VB,VB,VB,VB,VB,VB,VB,VB,VB,1.0,1.0714285714285714,0.29156908665105385,0.29156908665105385,VB,VB,3.0290318118328274,sim_input.json
71,2,VB,VB,VB,VB,12,1,VB,VB,VB,VB,VB,VB,VB,VB,VB,0.0,0.07142857142857117,0.012295081967212962,0.012295081967212962,VB,VB,3.0290318118328274,sim_input.json
71,2,VB,VB,VB,VB,13,1,VB,VB,VB,VB,VB,VB,VB,VB,VB,0.0,0.0370370370370372,0.005464480874317168,0.005464480874317168,VB,VB,3.0290318118328274,sim_input.json
71,2,VB,VB,VB,VB,14,1,VB,VB,VB,VB,VB,VB,VB,VB,VB,0.0,0.0370370370370372,0.005464480874317168,0.005464480874317168,VB,VB,3.0290318118328274,sim_input.json
71,2,VB,VB,VB,VB,15,1,VB,VB,VB,VB,VB,VB,VB,VB,VB,0.0,0.07142857142857117,0.01112412177985922,0.01112412177985922,VB,VB,3.0290318118328274,sim_input.json
71,2,VB,VB,VB,VB,16,1,VB,VB,VB,VB,VB,VB,VB,VB,VB,0.0,0.0,0.0,0.0,VB,VB,3.0290318118328274,sim_input.json
71,2,VB,VB,VB,VB,17,1,VB,VB,VB,VB,VB,VB,VB,VB,VB,0.0,0.18671319102353579,0.06366613726704173,0.06366613726704173,VB,VB,3.0290318118328274,sim_input.json
71,2,VB,VB,VB,VB,18,1,VB,VB,VB,VB,VB,VB,VB,VB,VB,0.0,0.12315270935960587,0.02947589437131537,0.02947589437131537,VB,VB,3.0290318118328274,sim_input.json
71,2,VB,VB,VB,VB,19,1,VB,VB,VB,VB,VB,VB,VB,VB,VB,1.0,1.0,0.15573770491803263,0.15573770491803263,VB,VB,3.0290318118328274,sim_input.json
71,2,VB,VB,VB,VB,20,1,VB,VB,VB,VB,VB,VB,VB,VB,VB,2.0,2.0,0.042622950819672045,0.042622950819672045,VB,VB,3.0290318118328274,sim_input.json
71,2,VB,VB,VB,VB,21,1,VB,VB,VB,VB,VB,VB,VB,VB,VB,2.0,2.0,0.4098360655737703,0.4098360655737703,VB,VB,3.0290318118328274,sim_input.json
71,2,VB,VB,VB,VB,22,1,VB,VB,VB,VB,VB,VB,VB,VB,VB,0.0,0.17487684729064057,0.0071670839053536994,0.0071670839053536994,VB,VB,3.0290318118328274,sim_input.json
71,2,VB,VB,VB,VB,23,1,VB,VB,VB,VB,VB,VB,VB,VB,VB,0.0,0.07142857142857117,0.008196721311475752,0.008196721311475752,VB,VB,3.0290318118328274,sim_input.json
71,2,VB,VB,VB,VB,24,1,VB,VB,VB,VB,VB,VB,VB,VB,VB,0.0,0.02777777777777768,0.006511839708561062,0.006511839708561062,VB,VB,3.0290318118328274,sim_input.json
71,2,VB,VB,VB,VB,25,1,VB,VB,VB,VB,VB,VB,VB,VB,VB,1.0,1.0370370370370372,0.02210078931390358,0.02210078931390358,VB,VB,3.0290318118328274,sim_input.json
71,2,VB,VB,VB,VB,26,1,VB,VB,VB,VB,VB,VB,VB,VB,VB,2.0,2.0,0.08196721311475441,0.08196721311475441,VB,VB,3.0290318118328274,sim_input.json
71,2,VB,VB,VB,VB,27,1,VB,VB,VB,VB,VB,VB,VB,VB,VB,3.0,3.0,0.0,0.0,VB,VB,3.0290318118328274,sim_input.json
71,2,VB,VB,VB,VB,28,1,VB,VB,VB,VB,VB,VB,VB,VB,VB,0.0,0.0813492063492065,-4.440892098500626e-16,-4.440892098500626e-16,VB,VB,3.0290318118328274,sim_input.json
71,2,VB,VB,VB,VB,29,1,VB,VB,VB,VB,VB,VB,VB,VB,VB,0.0,0.0370370370370372,0.00273224043715814,0.00273224043715814,VB,VB,3.0290318118328274,sim_input.json
71,2,VB,VB,VB,VB,30,1,VB,VB,VB,VB,VB,VB,VB,VB,VB,0.0,0.02777777777777768,-4.440892098500626e-16,-4.440892098500626e-16,VB,VB,3.0290318118328274,sim_input.json
71,2,VB,VB,VB,VB,31,1,VB,VB,VB,VB,VB,VB,VB,VB,VB,0.0,0.0,0.0,0.0,VB,VB,3.0290318118328274,sim_input.json
71,2,VB,VB,VB,VB,32,1,VB,VB,VB,VB,VB,VB,VB,VB,VB,0.0,0.05555555555555536,0.008196721311475752,0.008196721311475752,VB,VB,3.0290318118328274,sim_input.json
71,2,VB,VB,VB,VB,33,1,VB,VB,VB,VB,VB,VB,VB,VB,VB,1.0,1.0,0.1885245901639343,0.1885245901639343,VB,VB,3.0290318118328274,sim_input.json
71,2,VB,VB,VB,VB,34,1,VB,VB,VB,VB,VB,VB,VB,VB,VB,0.0,0.0,0.0,0.0,VB,VB,3.0290318118328274,sim_input.json
71,2,VB,VB,VB,VB,35,1,VB,VB,VB,VB,VB,VB,VB,VB,VB,0.0,0.0813492063492065,0.006667967733541502,0.006667967733541502,VB,VB,3.0290318118328274,sim_input.json
71,2,VB,VB,VB,VB,36,1,VB,VB,VB,VB,VB,VB,VB,VB,VB,0.0,0.11111111111111116,0.008196721311475752,0.008196721311475752,VB,VB,3.0290318118328274,sim_input.json
71,2,VB,VB,VB,VB,37,1,VB,VB,VB,VB,VB,VB,VB,VB,VB,0.0,0.0702426564495533,0.009557607352971509,0.009557607352971509,VB,VB,3.0290318118328274,sim_input.json
71,2,VB,VB,VB,VB,38,1,VB,VB,VB,VB,VB,VB,VB,VB,VB,0.0,0.0370370370370372,0.008500303582271052,0.008500303582271052,VB,VB,3.0290318118328274,sim_input.json
71,2,VB,VB,VB,VB,39,1,VB,VB,VB,VB,VB,VB,VB,VB,VB,0.0,0.0,0.0,0.0,VB,VB,3.0290318118328274,sim_input.json
71,2,VB,VB,VB,VB,40,1,VB,VB,VB,VB,VB,VB,VB,VB,VB,0.0,0.10912698412698418,0.0,0.0,VB,VB,3.0290318118328274,sim_input.json
71,2,VB,VB,VB,VB,41,1,VB,VB,VB,VB,VB,VB,VB,VB,VB,2.0,2.0,0.17377049180327875,0.17377049180327875,VB,VB,3.0290318118328274,sim_input.json
71,2,VB,VB,VB,VB,42,1,VB,VB,VB,VB,VB,VB,VB,VB,VB,0.0,0.0775862068965516,0.0016534765404183638,0.0016534765404183638,VB,VB,3.0290318118328274,sim_input.json
71,2,VB,VB,VB,VB,43,1,VB,VB,VB,VB,VB,VB,VB,VB,VB,0.0,0.0,0.0,0.0,VB,VB,3.0290318118328274,sim_input.json
71,2,VB,VB,VB,VB,44,1,VB,VB,VB,VB,VB,VB,VB,VB,VB,0.0,0.14048531289910615,0.004606075832757739,0.004606075832757739,VB,VB,3.0290318118328274,sim_input.json
71,2,VB,VB,VB,VB,45,1,VB,VB,VB,VB,VB,VB,VB,VB,VB,2.0,2.0,0.11475409836065609,0.11475409836065609,VB,VB,3.0290318118328274,sim_input.json
71,2,VB,VB,VB,VB,46,1,VB,VB,VB,VB,VB,VB,VB,VB,VB,3.0,3.0,0.24590163934426235,0.24590163934426235,VB,VB,3.0290318118328274,sim_input.json
71,2,VB,VB,VB,VB,47,1,VB,VB,VB,VB,VB,VB,VB,VB,VB,0.0,0.05555555555555536,0.014480874316940007,0.014480874316940007,VB,VB,3.0290318118328274,sim_input.json
71,2,VB,VB,VB,VB,48,1,VB,VB,VB,VB,VB,VB,VB,VB,VB,1.0,1.0,0.22131147540983553,0.22131147540983553,VB,VB,3.0290318118328274,sim_input.json
71,2,VB,VB,VB,VB,49,1,VB,VB,VB,VB,VB,VB,VB,VB,VB,0.0,0.10344827586206895,0.014923685698134737,0.014923685698134737,VB,VB,3.0290318118328274,sim_input.json
71,2,VB,VB,VB,VB,50,1,VB,VB,VB,VB,VB,VB,VB,VB,VB,2.0,2.071428571428571,0.0,0.0,VB,VB,3.0290318118328274,sim_input.json
71,2,VB,VB,VB,VB,51,1,VB,VB,VB,VB,VB,VB,VB,VB,VB,0.0,0.0775862068965516,4.440892098500626e-16,4.440892098500626e-16,VB,VB,3.0290318118328274,sim_input.json
95,3,0,<bidder.IntegralGreedyBidder object at 0x00000280FFA40470>,5,True,0,0.40474492755964775,6.0,6.0,0.5,0.5,5.5,1.0,1.0,1,0.5012106537530266,0.5,0.5,0.5012106537530266,0.20286246974539246,7.0,5.5,7.394653986437055,sim_input.json
95,3,0,<bidder.IntegralGreedyBidder object at 0x00000280FFA40470>,5,True,1,3.1129788522040034,1.0,1.0,1,1,5.5,0.0,0.0,0,0.07130333138515488,0.0,0.0,0.07130333138515488,0.22196576269368112,7.0,5.5,7.394653986437055,sim_input.json
95,3,0,<bidder.IntegralGreedyBidder object at 0x00000280FFA40470>,5,True,2,7.152018098724376,4.0,4.0,0.75,0.6,5.5,0.0,0.0,0,0.0027576002152273392,0.0,0.0,0.0027576002152273392,0.019722406648352165,7.0,5.5,7.394653986437055,sim_input.json
95,3,0,<bidder.IntegralGreedyBidder object at 0x00000280FFA40470>,5,True,3,0.0,3.0,3.0,1,0.75,5.5,0.0,0.0,0,0.0,0.0,0.0,0.0,0.0,7.0,5.5,7.394653986437055,sim_input.json
95,3,0,<bidder.IntegralGreedyBidder object at 0x00000280FFA40470>,5,True,4,6.49370827357277,5.0,5.0,0.6,0.5,5.5,0.0,0.0,0,0.0,0.0,0.0,0.0,0.0,7.0,5.5,7.394653986437055,sim_input.json
95,3,0,<bidder.IntegralGreedyBidder object at 0x00000280FFA40470>,5,True,5,2.7104103122595786,3.0,3.0,1,0.75,5.5,0.0,0.0,0,0.00242130750605326,0.0,0.0,0.00242130750605326,0.006562736833558278,7.0,5.5,7.394653986437055,sim_input.json
95,3,0,<bidder.IntegralGreedyBidder object at 0x00000280FFA40470>,5,True,6,0.0,1.0,1.0,1,1,5.5,0.0,0.0,0,0.0,0.0,0.0,0.0,0.0,7.0,5.5,7.394653986437055,sim_input.json
95,3,0,<bidder.IntegralGreedyBidder object at 0x00000280FFA40470>,5,True,7,4.960833865930199,3.0,3.0,1,0.75,5.5,0.0,0.0,0,0.0,0.0,0.0,0.0,0.0,7.0,5.5,7.394653986437055,sim_input.json
95,3,0,<bidder.IntegralGreedyBidder object at 0x00000280FFA40470>,5,True,8,2.3005669076477755,2.0,2.0,1,1,5.5,0.0,0.0,0,0.03389830508474576,0.0,0.0,0.03389830508474576,0.07798531890331442,7.0,5.5,7.394653986437055,sim_input.json
95,3,0,<bidder.IntegralGreedyBidder object at 0x00000280FFA40470>,5,True,9,2.5157467121518,4.0,4.0,0.75,0.6,5.5,0.0,0.0,0,0.0018159806295399601,0.0,0.0,0.0018159806295399601,0.00456854729809651,7.0,5.5,7.394653986437055,sim_input.json
95,3,0,<bidder.IntegralGreedyBidder object at 0x00000280FFA40470>,5,True,10,3.7333861479385755,3.0,3.0,1,0.75,5.5,0.0,0.0,0,0.00242130750605326,0.0,0.0,0.00242130750605326,0.00903967590299894,7.0,5.5,7.394653986437055,sim_input.json
95,3,0,<bidder.IntegralGreedyBidder object at 0x00000280FFA40470>,5,True,11,0.0,2.0,2.0,1,1,5.5,0.0,0.0,0,0.0,0.0,0.0,0.0,0.0,7.0,5.5,7.394653986437055,sim_input.json
95,3,0,<bidder.IntegralGreedyBidder object at 0x00000280FFA40470>,5,True,12,4.341664884145883,3.0,3.0,1,0.75,5.5,0.0,0.0,0,0.00242130750605326,0.0,0.0,0.00242130750605326,0.010512505772750286,7.0,5.5,7.394653986437055,sim_input.json
95,3,0,<bidder.IntegralGreedyBidder object at 0x00000280FFA40470>,5,True,13,2.354394332059072,6.0,6.0,0.5,0.42857142857142855,5.5,0.0,0.0,0,0.0012554927809165152,0.0,0.0,0.0012554927809165152,0.0029559250873309258,7.0,5.5,7.394653986437055,sim_input.json
95,3,0,<bidder.IntegralGreedyBidder object at 0x00000280FFA40470>,5,True,14,1.1551207671020922,3.0,3.0,1,0.75,5.5,0.0,0.0,0,0.0012554927809165152,0.0,0.0,0.0012554927809165152,0.001450245784183424,7.0,5.5,7.394653986437055,sim_input.json
95,3,0,<bidder.IntegralGreedyBidder object at 0x00000280FFA40470>,5,True,15,7.859242434556574,3.0,3.0,1,0.75,5.5,0.0,0.0,0,0.00242130750605326,0.0,0.0,0.00242130750605326,0.01902964269868413,7.0,5.5,7.394653986437055,sim_input.json
95,3,0,<bidder.IntegralGreedyBidder object at 0x00000280FFA40470>,5,True,16,5.959086751932838,3.0,3.0,1,0.75,5.5,0.0,0.0,0,0.0,0.0,0.0,0.0,0.0,7.0,5.5,7.394653986437055,sim_input.json
95,3,0,<bidder.IntegralGreedyBidder object at 0x00000280FFA40470>,5,True,17,0.0,4.0,4.0,0.75,0.6,5.5,0.0,0.0,0,0.0,0.0,0.0,0.0,0.0,7.0,5.5,7.394653986437055,sim_input.json
95,3,0,<bidder.IntegralGreedyBidder object at 0x00000280FFA40470>,5,True,18,1.1240683238667308,6.0,6.0,0.5,0.42857142857142855,5.5,0.0,0.0,0,0.004174668113884945,0.0,0.0,0.004174668113884945,0.004692612189474537,7.0,5.5,7.394653986437055,sim_input.json
95,3,0,<bidder.IntegralGreedyBidder object at 0x00000280FFA40470>,5,True,19,7.53314764909758,2.0,2.0,1,1,5.5,0.0,0.0,0,0.03389830508474576,0.0,0.0,0.03389830508474576,0.25536093725754505,7.0,5.5,7.394653986437055,sim_input.json
95,3,0,<bidder.IntegralGreedyBidder object at 0x00000280FFA40470>,5,True,20,5.682050372792104,1.0,1.0,1,1,5.5,0.0,0.0,0,0.06779661016949153,0.0,0.0,0.06779661016949153,0.3852237540876003,7.0,5.5,7.394653986437055,sim_input.json
95,3,0,<bidder.IntegralGreedyBidder object at 0x00000280FFA40470>,5,True,21,3.9064689749940946,1.0,1.0,1,1,5.5,0.0,0.0,0,0.06779661016949153,0.0,0.0,0.06779661016949153,0.26484535423688776,7.0,5.5,7.394653986437055,sim_input.json
95,3,0,<bidder.IntegralGreedyBidder object at 0x00000280FFA40470>,5,True,22,4.566546377988473,3.0,3.0,1,0.75,5.5,0.0,0.0,0,0.005928028721716629,0.0,0.0,0.005928028721716629,0.02707061808776671,7.0,5.5,7.394653986437055,sim_input.json
95,3,0,<bidder.IntegralGreedyBidder object at 0x00000280FFA40470>,5,True,23,0.9258072951513721,3.0,3.0,1,1,5.5,1.0,1.0,1,1.0,1.0,1.0,1.0,0.9258072951513721,7.0,5.5,7.394653986437055,sim_input.json
95,3,0,<bidder.IntegralGreedyBidder object at 0x00000280FFA40470>,5,True,24,0.9364705880071014,4.0,4.0,0.75,0.6,5.5,0.0,0.0,0,0.0009416195856873789,0.0,0.0,0.0009416195856873789,0.0008817990470876629,7.0,5.5,7.394653986437055,sim_input.json
95,3,0,<bidder.IntegralGreedyBidder object at 0x00000280FFA40470>,5,True,25,6.175383469304375,2.0,2.0,1,1,5.5,0.0,0.0,0,0.03515379786566228,0.0,0.0,0.03515379786566228,0.21708818222287826,7.0,5.5,7.394653986437055,sim_input.json
95,3,0,<bidder.IntegralGreedyBidder object at 0x00000280FFA40470>,5,True,26,1.4765410374372685,1.0,1.0,1,1,5.5,0.0,0.0,0,0.06779661016949153,0.0,0.0,0.06779661016949153,0.10010447711439109,7.0,5.5,7.394653986437055,sim_input.json
95,3,0,<bidder.IntegralGreedyBidder object at 0x00000280FFA40470>,5,True,27,5.6512373002824035,0.0,0.0,1,1,5.5,0.0,0.0,0,0.1016949152542373,0.0,0.0,0.1016949152542373,0.5747020983338038,7.0,5.5,7.394653986437055,sim_input.json
95,3,0,<bidder.IntegralGreedyBidder object at 0x00000280FFA40470>,5,True,28,0.6072289426266817,4.0,4.0,0.75,0.75,5.5,1.0,1.0,1,0.7527576002152273,0.75,0.75,0.7527576002152273,0.4570962016328909,7.0,5.5,7.394653986437055,sim_input.json
95,3,0,<bidder.IntegralGreedyBidder object at 0x00000280FFA40470>,5,True,29,0.20756510208076884,3.0,3.0,1,1,5.5,1.0,1.0,1,1.0,1.0,1.0,1.0,0.20756510208076884,7.0,5.5,7.394653986437055,sim_input.json
95,3,0,<bidder.IntegralGreedyBidder object at 0x00000280FFA40470>,5,True,30,0.5807758003235093,4.0,4.0,0.75,0.75,5.5,1.0,1.0,1,0.7509416195856874,0.75,0.75,0.7509416195856874,0.43612872011110987,7.0,5.5,7.394653986437055,sim_input.json
95,3,0,<bidder.IntegralGreedyBidder object at 0x00000280FFA40470>,5,True,31,3.7539921814128077,4.0,4.0,0.75,0.6,5.5,0.0,0.0,0,0.0,0.0,0.0,0.0,0.0,7.0,5.5,7.394653986437055,sim_input.json
95,3,0,<bidder.IntegralGreedyBidder object at 0x00000280FFA40470>,5,True,32,0.6699161157667464,4.0,4.0,0.75,0.6,5.5,0.0,0.0,0,0.0018832391713747578,0.0,0.0,0.0018832391713747578,0.0012616122707471637,7.0,5.5,7.394653986437055,sim_input.json
95,3,0,<bidder.IntegralGreedyBidder object at 0x00000280FFA40470>,5,True,33,0.0,2.0,2.0,1,1,5.5,0.0,0.0,0,0.0,0.0,0.0,0.0,0.0,7.0,5.5,7.394653986437055,sim_input.json
95,3,0,<bidder.IntegralGreedyBidder object at 0x00000280FFA40470>,5,True,34,4.647040145707326,4.0,4.0,0.75,0.6,5.5,0.0,0.0,0,0.0,0.0,0.0,0.0,0.0,7.0,5.5,7.394653986437055,sim_input.json
95,3,0,<bidder.IntegralGreedyBidder object at 0x00000280FFA40470>,5,True,35,7.950926914239851,4.0,4.0,0.75,0.6,5.5,0.0,0.0,0,0.0027576002152273392,0.0,0.0,0.0027576002152273392,0.021925477769964657,7.0,5.5,7.394653986437055,sim_input.json
95,3,0,<bidder.IntegralGreedyBidder object at 0x00000280FFA40470>,5,True,36,7.459477340143826,3.0,3.0,1,0.75,5.5,0.0,0.0,0,0.0037664783427495308,0.0,0.0,0.0037664783427495308,0.028095959849882595,7.0,5.5,7.394653986437055,sim_input.json
95,3,0,<bidder.IntegralGreedyBidder object at 0x00000280FFA40470>,5,True,37,0.07174413530750723,6.0,6.0,0.5,0.5,5.5,1.0,1.0,1,0.50238110699829,0.5,0.5,0.50238110699829,0.036042898116420585,7.0,5.5,7.394653986437055,sim_input.json
95,3,0,<bidder.IntegralGreedyBidder object at 0x00000280FFA40470>,5,True,38,7.84138769731078,3.0,3.0,1,0.75,5.5,0.0,0.0,0,0.0012554927809165152,0.0,0.0,0.0012554927809165152,0.009844805646341262,7.0,5.5,7.394653986437055,sim_input.json
95,3,0,<bidder.IntegralGreedyBidder object at 0x00000280FFA40470>,5,True,39,6.5278345893843115,3.0,3.0,1,0.75,5.5,0.0,0.0,0,0.0,0.0,0.0,0.0,0.0,7.0,5.5,7.394653986437055,sim_input.json
95,3,0,<bidder.IntegralGreedyBidder object at 0x00000280FFA40470>,5,True,40,1.868903540700209,4.0,4.0,0.75,0.6,5.5,0.0,0.0,0,0.003699219800914718,0.0,0.0,0.003699219800914718,0.006913484983757838,7.0,5.5,7.394653986437055,sim_input.json
95,3,0,<bidder.IntegralGreedyBidder object at 0x00000280FFA40470>,5,True,41,5.802148773557635,1.0,1.0,1,1,5.5,0.0,0.0,0,0.06779661016949153,0.0,0.0,0.06779661016949153,0.39336601854628034,7.0,5.5,7.394653986437055,sim_input.json
95,3,0,<bidder.IntegralGreedyBidder object at 0x00000280FFA40470>,5,True,42,4.165462913760967,4.0,4.0,0.75,0.6,5.5,0.0,0.0,0,0.002630040911747512,0.0,0.0,0.002630040911747512,0.010955337879558342,7.0,5.5,7.394653986437055,sim_input.json
95,3,0,<bidder.IntegralGreedyBidder object at 0x00000280FFA40470>,5,True,43,7.836203455899966,4.0,4.0,0.75,0.6,5.5,0.0,0.0,0,0.0,0.0,0.0,0.0,0.0,7.0,5.5,7.394653986437055,sim_input.json
95,3,0,<bidder.IntegralGreedyBidder object at 0x00000280FFA40470>,5,True,44,0.8140080107956215,3.0,3.0,1,1,5.5,1.0,1.0,1,1.0,1.0,1.0,1.0,0.8140080107956215,7.0,5.5,7.394653986437055,sim_input.json
95,3,0,<bidder.IntegralGreedyBidder object at 0x00000280FFA40470>,5,True,45,5.976926182553732,1.0,1.0,1,1,5.5,0.0,0.0,0,0.06779661016949153,0.0,0.0,0.06779661016949153,0.4052153344104225,7.0,5.5,7.394653986437055,sim_input.json
95,3,0,<bidder.IntegralGreedyBidder object at 0x00000280FFA40470>,5,True,46,6.708591144122919,0.0,1.0,1,1,5.5,0.0,0.0,0,0.06779661016949153,0.0,0.0,0.06779661016949153,0.45481973858460467,7.0,5.5,7.394653986437055,sim_input.json
95,3,0,<bidder.IntegralGreedyBidder object at 0x00000280FFA40470>,5,True,47,6.862732664536702,4.0,4.0,0.75,0.6,5.5,0.0,0.0,0,0.0018832391713747578,0.0,0.0,0.0018832391713747578,0.012924166976528583,7.0,5.5,7.394653986437055,sim_input.json
95,3,0,<bidder.IntegralGreedyBidder object at 0x00000280FFA40470>,5,True,48,6.474166071590236,2.0,2.0,1,1,5.5,0.0,0.0,0,0.03389830508474576,0.0,0.0,0.03389830508474576,0.21946325666407582,7.0,5.5,7.394653986437055,sim_input.json
95,3,0,<bidder.IntegralGreedyBidder object at 0x00000280FFA40470>,5,True,49,2.9185189517340486,3.0,3.0,1,0.75,5.5,0.0,0.0,0,0.0035067212156633543,0.0,0.0,0.0035067212156633543,0.010234432326361361,7.0,5.5,7.394653986437055,sim_input.json
95,3,0,<bidder.IntegralGreedyBidder object at 0x00000280FFA40470>,5,True,50,7.528964491060475,1.0,1.0,1,1,5.5,0.0,0.0,0,0.07021791767554479,0.0,0.0,0.07021791767554479,0.5286682088153845,7.0,5.5,7.394653986437055,sim_input.json
95,3,0,<bidder.IntegralGreedyBidder object at 0x00000280FFA40470>,5,True,51,2.9249939971740844,4.0,4.0,0.75,0.6,5.5,0.0,0.0,0,0.002630040911747512,0.0,0.0,0.002630040911747512,0.007692853879183728,7.0,5.5,7.394653986437055,sim_input.json
95,3,1,<bidder.IntegralGreedyBidder object at 0x0000028086D3F9B0>,5,True,0,0.6575057478488306,6.0,6.0,0.5,0.5,7.0,1.0,1.0,1,0.4642857142857143,0.5,0.4642857142857143,0.4642857142857143,0.30527052578695707,9.0,7.0,4.983443395700174,sim_input.json
95,3,1,<bidder.IntegralGreedyBidder object at 0x0000028086D3F9B0>,5,True,1,5.2000224004375335,1.0,1.0,1,1,7.0,0.0,0.0,0,0.0,0.0,0.0,0.0,0.0,9.0,7.0,4.983443395700174,sim_input.json
95,3,1,<bidder.IntegralGreedyBidder object at 0x0000028086D3F9B0>,5,True,2,1.17871012897366,4.0,4.0,0.75,0.6,7.0,0.0,0.0,0,0.0,0.0,0.0,0.0,0.0,9.0,7.0,4.983443395700174,sim_input.json
95,3,1,<bidder.IntegralGreedyBidder object at 0x0000028086D3F9B0>,5,True,3,0.9777662818456491,3.0,3.0,1,0.75,7.0,0.0,0.0,0,0.0,0.0,0.0,0.0,0.0,9.0,7.0,4.983443395700174,sim_input.json
95,3,1,<bidder.IntegralGreedyBidder object at 0x0000028086D3F9B0>,5,True,4,3.989235697366923,5.0,5.0,0.6,0.5,7.0,0.0,0.0,0,0.0,0.0,0.0,0.0,0.0,9.0,7.0,4.983443395700174,sim_input.json
95,3,1,<bidder.IntegralGreedyBidder object at 0x0000028086D3F9B0>,5,True,5,5.102565209129395,3.0,3.0,1,0.75,7.0,0.0,0.0,0,0.0,0.0,0.0,0.0,0.0,9.0,7.0,4.983443395700174,sim_input.json
95,3,1,<bidder.IntegralGreedyBidder object at 0x0000028086D3F9B0>,5,True,6,6.40959758082949,1.0,1.0,1,1,7.0,0.0,0.0,0,0.0,0.0,0.0,0.0,0.0,9.0,7.0,4.983443395700174,sim_input.json
95,3,1,<bidder.IntegralGreedyBidder object at 0x0000028086D3F9B0>,5,True,7,4.839341439659255,3.0,3.0,1,0.75,7.0,0.0,0.0,0,0.0,0.0,0.0,0.0,0.0,9.0,7.0,4.983443395700174,sim_input.json
95,3,1,<bidder.IntegralGreedyBidder object at 0x0000028086D3F9B0>,5,True,8,7.601683711145476,2.0,2.0,1,1,7.0,0.0,0.0,0,0.0,0.0,0.0,0.0,0.0,9.0,7.0,4.983443395700174,sim_input.json
95,3,1,<bidder.IntegralGreedyBidder object at 0x0000028086D3F9B0>,5,True,9,0.268510241556113,4.0,4.0,0.75,0.75,7.0,1.0,1.0,1,0.6964285714285714,0.75,0.6964285714285714,0.6964285714285714,0.18699820394086442,9.0,7.0,4.983443395700174,sim_input.json
95,3,1,<bidder.IntegralGreedyBidder object at 0x0000028086D3F9B0>,5,True,10,1.4092108184134209,3.0,3.0,1,1,7.0,1.0,1.0,1,0.9285714285714286,1.0,0.9285714285714286,0.9285714285714286,1.3085529028124623,9.0,7.0,4.983443395700174,sim_input.json
95,3,1,<bidder.IntegralGreedyBidder object at 0x0000028086D3F9B0>,5,True,11,0.9488580586641294,2.0,2.0,1,1,7.0,1.0,1.0,1,0.9285714285714286,1.0,0.9285714285714286,0.9285714285714286,0.881082483045263,9.0,7.0,4.983443395700174,sim_input.json
95,3,1,<bidder.IntegralGreedyBidder object at 0x0000028086D3F9B0>,5,True,12,5.278105336859403,3.0,3.0,1,0.75,7.0,0.0,0.0,0,0.0,0.0,0.0,0.0,0.0,9.0,7.0,4.983443395700174,sim_input.json
95,3,1,<bidder.IntegralGreedyBidder object at 0x0000028086D3F9B0>,5,True,13,6.649402695398994,6.0,6.0,0.5,0.42857142857142855,7.0,0.0,0.0,0,0.0,0.0,0.0,0.0,0.0,9.0,7.0,4.983443395700174,sim_input.json
95,3,1,<bidder.IntegralGreedyBidder object at 0x0000028086D3F9B0>,5,True,14,4.369106829452829,3.0,3.0,1,0.75,7.0,0.0,0.0,0,0.0,0.0,0.0,0.0,0.0,9.0,7.0,4.983443395700174,sim_input.json
95,3,1,<bidder.IntegralGreedyBidder object at 0x0000028086D3F9B0>,5,True,15,7.156052518555271,3.0,3.0,1,0.75,7.0,0.0,0.0,0,0.0,0.0,0.0,0.0,0.0,9.0,7.0,4.983443395700174,sim_input.json
95,3,1,<bidder.IntegralGreedyBidder object at 0x0000028086D3F9B0>,5,True,16,3.3554711181286097,3.0,3.0,1,0.75,7.0,0.0,0.0,0,0.0,0.0,0.0,0.0,0.0,9.0,7.0,4.983443395700174,sim_input.json
95,3,1,<bidder.IntegralGreedyBidder object at 0x0000028086D3F9B0>,5,True,17,1.2233566067373052,4.0,4.0,0.75,0.75,7.0,1.0,1.0,1,0.6964285714285714,0.75,0.6964285714285714,0.6964285714285714,0.8519804939777661,9.0,7.0,4.983443395700174,sim_input.json
95,3,1,<bidder.IntegralGreedyBidder object at 0x0000028086D3F9B0>,5,True,18,0.2798323299377907,6.0,6.0,0.5,0.5,7.0,1.0,1.0,1,0.4642857142857143,0.5,0.4642857142857143,0.4642857142857143,0.12992215318540284,9.0,7.0,4.983443395700174,sim_input.json
95,3,1,<bidder.IntegralGreedyBidder object at 0x0000028086D3F9B0>,5,True,19,4.833507476488093,2.0,2.0,1,1,7.0,0.0,0.0,0,0.0,0.0,0.0,0.0,0.0,9.0,7.0,4.983443395700174,sim_input.json
95,3,1,<bidder.IntegralGreedyBidder object at 0x0000028086D3F9B0>,5,True,20,5.249551678033292,1.0,1.0,1,1,7.0,0.0,0.0,0,0.0,0.0,0.0,0.0,0.0,9.0,7.0,4.983443395700174,sim_input.json
95,3,1,<bidder.IntegralGreedyBidder object at 0x0000028086D3F9B0>,5,True,21,7.089943252234851,1.0,1.0,1,1,7.0,0.0,0.0,0,0.0,0.0,0.0,0.0,0.0,9.0,7.0,4.983443395700174,sim_input.json
95,3,1,<bidder.IntegralGreedyBidder object at 0x0000028086D3F9B0>,5,True,22,0.5995949761430923,3.0,3.0,1,1,7.0,1.0,1.0,1,0.9285714285714286,1.0,0.9285714285714286,0.9285714285714286,0.5567667635614428,9.0,7.0,4.983443395700174,sim_input.json
95,3,1,<bidder.IntegralGreedyBidder object at 0x0000028086D3F9B0>,5,True,23,5.300902595137463,3.0,3.0,1,0.75,7.0,0.0,0.0,0,0.0,0.0,0.0,0.0,0.0,9.0,7.0,4.983443395700174,sim_input.json
95,3,1,<bidder.IntegralGreedyBidder object at 0x0000028086D3F9B0>,5,True,24,5.040931535589814,4.0,4.0,0.75,0.6,7.0,0.0,0.0,0,0.0,0.0,0.0,0.0,0.0,9.0,7.0,4.983443395700174,sim_input.json
95,3,1,<bidder.IntegralGreedyBidder object at 0x0000028086D3F9B0>,5,True,25,4.830813096039857,2.0,2.0,1,1,7.0,0.0,0.0,0,0.0,0.0,0.0,0.0,0.0,9.0,7.0,4.983443395700174,sim_input.json
95,3,1,<bidder.IntegralGreedyBidder object at 0x0000028086D3F9B0>,5,True,26,4.682908887360497,1.0,1.0,1,1,7.0,0.0,0.0,0,0.0,0.0,0.0,0.0,0.0,9.0,7.0,4.983443395700174,sim_input.json
95,3,1,<bidder.IntegralGreedyBidder object at 0x0000028086D3F9B0>,5,True,27,2.4322850068261985,0.0,0.0,1,1,7.0,0.0,0.0,0,0.0,0.0,0.0,0.0,0.0,9.0,7.0,4.983443395700174,sim_input.json
95,3,1,<bidder.IntegralGreedyBidder object at 0x0000028086D3F9B0>,5,True,28,0.11795869413191562,4.0,4.0,0.75,0.75,7.0,1.0,1.0,1,0.6964285714285714,0.75,0.6964285714285714,0.6964285714285714,0.0821498048418698,9.0,7.0,4.983443395700174,sim_input.json
95,3,1,<bidder.IntegralGreedyBidder object at 0x0000028086D3F9B0>,5,True,29,1.6634714905431562,3.0,3.0,1,0.75,7.0,0.0,0.0,0,0.0,0.0,0.0,0.0,0.0,9.0,7.0,4.983443395700174,sim_input.json
95,3,1,<bidder.IntegralGreedyBidder object at 0x0000028086D3F9B0>,5,True,30,5.017933348306916,4.0,4.0,0.75,0.6,7.0,0.0,0.0,0,0.0,0.0,0.0,0.0,0.0,9.0,7.0,4.983443395700174,sim_input.json
95,3,1,<bidder.IntegralGreedyBidder object at 0x0000028086D3F9B0>,5,True,31,2.441631260418172,4.0,4.0,0.75,0.6,7.0,0.0,0.0,0,0.0,0.0,0.0,0.0,0.0,9.0,7.0,4.983443395700174,sim_input.json
95,3,1,<bidder.IntegralGreedyBidder object at 0x0000028086D3F9B0>,5,True,32,6.0412207485307095,4.0,4.0,0.75,0.6,7.0,0.0,0.0,0,0.0,0.0,0.0,0.0,0.0,9.0,7.0,4.983443395700174,sim_input.json
95,3,1,<bidder.IntegralGreedyBidder object at 0x0000028086D3F9B0>,5,True,33,3.2992885128576237,2.0,2.0,1,1,7.0,0.0,0.0,0,0.0,0.0,0.0,0.0,0.0,9.0,7.0,4.983443395700174,sim_input.json
95,3,1,<bidder.IntegralGreedyBidder object at 0x0000028086D3F9B0>,5,True,34,0.0,4.0,4.0,0.75,0.6,7.0,0.0,0.0,0,0.0,0.0,0.0,0.0,0.0,9.0,7.0,4.983443395700174,sim_input.json
95,3,1,<bidder.IntegralGreedyBidder object at 0x0000028086D3F9B0>,5,True,35,3.903307294819018,4.0,4.0,0.75,0.6,7.0,0.0,0.0,0,0.0,0.0,0.0,0.0,0.0,9.0,7.0,4.983443395700174,sim_input.json
95,3,1,<bidder.IntegralGreedyBidder object at 0x0000028086D3F9B0>,5,True,36,1.5609661350212996,3.0,3.0,1,0.75,7.0,0.0,0.0,0,0.0,0.0,0.0,0.0,0.0,9.0,7.0,4.983443395700174,sim_input.json
95,3,1,<bidder.IntegralGreedyBidder object at 0x0000028086D3F9B0>,5,True,37,7.857223288372322,6.0,6.0,0.5,0.42857142857142855,7.0,0.0,0.0,0,0.0,0.0,0.0,0.0,0.0,9.0,7.0,4.983443395700174,sim_input.json
95,3,1,<bidder.IntegralGreedyBidder object at 0x0000028086D3F9B0>,5,True,38,4.216588338667611,3.0,3.0,1,0.75,7.0,0.0,0.0,0,0.0,0.0,0.0,0.0,0.0,9.0,7.0,4.983443395700174,sim_input.json
95,3,1,<bidder.IntegralGreedyBidder object at 0x0000028086D3F9B0>,5,True,39,7.872234257446798,3.0,3.0,1,0.75,7.0,0.0,0.0,0,0.0,0.0,0.0,0.0,0.0,9.0,7.0,4.983443395700174,sim_input.json
95,3,1,<bidder.IntegralGreedyBidder object at 0x0000028086D3F9B0>,5,True,40,0.9774441952486184,4.0,4.0,0.75,0.75,7.0,1.0,1.0,1,0.6964285714285714,0.75,0.6964285714285714,0.6964285714285714,0.6807200645481449,9.0,7.0,4.983443395700174,sim_input.json
95,3,1,<bidder.IntegralGreedyBidder object at 0x0000028086D3F9B0>,5,True,41,6.58458421617252,1.0,1.0,1,1,7.0,0.0,0.0,0,0.0,0.0,0.0,0.0,0.0,9.0,7.0,4.983443395700174,sim_input.json
95,3,1,<bidder.IntegralGreedyBidder object at 0x0000028086D3F9B0>,5,True,42,4.826936213892162,4.0,4.0,0.75,0.6,7.0,0.0,0.0,0,0.0,0.0,0.0,0.0,0.0,9.0,7.0,4.983443395700174,sim_input.json
95,3,1,<bidder.IntegralGreedyBidder object at 0x0000028086D3F9B0>,5,True,43,2.754073533004644,4.0,4.0,0.75,0.6,7.0,0.0,0.0,0,0.0,0.0,0.0,0.0,0.0,9.0,7.0,4.983443395700174,sim_input.json
95,3,1,<bidder.IntegralGreedyBidder object at 0x0000028086D3F9B0>,5,True,44,6.036024093542144,3.0,3.0,1,0.75,7.0,0.0,0.0,0,0.0,0.0,0.0,0.0,0.0,9.0,7.0,4.983443395700174,sim_input.json
95,3,1,<bidder.IntegralGreedyBidder object at 0x0000028086D3F9B0>,5,True,45,2.420916884235319,1.0,1.0,1,1,7.0,0.0,0.0,0,0.0,0.0,0.0,0.0,0.0,9.0,7.0,4.983443395700174,sim_input.json
95,3,1,<bidder.IntegralGreedyBidder object at 0x0000028086D3F9B0>,5,True,46,4.613448907515634,0.0,1.0,1,1,7.0,0.0,0.0,0,0.0,0.0,0.0,0.0,0.0,9.0,7.0,4.983443395700174,sim_input.json
95,3,1,<bidder.IntegralGreedyBidder object at 0x0000028086D3F9B0>,5,True,47,2.6721318116013535,4.0,4.0,0.75,0.6,7.0,0.0,0.0,0,0.0,0.0,0.0,0.0,0.0,9.0,7.0,4.983443395700174,sim_input.json
95,3,1,<bidder.IntegralGreedyBidder object at 0x0000028086D3F9B0>,5,True,48,7.850237254865233,2.0,2.0,1,1,7.0,0.0,0.0,0,0.0,0.0,0.0,0.0,0.0,9.0,7.0,4.983443395700174,sim_input.json
95,3,1,<bidder.IntegralGreedyBidder object at 0x0000028086D3F9B0>,5,True,49,4.079458528264674,3.0,3.0,1,0.75,7.0,0.0,0.0,0,0.0,0.0,0.0,0.0,0.0,9.0,7.0,4.983443395700174,sim_input.json
95,3,1,<bidder.IntegralGreedyBidder object at 0x0000028086D3F9B0>,5,True,50,4.76302747424308,1.0,1.0,1,1,7.0,0.0,0.0,0,0.0,0.0,0.0,0.0,0.0,9.0,7.0,4.983443395700174,sim_input.json
95,3,1,<bidder.IntegralGreedyBidder object at 0x0000028086D3F9B0>,5,True,51,7.8802531805707865,4.0,4.0,0.75,0.6,7.0,0.0,0.0,0,0.0,0.0,0.0,0.0,0.0,9.0,7.0,4.983443395700174,sim_input.json
95,3,2,<bidder.UniformBidder object at 0x0000028086D3F6D8>,5,True,0,3.4874982891958286,6.0,6.0,0.5,0.42857142857142855,4.25,0.0,0.0,0,0.002723970944309918,0.0,0.0,0.002723970944309918,0.009499844008099985,5.0,4.25,14.723012853576934,sim_input.json
95,3,2,<bidder.UniformBidder object at 0x0000028086D3F6D8>,5,True,1,6.200198268438893,1.0,1.0,1,1,4.25,0.0,0.0,0,0.1604324956165985,0.0,0.0,0.1604324956165985,0.9947132815233642,5.0,4.25,14.723012853576934,sim_input.json
95,3,2,<bidder.UniformBidder object at 0x0000028086D3F6D8>,5,True,2,0.9815633010536252,4.0,4.0,0.75,0.75,4.25,1.0,1.0,1,0.7562046004842615,0.75,0.75,0.7562046004842615,0.7422626839232696,5.0,4.25,14.723012853576934,sim_input.json
95,3,2,<bidder.UniformBidder object at 0x0000028086D3F6D8>,5,True,3,4.013055990741604,3.0,3.0,1,0.75,4.25,0.0,0.0,0,0.0,0.0,0.0,0.0,0.0,5.0,4.25,14.723012853576934,sim_input.json
95,3,2,<bidder.UniformBidder object at 0x0000028086D3F6D8>,5,True,4,6.46153401755921,5.0,5.0,0.6,0.5,4.25,0.0,0.0,0,0.0,0.0,0.0,0.0,0.0,5.0,4.25,14.723012853576934,sim_input.json
95,3,2,<bidder.UniformBidder object at 0x0000028086D3F6D8>,5,True,5,6.75520722480911,3.0,3.0,1,0.75,4.25,0.0,0.0,0,0.005447941888619836,0.0,0.0,0.005447941888619836,0.03680197640634491,5.0,4.25,14.723012853576934,sim_input.json
95,3,2,<bidder.UniformBidder object at 0x0000028086D3F6D8>,5,True,6,6.340124428520772,1.0,1.0,1,1,4.25,0.0,0.0,0,0.1553672316384181,0.0,0.0,0.1553672316384181,0.98504758070238,5.0,4.25,14.723012853576934,sim_input.json
95,3,2,<bidder.UniformBidder object at 0x0000028086D3F6D8>,5,True,7,1.5312366807868287,3.0,3.0,1,0.75,4.25,0.0,0.0,0,0.0,0.0,0.0,0.0,0.0,5.0,4.25,14.723012853576934,sim_input.json
95,3,2,<bidder.UniformBidder object at 0x0000028086D3F6D8>,5,True,8,4.331717761866408,2.0,2.0,1,1,4.25,0.0,0.0,0,0.07627118644067797,0.0,0.0,0.07627118644067797,0.3303852530237091,5.0,4.25,14.723012853576934,sim_input.json
95,3,2,<bidder.UniformBidder object at 0x0000028086D3F6D8>,5,True,9,2.755797751770463,4.0,4.0,0.75,0.6,4.25,0.0,0.0,0,0.00408595641646491,0.0,0.0,0.00408595641646491,0.011260069506326097,5.0,4.25,14.723012853576934,sim_input.json
95,3,2,<bidder.UniformBidder object at 0x0000028086D3F6D8>,5,True,10,3.7449188230411927,3.0,3.0,1,0.75,4.25,0.0,0.0,0,0.005447941888619836,0.0,0.0,0.005447941888619836,0.02040210012552701,5.0,4.25,14.723012853576934,sim_input.json
95,3,2,<bidder.UniformBidder object at 0x0000028086D3F6D8>,5,True,11,5.922362804052556,2.0,2.0,1,1,4.25,0.0,0.0,0,0.08171912832929783,0.0,0.0,0.08171912832929783,0.48397032599703094,5.0,4.25,14.723012853576934,sim_input.json
95,3,2,<bidder.UniformBidder object at 0x0000028086D3F6D8>,5,True,12,0.9179070526887595,3.0,3.0,1,1,4.25,1.0,1.0,1,1.0,1.0,1.0,1.0,0.9179070526887595,5.0,4.25,14.723012853576934,sim_input.json
95,3,2,<bidder.UniformBidder object at 0x0000028086D3F6D8>,5,True,13,0.0,6.0,6.0,0.5,0.42857142857142855,4.25,0.0,0.0,0,0.0,0.0,0.0,0.0,0.0,5.0,4.25,14.723012853576934,sim_input.json
95,3,2,<bidder.UniformBidder object at 0x0000028086D3F6D8>,5,True,14,1.3599052607005282,3.0,3.0,1,1,4.25,1.0,1.0,1,1.0,1.0,1.0,1.0,1.3599052607005282,5.0,4.25,14.723012853576934,sim_input.json
95,3,2,<bidder.UniformBidder object at 0x0000028086D3F6D8>,5,True,15,0.4130229953056712,3.0,3.0,1,1,4.25,1.0,1.0,1,1.0,1.0,1.0,1.0,0.4130229953056712,5.0,4.25,14.723012853576934,sim_input.json
95,3,2,<bidder.UniformBidder object at 0x0000028086D3F6D8>,5,True,16,0.0,3.0,3.0,1,0.75,4.25,0.0,0.0,0,0.0,0.0,0.0,0.0,0.0,5.0,4.25,14.723012853576934,sim_input.json
95,3,2,<bidder.UniformBidder object at 0x0000028086D3F6D8>,5,True,17,0.0,4.0,4.0,0.75,0.6,4.25,0.0,0.0,0,0.0,0.0,0.0,0.0,0.0,5.0,4.25,14.723012853576934,sim_input.json
95,3,2,<bidder.UniformBidder object at 0x0000028086D3F6D8>,5,True,18,4.870140196816825,6.0,6.0,0.5,0.42857142857142855,4.25,0.0,0.0,0,0.009393003256241126,0.0,0.0,0.009393003256241126,0.04574524272705124,5.0,4.25,14.723012853576934,sim_input.json
95,3,2,<bidder.UniformBidder object at 0x0000028086D3F6D8>,5,True,19,2.3262699573745804,2.0,2.0,1,1,4.25,0.0,0.0,0,0.07627118644067797,0.0,0.0,0.07627118644067797,0.17742736963026462,5.0,4.25,14.723012853576934,sim_input.json
95,3,2,<bidder.UniformBidder object at 0x0000028086D3F6D8>,5,True,20,7.078765081773668,1.0,1.0,1,1,4.25,0.0,0.0,0,0.15254237288135594,0.0,0.0,0.15254237288135594,1.0798116226434409,5.0,4.25,14.723012853576934,sim_input.json
95,3,2,<bidder.UniformBidder object at 0x0000028086D3F6D8>,5,True,21,0.0,1.0,1.0,1,1,4.25,0.0,0.0,0,0.0,0.0,0.0,0.0,0.0,5.0,4.25,14.723012853576934,sim_input.json
95,3,2,<bidder.UniformBidder object at 0x0000028086D3F6D8>,5,True,22,3.1077588974646453,3.0,3.0,1,0.75,4.25,0.0,0.0,0,0.013338064623862417,0.0,0.0,0.013338064623862417,0.041451489009766855,5.0,4.25,14.723012853576934,sim_input.json
95,3,2,<bidder.UniformBidder object at 0x0000028086D3F6D8>,5,True,23,4.688056072305459,3.0,3.0,1,0.75,4.25,0.0,0.0,0,0.005447941888619836,0.0,0.0,0.005447941888619836,0.025540257052511492,5.0,4.25,14.723012853576934,sim_input.json
95,3,2,<bidder.UniformBidder object at 0x0000028086D3F6D8>,5,True,24,2.587217450304631,4.0,4.0,0.75,0.6,4.25,0.0,0.0,0,0.002118644067796603,0.0,0.0,0.002118644067796603,0.005481392903187758,5.0,4.25,14.723012853576934,sim_input.json
95,3,2,<bidder.UniformBidder object at 0x0000028086D3F6D8>,5,True,25,3.577294882586507,2.0,2.0,1,1,4.25,0.0,0.0,0,0.07909604519774013,0.0,0.0,0.07909604519774013,0.28294987771870683,5.0,4.25,14.723012853576934,sim_input.json
95,3,2,<bidder.UniformBidder object at 0x0000028086D3F6D8>,5,True,26,4.803994172886424,1.0,1.0,1,1,4.25,0.0,0.0,0,0.15254237288135594,0.0,0.0,0.15254237288135594,0.732812670440302,5.0,4.25,14.723012853576934,sim_input.json
95,3,2,<bidder.UniformBidder object at 0x0000028086D3F6D8>,5,True,27,4.897451455416844,0.0,0.0,1,1,4.25,0.0,0.0,0,0.2288135593220339,0.0,0.0,0.2288135593220339,1.1206032991208033,5.0,4.25,14.723012853576934,sim_input.json
95,3,2,<bidder.UniformBidder object at 0x0000028086D3F6D8>,5,True,28,5.596859274167985,4.0,4.0,0.75,0.6,4.25,0.0,0.0,0,0.006204600484261513,0.0,0.0,0.006204600484261513,0.03472627576284622,5.0,4.25,14.723012853576934,sim_input.json
95,3,2,<bidder.UniformBidder object at 0x0000028086D3F6D8>,5,True,29,3.7692676022440406,3.0,3.0,1,0.75,4.25,0.0,0.0,0,0.0028248587570621595,0.0,0.0,0.0028248587570621595,0.010647648593909766,5.0,4.25,14.723012853576934,sim_input.json
95,3,2,<bidder.UniformBidder object at 0x0000028086D3F6D8>,5,True,30,2.6501441684518126,4.0,4.0,0.75,0.6,4.25,0.0,0.0,0,0.002118644067796603,0.0,0.0,0.002118644067796603,0.005614712221296193,5.0,4.25,14.723012853576934,sim_input.json
95,3,2,<bidder.UniformBidder object at 0x0000028086D3F6D8>,5,True,31,7.668105912575628,4.0,4.0,0.75,0.6,4.25,0.0,0.0,0,0.0,0.0,0.0,0.0,0.0,5.0,4.25,14.723012853576934,sim_input.json
95,3,2,<bidder.UniformBidder object at 0x0000028086D3F6D8>,5,True,32,0.0,4.0,4.0,0.75,0.6,4.25,0.0,0.0,0,0.0,0.0,0.0,0.0,0.0,5.0,4.25,14.723012853576934,sim_input.json
95,3,2,<bidder.UniformBidder object at 0x0000028086D3F6D8>,5,True,33,4.565751132868371,2.0,2.0,1,1,4.25,0.0,0.0,0,0.07627118644067797,0.0,0.0,0.07627118644067797,0.3482352558967402,5.0,4.25,14.723012853576934,sim_input.json
95,3,2,<bidder.UniformBidder object at 0x0000028086D3F6D8>,5,True,34,2.1147999733090757,4.0,4.0,0.75,0.6,4.25,0.0,0.0,0,0.0,0.0,0.0,0.0,0.0,5.0,4.25,14.723012853576934,sim_input.json
95,3,2,<bidder.UniformBidder object at 0x0000028086D3F6D8>,5,True,35,3.2948360114408697,4.0,4.0,0.75,0.6,4.25,0.0,0.0,0,0.006204600484261513,0.0,0.0,0.006204600484261513,0.020443141112148292,5.0,4.25,14.723012853576934,sim_input.json
95,3,2,<bidder.UniformBidder object at 0x0000028086D3F6D8>,5,True,36,3.0280799436529966,3.0,3.0,1,0.75,4.25,0.0,0.0,0,0.008474576271186446,0.0,0.0,0.008474576271186446,0.025661694437737276,5.0,4.25,14.723012853576934,sim_input.json
95,3,2,<bidder.UniformBidder object at 0x0000028086D3F6D8>,5,True,37,1.233474395553126,6.0,6.0,0.5,0.5,4.25,1.0,1.0,1,0.5053574907461523,0.5,0.5,0.5053574907461523,0.6233455254363547,5.0,4.25,14.723012853576934,sim_input.json
95,3,2,<bidder.UniformBidder object at 0x0000028086D3F6D8>,5,True,38,7.247012743739594,3.0,3.0,1,0.75,4.25,0.0,0.0,0,0.0028248587570621595,0.0,0.0,0.0028248587570621595,0.02047178741169386,5.0,4.25,14.723012853576934,sim_input.json
95,3,2,<bidder.UniformBidder object at 0x0000028086D3F6D8>,5,True,39,3.2189910966877715,3.0,3.0,1,0.75,4.25,0.0,0.0,0,0.0,0.0,0.0,0.0,0.0,5.0,4.25,14.723012853576934,sim_input.json
95,3,2,<bidder.UniformBidder object at 0x0000028086D3F6D8>,5,True,40,7.753218136342371,4.0,4.0,0.75,0.6,4.25,0.0,0.0,0,0.008323244552058117,0.0,0.0,0.008323244552058117,0.06453193061422982,5.0,4.25,14.723012853576934,sim_input.json
95,3,2,<bidder.UniformBidder object at 0x0000028086D3F6D8>,5,True,41,4.7997916176644075,1.0,1.0,1,1,4.25,0.0,0.0,0,0.15254237288135594,0.0,0.0,0.15254237288135594,0.7321716026945707,5.0,4.25,14.723012853576934,sim_input.json
95,3,2,<bidder.UniformBidder object at 0x0000028086D3F6D8>,5,True,42,7.434272576113679,4.0,4.0,0.75,0.6,4.25,0.0,0.0,0,0.005917592051431902,0.0,0.0,0.005917592051431902,0.04399299230458848,5.0,4.25,14.723012853576934,sim_input.json
95,3,2,<bidder.UniformBidder object at 0x0000028086D3F6D8>,5,True,43,5.141859802136029,4.0,4.0,0.75,0.6,4.25,0.0,0.0,0,0.0,0.0,0.0,0.0,0.0,5.0,4.25,14.723012853576934,sim_input.json
95,3,2,<bidder.UniformBidder object at 0x0000028086D3F6D8>,5,True,44,6.713578911349173,3.0,3.0,1,0.75,4.25,0.0,0.0,0,0.010714981492304708,0.0,0.0,0.010714981492304708,0.07193587378223358,5.0,4.25,14.723012853576934,sim_input.json
95,3,2,<bidder.UniformBidder object at 0x0000028086D3F6D8>,5,True,45,7.9565744021401414,1.0,1.0,1,1,4.25,0.0,0.0,0,0.15254237288135594,0.0,0.0,0.15254237288135594,1.2137147393095131,5.0,4.25,14.723012853576934,sim_input.json
95,3,2,<bidder.UniformBidder object at 0x0000028086D3F6D8>,5,True,46,1.994479138355957,0.0,1.0,1,1,4.25,0.0,0.0,0,0.15254237288135594,0.0,0.0,0.15254237288135594,0.3042425804271799,5.0,4.25,14.723012853576934,sim_input.json
95,3,2,<bidder.UniformBidder object at 0x0000028086D3F6D8>,5,True,47,7.14282567874152,4.0,4.0,0.75,0.6,4.25,0.0,0.0,0,0.004237288135593206,0.0,0.0,0.004237288135593206,0.03026621050314193,5.0,4.25,14.723012853576934,sim_input.json
95,3,2,<bidder.UniformBidder object at 0x0000028086D3F6D8>,5,True,48,5.74540850294712,2.0,2.0,1,1,4.25,0.0,0.0,0,0.07627118644067797,0.0,0.0,0.07627118644067797,0.4382091231061363,5.0,4.25,14.723012853576934,sim_input.json
95,3,2,<bidder.UniformBidder object at 0x0000028086D3F6D8>,5,True,49,1.4684277214453978,3.0,3.0,1,0.75,4.25,0.0,0.0,0,0.007890122735242547,0.0,0.0,0.007890122735242547,0.011586074950036742,5.0,4.25,14.723012853576934,sim_input.json
95,3,2,<bidder.UniformBidder object at 0x0000028086D3F6D8>,5,True,50,5.675628464145661,1.0,1.0,1,1,4.25,0.0,0.0,0,0.15799031476997577,0.0,0.0,0.15799031476997577,0.8966943275678071,5.0,4.25,14.723012853576934,sim_input.json
95,3,2,<bidder.UniformBidder object at 0x0000028086D3F6D8>,5,True,51,1.6087138493134163,4.0,4.0,0.75,0.6,4.25,0.0,0.0,0,0.005917592051431902,0.0,0.0,0.005917592051431902,0.00951971228772549,5.0,4.25,14.723012853576934,sim_input.json
95,3,3,<bidder.IntegralGreedyBidder object at 0x0000028086D3FC88>,5,True,0,6.741544306571647,6.0,6.0,0.5,0.42857142857142855,6.75,0.0,0.0,0,0.0,0.0,0.0,0.0,0.0,8.0,6.75,1.4887947143876659,sim_input.json
95,3,3,<bidder.IntegralGreedyBidder object at 0x0000028086D3FC88>,5,True,1,0.0,1.0,1.0,1,1,6.75,0.0,0.0,0,0.0,0.0,0.0,0.0,0.0,8.0,6.75,1.4887947143876659,sim_input.json
95,3,3,<bidder.IntegralGreedyBidder object at 0x0000028086D3FC88>,5,True,2,0.032981919666189574,4.0,4.0,0.75,0.75,6.75,1.0,1.0,1,0.7222222222222222,0.75,0.7222222222222222,0.7222222222222222,0.023820275314470247,8.0,6.75,1.4887947143876659,sim_input.json
95,3,3,<bidder.IntegralGreedyBidder object at 0x0000028086D3FC88>,5,True,3,0.3876883648082703,3.0,3.0,1,0.75,6.75,0.0,0.0,0,0.0,0.0,0.0,0.0,0.0,8.0,6.75,1.4887947143876659,sim_input.json
95,3,3,<bidder.IntegralGreedyBidder object at 0x0000028086D3FC88>,5,True,4,3.7673283637432733,5.0,5.0,0.6,0.5,6.75,0.0,0.0,0,0.0,0.0,0.0,0.0,0.0,8.0,6.75,1.4887947143876659,sim_input.json
95,3,3,<bidder.IntegralGreedyBidder object at 0x0000028086D3FC88>,5,True,5,7.236949648384954,3.0,3.0,1,0.75,6.75,0.0,0.0,0,0.0,0.0,0.0,0.0,0.0,8.0,6.75,1.4887947143876659,sim_input.json
95,3,3,<bidder.IntegralGreedyBidder object at 0x0000028086D3FC88>,5,True,6,0.7835421863396062,1.0,1.0,1,1,6.75,0.0,0.0,0,0.0,0.0,0.0,0.0,0.0,8.0,6.75,1.4887947143876659,sim_input.json
95,3,3,<bidder.IntegralGreedyBidder object at 0x0000028086D3FC88>,5,True,7,2.757388239325172,3.0,3.0,1,0.75,6.75,0.0,0.0,0,0.0,0.0,0.0,0.0,0.0,8.0,6.75,1.4887947143876659,sim_input.json
95,3,3,<bidder.IntegralGreedyBidder object at 0x0000028086D3FC88>,5,True,8,1.3595409024040297,2.0,2.0,1,1,6.75,0.0,0.0,0,0.0,0.0,0.0,0.0,0.0,8.0,6.75,1.4887947143876659,sim_input.json
95,3,3,<bidder.IntegralGreedyBidder object at 0x0000028086D3FC88>,5,True,9,0.0,4.0,4.0,0.75,0.6,6.75,0.0,0.0,0,0.0,0.0,0.0,0.0,0.0,8.0,6.75,1.4887947143876659,sim_input.json
95,3,3,<bidder.IntegralGreedyBidder object at 0x0000028086D3FC88>,5,True,10,3.0550869345204603,3.0,3.0,1,0.75,6.75,0.0,0.0,0,0.0,0.0,0.0,0.0,0.0,8.0,6.75,1.4887947143876659,sim_input.json
95,3,3,<bidder.IntegralGreedyBidder object at 0x0000028086D3FC88>,5,True,11,1.267588713003254,2.0,2.0,1,1,6.75,0.0,0.0,0,0.0,0.0,0.0,0.0,0.0,8.0,6.75,1.4887947143876659,sim_input.json
95,3,3,<bidder.IntegralGreedyBidder object at 0x0000028086D3FC88>,5,True,12,5.921359754191728,3.0,3.0,1,0.75,6.75,0.0,0.0,0,0.0,0.0,0.0,0.0,0.0,8.0,6.75,1.4887947143876659,sim_input.json
95,3,3,<bidder.IntegralGreedyBidder object at 0x0000028086D3FC88>,5,True,13,0.0,6.0,6.0,0.5,0.42857142857142855,6.75,0.0,0.0,0,0.0,0.0,0.0,0.0,0.0,8.0,6.75,1.4887947143876659,sim_input.json
95,3,3,<bidder.IntegralGreedyBidder object at 0x0000028086D3FC88>,5,True,14,0.0,3.0,3.0,1,0.75,6.75,0.0,0.0,0,0.0,0.0,0.0,0.0,0.0,8.0,6.75,1.4887947143876659,sim_input.json
95,3,3,<bidder.IntegralGreedyBidder object at 0x0000028086D3FC88>,5,True,15,2.4664964029247605,3.0,3.0,1,0.75,6.75,0.0,0.0,0,0.0,0.0,0.0,0.0,0.0,8.0,6.75,1.4887947143876659,sim_input.json
95,3,3,<bidder.IntegralGreedyBidder object at 0x0000028086D3FC88>,5,True,16,0.0,3.0,3.0,1,0.75,6.75,0.0,0.0,0,0.0,0.0,0.0,0.0,0.0,8.0,6.75,1.4887947143876659,sim_input.json
95,3,3,<bidder.IntegralGreedyBidder object at 0x0000028086D3FC88>,5,True,17,1.932963352706536,4.0,4.0,0.75,0.6,6.75,0.0,0.0,0,0.0,0.0,0.0,0.0,0.0,8.0,6.75,1.4887947143876659,sim_input.json
95,3,3,<bidder.IntegralGreedyBidder object at 0x0000028086D3FC88>,5,True,18,1.66755228940045,6.0,6.0,0.5,0.42857142857142855,6.75,0.0,0.0,0,0.0,0.0,0.0,0.0,0.0,8.0,6.75,1.4887947143876659,sim_input.json
95,3,3,<bidder.IntegralGreedyBidder object at 0x0000028086D3FC88>,5,True,19,5.242637312218198,2.0,2.0,1,1,6.75,0.0,0.0,0,0.0,0.0,0.0,0.0,0.0,8.0,6.75,1.4887947143876659,sim_input.json
95,3,3,<bidder.IntegralGreedyBidder object at 0x0000028086D3FC88>,5,True,20,2.1094139100803098,1.0,1.0,1,1,6.75,0.0,0.0,0,0.0,0.0,0.0,0.0,0.0,8.0,6.75,1.4887947143876659,sim_input.json
95,3,3,<bidder.IntegralGreedyBidder object at 0x0000028086D3FC88>,5,True,21,2.971048807038738,1.0,1.0,1,1,6.75,0.0,0.0,0,0.0,0.0,0.0,0.0,0.0,8.0,6.75,1.4887947143876659,sim_input.json
95,3,3,<bidder.IntegralGreedyBidder object at 0x0000028086D3FC88>,5,True,22,4.4743523189334145,3.0,3.0,1,0.75,6.75,0.0,0.0,0,0.0,0.0,0.0,0.0,0.0,8.0,6.75,1.4887947143876659,sim_input.json
95,3,3,<bidder.IntegralGreedyBidder object at 0x0000028086D3FC88>,5,True,23,7.508557250965324,3.0,3.0,1,0.75,6.75,0.0,0.0,0,0.0,0.0,0.0,0.0,0.0,8.0,6.75,1.4887947143876659,sim_input.json
95,3,3,<bidder.IntegralGreedyBidder object at 0x0000028086D3FC88>,5,True,24,0.0,4.0,4.0,0.75,0.6,6.75,0.0,0.0,0,0.0,0.0,0.0,0.0,0.0,8.0,6.75,1.4887947143876659,sim_input.json
95,3,3,<bidder.IntegralGreedyBidder object at 0x0000028086D3FC88>,5,True,25,0.5017013674776616,2.0,2.0,1,1,6.75,1.0,1.0,1,0.9629629629629629,1.0,0.9629629629629629,0.9629629629629629,0.4831198353488593,8.0,6.75,1.4887947143876659,sim_input.json
95,3,3,<bidder.IntegralGreedyBidder object at 0x0000028086D3FC88>,5,True,26,0.0,1.0,1.0,1,1,6.75,0.0,0.0,0,0.0,0.0,0.0,0.0,0.0,8.0,6.75,1.4887947143876659,sim_input.json
95,3,3,<bidder.IntegralGreedyBidder object at 0x0000028086D3FC88>,5,True,27,0.0,0.0,0.0,1,1,6.75,0.0,0.0,0,0.0,0.0,0.0,0.0,0.0,8.0,6.75,1.4887947143876659,sim_input.json
95,3,3,<bidder.IntegralGreedyBidder object at 0x0000028086D3FC88>,5,True,28,0.0,4.0,4.0,0.75,0.6,6.75,0.0,0.0,0,0.0,0.0,0.0,0.0,0.0,8.0,6.75,1.4887947143876659,sim_input.json
95,3,3,<bidder.IntegralGreedyBidder object at 0x0000028086D3FC88>,5,True,29,0.0,3.0,3.0,1,0.75,6.75,0.0,0.0,0,0.0,0.0,0.0,0.0,0.0,8.0,6.75,1.4887947143876659,sim_input.json
95,3,3,<bidder.IntegralGreedyBidder object at 0x0000028086D3FC88>,5,True,30,0.0,4.0,4.0,0.75,0.6,6.75,0.0,0.0,0,0.0,0.0,0.0,0.0,0.0,8.0,6.75,1.4887947143876659,sim_input.json
95,3,3,<bidder.IntegralGreedyBidder object at 0x0000028086D3FC88>,5,True,31,1.189447714047669,4.0,4.0,0.75,0.6,6.75,0.0,0.0,0,0.0,0.0,0.0,0.0,0.0,8.0,6.75,1.4887947143876659,sim_input.json
95,3,3,<bidder.IntegralGreedyBidder object at 0x0000028086D3FC88>,5,True,32,0.11731771725792361,4.0,4.0,0.75,0.75,6.75,1.0,1.0,1,0.7222222222222222,0.75,0.7222222222222222,0.7222222222222222,0.08472946246405594,8.0,6.75,1.4887947143876659,sim_input.json
95,3,3,<bidder.IntegralGreedyBidder object at 0x0000028086D3FC88>,5,True,33,7.672344500198829,2.0,2.0,1,1,6.75,0.0,0.0,0,0.0,0.0,0.0,0.0,0.0,8.0,6.75,1.4887947143876659,sim_input.json
95,3,3,<bidder.IntegralGreedyBidder object at 0x0000028086D3FC88>,5,True,34,3.1879966558546418,4.0,4.0,0.75,0.6,6.75,0.0,0.0,0,0.0,0.0,0.0,0.0,0.0,8.0,6.75,1.4887947143876659,sim_input.json
95,3,3,<bidder.IntegralGreedyBidder object at 0x0000028086D3FC88>,5,True,35,0.32878322821187234,4.0,4.0,0.75,0.75,6.75,1.0,1.0,1,0.7222222222222222,0.75,0.7222222222222222,0.7222222222222222,0.23745455370857446,8.0,6.75,1.4887947143876659,sim_input.json
95,3,3,<bidder.IntegralGreedyBidder object at 0x0000028086D3FC88>,5,True,36,0.4998254028064625,3.0,3.0,1,1,6.75,1.0,1.0,1,0.9629629629629629,1.0,0.9629629629629629,0.9629629629629629,0.48131335085066757,8.0,6.75,1.4887947143876659,sim_input.json
95,3,3,<bidder.IntegralGreedyBidder object at 0x0000028086D3FC88>,5,True,37,0.8681535692194006,6.0,6.0,0.5,0.42857142857142855,6.75,0.0,0.0,0,0.0,0.0,0.0,0.0,0.0,8.0,6.75,1.4887947143876659,sim_input.json
95,3,3,<bidder.IntegralGreedyBidder object at 0x0000028086D3FC88>,5,True,38,0.07976082140304619,3.0,3.0,1,1,6.75,1.0,1.0,1,0.9629629629629629,1.0,0.9629629629629629,0.9629629629629629,0.07680671690663707,8.0,6.75,1.4887947143876659,sim_input.json
95,3,3,<bidder.IntegralGreedyBidder object at 0x0000028086D3FC88>,5,True,39,6.18171099785614,3.0,3.0,1,0.75,6.75,0.0,0.0,0,0.0,0.0,0.0,0.0,0.0,8.0,6.75,1.4887947143876659,sim_input.json
95,3,3,<bidder.IntegralGreedyBidder object at 0x0000028086D3FC88>,5,True,40,0.05923762623039952,4.0,4.0,0.75,0.75,6.75,1.0,1.0,1,0.7222222222222222,0.75,0.7222222222222222,0.7222222222222222,0.04278273005528854,8.0,6.75,1.4887947143876659,sim_input.json
95,3,3,<bidder.IntegralGreedyBidder object at 0x0000028086D3FC88>,5,True,41,1.7843369206448703,1.0,1.0,1,1,6.75,0.0,0.0,0,0.0,0.0,0.0,0.0,0.0,8.0,6.75,1.4887947143876659,sim_input.json
95,3,3,<bidder.IntegralGreedyBidder object at 0x0000028086D3FC88>,5,True,42,0.7300464727525946,4.0,4.0,0.75,0.6,6.75,0.0,0.0,0,0.0,0.0,0.0,0.0,0.0,8.0,6.75,1.4887947143876659,sim_input.json
95,3,3,<bidder.IntegralGreedyBidder object at 0x0000028086D3FC88>,5,True,43,1.5990269179440897,4.0,4.0,0.75,0.6,6.75,0.0,0.0,0,0.0,0.0,0.0,0.0,0.0,8.0,6.75,1.4887947143876659,sim_input.json
95,3,3,<bidder.IntegralGreedyBidder object at 0x0000028086D3FC88>,5,True,44,4.076616432543953,3.0,3.0,1,0.75,6.75,0.0,0.0,0,0.0,0.0,0.0,0.0,0.0,8.0,6.75,1.4887947143876659,sim_input.json
95,3,3,<bidder.IntegralGreedyBidder object at 0x0000028086D3FC88>,5,True,45,7.014439044162069,1.0,1.0,1,1,6.75,0.0,0.0,0,0.0,0.0,0.0,0.0,0.0,8.0,6.75,1.4887947143876659,sim_input.json
95,3,3,<bidder.IntegralGreedyBidder object at 0x0000028086D3FC88>,5,True,46,1.4990991577913115,0.0,1.0,1,1,6.75,0.0,0.0,0,0.0,0.0,0.0,0.0,0.0,8.0,6.75,1.4887947143876659,sim_input.json
95,3,3,<bidder.IntegralGreedyBidder object at 0x0000028086D3FC88>,5,True,47,0.0813707857926178,4.0,4.0,0.75,0.75,6.75,1.0,1.0,1,0.7222222222222222,0.75,0.7222222222222222,0.7222222222222222,0.05876778973911286,8.0,6.75,1.4887947143876659,sim_input.json
95,3,3,<bidder.IntegralGreedyBidder object at 0x0000028086D3FC88>,5,True,48,3.329135984266615,2.0,2.0,1,1,6.75,0.0,0.0,0,0.0,0.0,0.0,0.0,0.0,8.0,6.75,1.4887947143876659,sim_input.json
95,3,3,<bidder.IntegralGreedyBidder object at 0x0000028086D3FC88>,5,True,49,1.135540128143338,3.0,3.0,1,0.75,6.75,0.0,0.0,0,0.0,0.0,0.0,0.0,0.0,8.0,6.75,1.4887947143876659,sim_input.json
95,3,3,<bidder.IntegralGreedyBidder object at 0x0000028086D3FC88>,5,True,50,0.6417983820974061,1.0,1.0,1,1,6.75,0.0,0.0,0,0.0,0.0,0.0,0.0,0.0,8.0,6.75,1.4887947143876659,sim_input.json
95,3,3,<bidder.IntegralGreedyBidder object at 0x0000028086D3FC88>,5,True,51,1.7518865437856985,4.0,4.0,0.75,0.6,6.75,0.0,0.0,0,0.0,0.0,0.0,0.0,0.0,8.0,6.75,1.4887947143876659,sim_input.json
95,3,4,<bidder.IntegralGreedyBidder object at 0x0000028086D3FC18>,5,True,0,1.0135057376175625,6.0,6.0,0.5,0.5,5.35,1.0,1.0,1,0.5013922518159806,0.5,0.5,0.5013922518159806,0.508163924012486,7.0,5.35,9.296368977079533,sim_input.json
95,3,4,<bidder.IntegralGreedyBidder object at 0x0000028086D3FC18>,5,True,1,5.850381682740632,1.0,1.0,1,1,5.35,0.0,0.0,0,0.08199883109292813,0.0,0.0,0.08199883109292813,0.4797244594322097,7.0,5.35,9.296368977079533,sim_input.json
95,3,4,<bidder.IntegralGreedyBidder object at 0x0000028086D3FC18>,5,True,2,1.548459233296428,4.0,4.0,0.75,0.6,5.35,0.0,0.0,0,0.0031712402475114407,0.0,0.0,0.0031712402475114407,0.00491053624226034,7.0,5.35,9.296368977079533,sim_input.json
95,3,4,<bidder.IntegralGreedyBidder object at 0x0000028086D3FC18>,5,True,3,7.814663968939427,3.0,3.0,1,0.75,5.35,0.0,0.0,0,0.0,0.0,0.0,0.0,0.0,7.0,5.35,9.296368977079533,sim_input.json
95,3,4,<bidder.IntegralGreedyBidder object at 0x0000028086D3FC18>,5,True,4,0.13977371206374045,5.0,5.0,0.6,0.6,5.35,1.0,1.0,1,0.6,0.6,0.6,0.6,0.08386422723824427,7.0,5.35,9.296368977079533,sim_input.json
95,3,4,<bidder.IntegralGreedyBidder object at 0x0000028086D3FC18>,5,True,5,0.6281092382274119,3.0,3.0,1,1,5.35,1.0,1.0,1,1.0,1.0,1.0,1.0,0.6281092382274119,7.0,5.35,9.296368977079533,sim_input.json
95,3,4,<bidder.IntegralGreedyBidder object at 0x0000028086D3FC18>,5,True,6,4.636728561910443,1.0,1.0,1,1,5.35,0.0,0.0,0,0.07940991839296926,0.0,0.0,0.07940991839296926,0.368202236711658,7.0,5.35,9.296368977079533,sim_input.json
95,3,4,<bidder.IntegralGreedyBidder object at 0x0000028086D3FC18>,5,True,7,4.865264114947292,3.0,3.0,1,0.75,5.35,0.0,0.0,0,0.0,0.0,0.0,0.0,0.0,7.0,5.35,9.296368977079533,sim_input.json
95,3,4,<bidder.IntegralGreedyBidder object at 0x0000028086D3FC18>,5,True,8,2.656699629470654,2.0,2.0,1,1,5.35,0.0,0.0,0,0.03898305084745764,0.0,0.0,0.03898305084745764,0.10356625674207637,7.0,5.35,9.296368977079533,sim_input.json
95,3,4,<bidder.IntegralGreedyBidder object at 0x0000028086D3FC18>,5,True,9,7.4749301932613585,4.0,4.0,0.75,0.6,5.35,0.0,0.0,0,0.0020883777239709546,0.0,0.0,0.0020883777239709546,0.015610477703844924,7.0,5.35,9.296368977079533,sim_input.json
95,3,4,<bidder.IntegralGreedyBidder object at 0x0000028086D3FC18>,5,True,10,0.7943379889738635,3.0,3.0,1,1,5.35,1.0,1.0,1,1.0,1.0,1.0,1.0,0.7943379889738635,7.0,5.35,9.296368977079533,sim_input.json
95,3,4,<bidder.IntegralGreedyBidder object at 0x0000028086D3FC18>,5,True,11,2.754086332821963,2.0,2.0,1,1,5.35,0.0,0.0,0,0.0417675544794189,0.0,0.0,0.0417675544794189,0.11503145094716434,7.0,5.35,9.296368977079533,sim_input.json
95,3,4,<bidder.IntegralGreedyBidder object at 0x0000028086D3FC18>,5,True,12,2.1746852372898733,3.0,3.0,1,0.75,5.35,0.0,0.0,0,0.00278450363196125,0.0,0.0,0.00278450363196125,0.006055418941606165,7.0,5.35,9.296368977079533,sim_input.json
95,3,4,<bidder.IntegralGreedyBidder object at 0x0000028086D3FC18>,5,True,13,6.561020108527495,6.0,6.0,0.5,0.42857142857142855,5.35,0.0,0.0,0,0.001443816698053993,0.0,0.0,0.001443816698053993,0.009472910388960018,7.0,5.35,9.296368977079533,sim_input.json
95,3,4,<bidder.IntegralGreedyBidder object at 0x0000028086D3FC18>,5,True,14,2.643292972546533,3.0,3.0,1,0.75,5.35,0.0,0.0,0,0.001443816698053993,0.0,0.0,0.001443816698053993,0.003816430531611459,7.0,5.35,9.296368977079533,sim_input.json
95,3,4,<bidder.IntegralGreedyBidder object at 0x0000028086D3FC18>,5,True,15,6.418369464729285,3.0,3.0,1,0.75,5.35,0.0,0.0,0,0.00278450363196125,0.0,0.0,0.00278450363196125,0.017871973085807877,7.0,5.35,9.296368977079533,sim_input.json
95,3,4,<bidder.IntegralGreedyBidder object at 0x0000028086D3FC18>,5,True,16,1.1419718812212252,3.0,3.0,1,1,5.35,1.0,1.0,1,1.0,1.0,1.0,1.0,1.1419718812212252,7.0,5.35,9.296368977079533,sim_input.json
95,3,4,<bidder.IntegralGreedyBidder object at 0x0000028086D3FC18>,5,True,17,3.167515695247708,4.0,4.0,0.75,0.6,5.35,0.0,0.0,0,0.007278649819561566,0.0,0.0,0.007278649819561566,0.023055237543673158,7.0,5.35,9.296368977079533,sim_input.json
95,3,4,<bidder.IntegralGreedyBidder object at 0x0000028086D3FC18>,5,True,18,0.18690109386217035,6.0,6.0,0.5,0.5,5.35,1.0,1.0,1,0.5048008683309677,0.5,0.5,0.5048008683309677,0.09434783447363129,7.0,5.35,9.296368977079533,sim_input.json
95,3,4,<bidder.IntegralGreedyBidder object at 0x0000028086D3FC18>,5,True,19,6.393240997340507,2.0,2.0,1,1,5.35,0.0,0.0,0,0.03898305084745764,0.0,0.0,0.03898305084745764,0.24922803887937575,7.0,5.35,9.296368977079533,sim_input.json
95,3,4,<bidder.IntegralGreedyBidder object at 0x0000028086D3FC18>,5,True,20,6.954076575259914,1.0,1.0,1,1,5.35,0.0,0.0,0,0.07796610169491527,0.0,0.0,0.07796610169491527,0.5421822414609426,7.0,5.35,9.296368977079533,sim_input.json
95,3,4,<bidder.IntegralGreedyBidder object at 0x0000028086D3FC18>,5,True,21,2.2358821598848087,1.0,1.0,1,1,5.35,0.0,0.0,0,0.07796610169491527,0.0,0.0,0.07796610169491527,0.1743230158554258,7.0,5.35,9.296368977079533,sim_input.json
95,3,4,<bidder.IntegralGreedyBidder object at 0x0000028086D3FC18>,5,True,22,1.6558041015218743,3.0,3.0,1,0.75,5.35,0.0,0.0,0,0.006817233029974125,0.0,0.0,0.006817233029974125,0.011288002412061552,7.0,5.35,9.296368977079533,sim_input.json
95,3,4,<bidder.IntegralGreedyBidder object at 0x0000028086D3FC18>,5,True,23,5.858794660851899,3.0,3.0,1,0.75,5.35,0.0,0.0,0,0.00278450363196125,0.0,0.0,0.00278450363196125,0.016313835012057295,7.0,5.35,9.296368977079533,sim_input.json
95,3,4,<bidder.IntegralGreedyBidder object at 0x0000028086D3FC18>,5,True,24,2.8153860855088597,4.0,4.0,0.75,0.6,5.35,0.0,0.0,0,0.0010828625235404861,0.0,0.0,0.0010828625235404861,0.0030486760812948946,7.0,5.35,9.296368977079533,sim_input.json
95,3,4,<bidder.IntegralGreedyBidder object at 0x0000028086D3FC18>,5,True,25,4.8512376611201296,2.0,2.0,1,1,5.35,0.0,0.0,0,0.04042686754551163,0.0,0.0,0.04042686754551163,0.1961203423579011,7.0,5.35,9.296368977079533,sim_input.json
95,3,4,<bidder.IntegralGreedyBidder object at 0x0000028086D3FC18>,5,True,26,5.243695618972653,1.0,1.0,1,1,5.35,0.0,0.0,0,0.07796610169491527,0.0,0.0,0.07796610169491527,0.40883050588600356,7.0,5.35,9.296368977079533,sim_input.json
95,3,4,<bidder.IntegralGreedyBidder object at 0x0000028086D3FC18>,5,True,27,2.9320149071084463,0.0,0.0,1,1,5.35,0.0,0.0,0,0.11694915254237291,0.0,0.0,0.11694915254237291,0.342896658627937,7.0,5.35,9.296368977079533,sim_input.json
95,3,4,<bidder.IntegralGreedyBidder object at 0x0000028086D3FC18>,5,True,28,2.7548681425444075,4.0,4.0,0.75,0.6,5.35,0.0,0.0,0,0.0031712402475114407,0.0,0.0,0.0031712402475114407,0.008736348730223909,7.0,5.35,9.296368977079533,sim_input.json
95,3,4,<bidder.IntegralGreedyBidder object at 0x0000028086D3FC18>,5,True,29,7.081413686691462,3.0,3.0,1,0.75,5.35,0.0,0.0,0,0.001443816698053993,0.0,0.0,0.001443816698053993,0.01022426332667322,7.0,5.35,9.296368977079533,sim_input.json
95,3,4,<bidder.IntegralGreedyBidder object at 0x0000028086D3FC18>,5,True,30,2.5607042941407734,4.0,4.0,0.75,0.6,5.35,0.0,0.0,0,0.0010828625235404861,0.0,0.0,0.0010828625235404861,0.002772890713994237,7.0,5.35,9.296368977079533,sim_input.json
95,3,4,<bidder.IntegralGreedyBidder object at 0x0000028086D3FC18>,5,True,31,2.4314870508931516,4.0,4.0,0.75,0.6,5.35,0.0,0.0,0,0.0,0.0,0.0,0.0,0.0,7.0,5.35,9.296368977079533,sim_input.json
95,3,4,<bidder.IntegralGreedyBidder object at 0x0000028086D3FC18>,5,True,32,1.904593736409363,4.0,4.0,0.75,0.6,5.35,0.0,0.0,0,0.0021657250470809722,0.0,0.0,0.0021657250470809722,0.004124826359455293,7.0,5.35,9.296368977079533,sim_input.json
95,3,4,<bidder.IntegralGreedyBidder object at 0x0000028086D3FC18>,5,True,33,5.37007259264627,2.0,2.0,1,1,5.35,0.0,0.0,0,0.03898305084745764,0.0,0.0,0.03898305084745764,0.20934181293366821,7.0,5.35,9.296368977079533,sim_input.json
95,3,4,<bidder.IntegralGreedyBidder object at 0x0000028086D3FC18>,5,True,34,3.218045110988003,4.0,4.0,0.75,0.6,5.35,0.0,0.0,0,0.0,0.0,0.0,0.0,0.0,7.0,5.35,9.296368977079533,sim_input.json
95,3,4,<bidder.IntegralGreedyBidder object at 0x0000028086D3FC18>,5,True,35,2.9336809804496182,4.0,4.0,0.75,0.6,5.35,0.0,0.0,0,0.0031712402475114407,0.0,0.0,0.0031712402475114407,0.009303407198560654,7.0,5.35,9.296368977079533,sim_input.json
95,3,4,<bidder.IntegralGreedyBidder object at 0x0000028086D3FC18>,5,True,36,2.2510355140447142,3.0,3.0,1,0.75,5.35,0.0,0.0,0,0.004331450094161962,0.0,0.0,0.004331450094161962,0.009750247989270898,7.0,5.35,9.296368977079533,sim_input.json
95,3,4,<bidder.IntegralGreedyBidder object at 0x0000028086D3FC18>,5,True,37,5.838284291507506,6.0,6.0,0.5,0.42857142857142855,5.35,0.0,0.0,0,0.0027382730480334343,0.0,0.0,0.0027382730480334343,0.015986816522191978,7.0,5.35,9.296368977079533,sim_input.json
95,3,4,<bidder.IntegralGreedyBidder object at 0x0000028086D3FC18>,5,True,38,6.48898320614098,3.0,3.0,1,0.75,5.35,0.0,0.0,0,0.001443816698053993,0.0,0.0,0.001443816698053993,0.009368902306418283,7.0,5.35,9.296368977079533,sim_input.json
95,3,4,<bidder.IntegralGreedyBidder object at 0x0000028086D3FC18>,5,True,39,3.7153282775882426,3.0,3.0,1,0.75,5.35,0.0,0.0,0,0.0,0.0,0.0,0.0,0.0,7.0,5.35,9.296368977079533,sim_input.json
95,3,4,<bidder.IntegralGreedyBidder object at 0x0000028086D3FC18>,5,True,40,7.744860470938704,4.0,4.0,0.75,0.6,5.35,0.0,0.0,0,0.004254102771051927,0.0,0.0,0.004254102771051927,0.03294743239083087,7.0,5.35,9.296368977079533,sim_input.json
95,3,4,<bidder.IntegralGreedyBidder object at 0x0000028086D3FC18>,5,True,41,7.10387395394767,1.0,1.0,1,1,5.35,0.0,0.0,0,0.07796610169491527,0.0,0.0,0.07796610169491527,0.5538613591213439,7.0,5.35,9.296368977079533,sim_input.json
95,3,4,<bidder.IntegralGreedyBidder object at 0x0000028086D3FC18>,5,True,42,7.231438964259559,4.0,4.0,0.75,0.6,5.35,0.0,0.0,0,0.0030245470485096393,0.0,0.0,0.0030245470485096393,0.02187182737582885,7.0,5.35,9.296368977079533,sim_input.json
95,3,4,<bidder.IntegralGreedyBidder object at 0x0000028086D3FC18>,5,True,43,5.951084944240083,4.0,4.0,0.75,0.6,5.35,0.0,0.0,0,0.0,0.0,0.0,0.0,0.0,7.0,5.35,9.296368977079533,sim_input.json
95,3,4,<bidder.IntegralGreedyBidder object at 0x0000028086D3FC18>,5,True,44,5.399200740117754,3.0,3.0,1,0.75,5.35,0.0,0.0,0,0.005476546096066851,0.0,0.0,0.005476546096066851,0.02956897173517314,7.0,5.35,9.296368977079533,sim_input.json
95,3,4,<bidder.IntegralGreedyBidder object at 0x0000028086D3FC18>,5,True,45,4.8634449998191895,1.0,1.0,1,1,5.35,0.0,0.0,0,0.07796610169491527,0.0,0.0,0.07796610169491527,0.3791838474435301,7.0,5.35,9.296368977079533,sim_input.json
95,3,4,<bidder.IntegralGreedyBidder object at 0x0000028086D3FC18>,5,True,46,4.8511827475052085,0.0,1.0,1,1,5.35,0.0,0.0,0,0.07796610169491527,0.0,0.0,0.07796610169491527,0.3782278074326096,7.0,5.35,9.296368977079533,sim_input.json
95,3,4,<bidder.IntegralGreedyBidder object at 0x0000028086D3FC18>,5,True,47,1.6553284617285122,4.0,4.0,0.75,0.6,5.35,0.0,0.0,0,0.0021657250470809722,0.0,0.0,0.0021657250470809722,0.0035849863107114553,7.0,5.35,9.296368977079533,sim_input.json
95,3,4,<bidder.IntegralGreedyBidder object at 0x0000028086D3FC18>,5,True,48,6.592341936800601,2.0,2.0,1,1,5.35,0.0,0.0,0,0.03898305084745764,0.0,0.0,0.03898305084745764,0.25698960092612516,7.0,5.35,9.296368977079533,sim_input.json
95,3,4,<bidder.IntegralGreedyBidder object at 0x0000028086D3FC18>,5,True,49,3.638223897560707,3.0,3.0,1,0.75,5.35,0.0,0.0,0,0.0040327293980128584,0.0,0.0,0.0040327293980128584,0.014671972468245986,7.0,5.35,9.296368977079533,sim_input.json
95,3,4,<bidder.IntegralGreedyBidder object at 0x0000028086D3FC18>,5,True,50,7.294821838878862,1.0,1.0,1,1,5.35,0.0,0.0,0,0.08075060532687653,0.0,0.0,0.08075060532687653,0.5890612792411867,7.0,5.35,9.296368977079533,sim_input.json
95,3,4,<bidder.IntegralGreedyBidder object at 0x0000028086D3FC18>,5,True,51,0.5503759195994135,4.0,4.0,0.75,0.75,5.35,1.0,1.0,1,0.7530245470485096,0.75,0.75,0.7530245470485096,0.41444657756275527,7.0,5.35,9.296368977079533,sim_input.json
95,3,5,<bidder.UniformBidder object at 0x0000028086D3F4A8>,5,True,0,0.18368193926799636,6.0,6.0,0.5,0.5,3.75,1.0,1.0,1,0.5033292978208233,0.5,0.5,0.5033292978208233,0.0924525015141277,5.0,3.75,13.768918184856707,sim_input.json
95,3,5,<bidder.UniformBidder object at 0x0000028086D3F4A8>,5,True,1,5.265467012804321,1.0,1.0,1,1,3.75,0.0,0.0,0,0.19608416130917591,0.0,0.0,0.19608416130917591,1.0324746831068672,5.0,3.75,13.768918184856707,sim_input.json
95,3,5,<bidder.UniformBidder object at 0x0000028086D3F4A8>,5,True,2,1.6521816394467908,4.0,4.0,0.75,0.6,3.75,0.0,0.0,0,0.007583400591875183,0.0,0.0,0.007583400591875183,0.012529155222466103,5.0,3.75,13.768918184856707,sim_input.json
95,3,5,<bidder.UniformBidder object at 0x0000028086D3F4A8>,5,True,3,1.8984128859514506,3.0,3.0,1,0.75,3.75,0.0,0.0,0,0.0,0.0,0.0,0.0,0.0,5.0,3.75,13.768918184856707,sim_input.json
95,3,5,<bidder.UniformBidder object at 0x0000028086D3F4A8>,5,True,4,1.5928006711185954,5.0,5.0,0.6,0.5,3.75,0.0,0.0,0,0.0,0.0,0.0,0.0,0.0,5.0,3.75,13.768918184856707,sim_input.json
95,3,5,<bidder.UniformBidder object at 0x0000028086D3F4A8>,5,True,5,4.910524642025561,3.0,3.0,1,0.75,3.75,0.0,0.0,0,0.006658595641646466,0.0,0.0,0.006658595641646466,0.03269719797958898,5.0,3.75,13.768918184856707,sim_input.json
95,3,5,<bidder.UniformBidder object at 0x0000028086D3F4A8>,5,True,6,5.851221219861574,1.0,1.0,1,1,3.75,0.0,0.0,0,0.1898932831136221,0.0,0.0,0.1898932831136221,1.1111076076636073,5.0,3.75,13.768918184856707,sim_input.json
95,3,5,<bidder.UniformBidder object at 0x0000028086D3F4A8>,5,True,7,2.425461708816071,3.0,3.0,1,0.75,3.75,0.0,0.0,0,0.0,0.0,0.0,0.0,0.0,5.0,3.75,13.768918184856707,sim_input.json
95,3,5,<bidder.UniformBidder object at 0x0000028086D3F4A8>,5,True,8,0.3917863648925538,2.0,2.0,1,1,3.75,1.0,1.0,1,1.0,1.0,1.0,1.0,0.3917863648925538,5.0,3.75,13.768918184856707,sim_input.json
95,3,5,<bidder.UniformBidder object at 0x0000028086D3F4A8>,5,True,9,0.9732976995381614,4.0,4.0,0.75,0.6,3.75,0.0,0.0,0,0.00499394673123489,0.0,0.0,0.00499394673123489,0.0048605968651270395,5.0,3.75,13.768918184856707,sim_input.json
95,3,5,<bidder.UniformBidder object at 0x0000028086D3F4A8>,5,True,10,4.502108511790775,3.0,3.0,1,0.75,3.75,0.0,0.0,0,0.006658595641646466,0.0,0.0,0.006658595641646466,0.02997772011482951,5.0,3.75,13.768918184856707,sim_input.json
95,3,5,<bidder.UniformBidder object at 0x0000028086D3F4A8>,5,True,11,6.501752943670571,2.0,2.0,1,1,3.75,0.0,0.0,0,0.09987893462469734,0.0,0.0,0.09987893462469734,0.6493881572068064,5.0,3.75,13.768918184856707,sim_input.json
95,3,5,<bidder.UniformBidder object at 0x0000028086D3F4A8>,5,True,12,5.693742696449023,3.0,3.0,1,0.75,3.75,0.0,0.0,0,0.006658595641646466,0.0,0.0,0.006658595641646466,0.037912330303231864,5.0,3.75,13.768918184856707,sim_input.json
95,3,5,<bidder.UniformBidder object at 0x0000028086D3F4A8>,5,True,13,4.612054077377796,6.0,6.0,0.5,0.42857142857142855,3.75,0.0,0.0,0,0.003452605147520417,0.0,0.0,0.003452605147520417,0.015923601648197106,5.0,3.75,13.768918184856707,sim_input.json
95,3,5,<bidder.UniformBidder object at 0x0000028086D3F4A8>,5,True,14,6.885860304604163,3.0,3.0,1,0.75,3.75,0.0,0.0,0,0.003452605147520417,0.0,0.0,0.003452605147520417,0.02377415673278284,5.0,3.75,13.768918184856707,sim_input.json
95,3,5,<bidder.UniformBidder object at 0x0000028086D3F4A8>,5,True,15,3.163271739340688,3.0,3.0,1,0.75,3.75,0.0,0.0,0,0.006658595641646466,0.0,0.0,0.006658595641646466,0.021062947416917343,5.0,3.75,13.768918184856707,sim_input.json
95,3,5,<bidder.UniformBidder object at 0x0000028086D3F4A8>,5,True,16,6.073940278733316,3.0,3.0,1,0.75,3.75,0.0,0.0,0,0.0,0.0,0.0,0.0,0.0,5.0,3.75,13.768918184856707,sim_input.json
95,3,5,<bidder.UniformBidder object at 0x0000028086D3F4A8>,5,True,17,0.8631078181268228,4.0,4.0,0.75,0.6,3.75,0.0,0.0,0,0.017405466959821134,0.0,0.0,0.017405466959821134,0.015022794611169723,5.0,3.75,13.768918184856707,sim_input.json
95,3,5,<bidder.UniformBidder object at 0x0000028086D3F4A8>,5,True,18,4.565711890652305,6.0,6.0,0.5,0.42857142857142855,3.75,0.0,0.0,0,0.011480337313183599,0.0,0.0,0.011480337313183599,0.05241591257950169,5.0,3.75,13.768918184856707,sim_input.json
95,3,5,<bidder.UniformBidder object at 0x0000028086D3F4A8>,5,True,19,1.770169100842498,2.0,2.0,1,1,3.75,0.0,0.0,0,0.09322033898305085,0.0,0.0,0.09322033898305085,0.16501576363786,5.0,3.75,13.768918184856707,sim_input.json
95,3,5,<bidder.UniformBidder object at 0x0000028086D3F4A8>,5,True,20,2.9082035739053516,1.0,1.0,1,1,3.75,0.0,0.0,0,0.1864406779661017,0.0,0.0,0.1864406779661017,0.5422074459823537,5.0,3.75,13.768918184856707,sim_input.json
95,3,5,<bidder.UniformBidder object at 0x0000028086D3F4A8>,5,True,21,6.1801628805591955,1.0,1.0,1,1,3.75,0.0,0.0,0,0.1864406779661017,0.0,0.0,0.1864406779661017,1.1522337573923924,5.0,3.75,13.768918184856707,sim_input.json
95,3,5,<bidder.UniformBidder object at 0x0000028086D3F4A8>,5,True,22,1.9585843281420683,3.0,3.0,1,0.75,3.75,0.0,0.0,0,0.01630207898472073,0.0,0.0,0.01630207898472073,0.03192899641560818,5.0,3.75,13.768918184856707,sim_input.json
95,3,5,<bidder.UniformBidder object at 0x0000028086D3F4A8>,5,True,23,2.186930655782076,3.0,3.0,1,0.75,3.75,0.0,0.0,0,0.006658595641646466,0.0,0.0,0.006658595641646466,0.014561886933173578,5.0,3.75,13.768918184856707,sim_input.json
95,3,5,<bidder.UniformBidder object at 0x0000028086D3F4A8>,5,True,24,0.6889675214134975,4.0,4.0,0.75,0.75,3.75,1.0,1.0,1,0.7525894538606402,0.75,0.75,0.7525894538606402,0.518509690668303,5.0,3.75,13.768918184856707,sim_input.json
95,3,5,<bidder.UniformBidder object at 0x0000028086D3F4A8>,5,True,25,5.4120826711437955,2.0,2.0,1,1,3.75,0.0,0.0,0,0.09667294413057127,0.0,0.0,0.09667294413057127,0.5232019656975171,5.0,3.75,13.768918184856707,sim_input.json
95,3,5,<bidder.UniformBidder object at 0x0000028086D3F4A8>,5,True,26,2.3932979734301014,1.0,1.0,1,1,3.75,0.0,0.0,0,0.1864406779661017,0.0,0.0,0.1864406779661017,0.4462080967412054,5.0,3.75,13.768918184856707,sim_input.json
95,3,5,<bidder.UniformBidder object at 0x0000028086D3F4A8>,5,True,27,3.190986983065244,0.0,0.0,1,1,3.75,0.0,0.0,0,0.2796610169491526,0.0,0.0,0.2796610169491526,0.8923946647555344,5.0,3.75,13.768918184856707,sim_input.json
95,3,5,<bidder.UniformBidder object at 0x0000028086D3F4A8>,5,True,28,1.071064716752674,4.0,4.0,0.75,0.6,3.75,0.0,0.0,0,0.007583400591875183,0.0,0.0,0.007583400591875183,0.008122312806958852,5.0,3.75,13.768918184856707,sim_input.json
95,3,5,<bidder.UniformBidder object at 0x0000028086D3F4A8>,5,True,29,2.8096323635982143,3.0,3.0,1,0.75,3.75,0.0,0.0,0,0.003452605147520417,0.0,0.0,0.003452605147520417,0.009700551161199151,5.0,3.75,13.768918184856707,sim_input.json
95,3,5,<bidder.UniformBidder object at 0x0000028086D3F4A8>,5,True,30,3.1358007272200465,4.0,4.0,0.75,0.6,3.75,0.0,0.0,0,0.0025894538606402923,0.0,0.0,0.0025894538606402923,0.008120011299298586,5.0,3.75,13.768918184856707,sim_input.json
95,3,5,<bidder.UniformBidder object at 0x0000028086D3F4A8>,5,True,31,4.567337008594841,4.0,4.0,0.75,0.6,3.75,0.0,0.0,0,0.0,0.0,0.0,0.0,0.0,5.0,3.75,13.768918184856707,sim_input.json
95,3,5,<bidder.UniformBidder object at 0x0000028086D3F4A8>,5,True,32,4.016941760336675,4.0,4.0,0.75,0.6,3.75,0.0,0.0,0,0.005178907721280585,0.0,0.0,0.005178907721280585,0.020803370698542028,5.0,3.75,13.768918184856707,sim_input.json
95,3,5,<bidder.UniformBidder object at 0x0000028086D3F4A8>,5,True,33,3.5932248959184614,2.0,2.0,1,1,3.75,0.0,0.0,0,0.09322033898305085,0.0,0.0,0.09322033898305085,0.3349616428398566,5.0,3.75,13.768918184856707,sim_input.json
95,3,5,<bidder.UniformBidder object at 0x0000028086D3F4A8>,5,True,34,1.2950435601295696,4.0,4.0,0.75,0.6,3.75,0.0,0.0,0,0.0,0.0,0.0,0.0,0.0,5.0,3.75,13.768918184856707,sim_input.json
95,3,5,<bidder.UniformBidder object at 0x0000028086D3F4A8>,5,True,35,7.575054604078642,4.0,4.0,0.75,0.6,3.75,0.0,0.0,0,0.007583400591875183,0.0,0.0,0.007583400591875183,0.057444673568056805,5.0,3.75,13.768918184856707,sim_input.json
95,3,5,<bidder.UniformBidder object at 0x0000028086D3F4A8>,5,True,36,4.087782218974354,3.0,3.0,1,0.75,3.75,0.0,0.0,0,0.01035781544256121,0.0,0.0,0.01035781544256121,0.04234049379351969,5.0,3.75,13.768918184856707,sim_input.json
95,3,5,<bidder.UniformBidder object at 0x0000028086D3F4A8>,5,True,37,0.6180527959613906,6.0,6.0,0.5,0.5,3.75,1.0,1.0,1,0.5065480442452973,0.5,0.5,0.5065480442452973,0.3130734350345802,5.0,3.75,13.768918184856707,sim_input.json
95,3,5,<bidder.UniformBidder object at 0x0000028086D3F4A8>,5,True,38,6.13689495791064,3.0,3.0,1,0.75,3.75,0.0,0.0,0,0.003452605147520417,0.0,0.0,0.003452605147520417,0.021188275121474368,5.0,3.75,13.768918184856707,sim_input.json
95,3,5,<bidder.UniformBidder object at 0x0000028086D3F4A8>,5,True,39,1.3509383186214396,3.0,3.0,1,0.75,3.75,0.0,0.0,0,0.0,0.0,0.0,0.0,0.0,5.0,3.75,13.768918184856707,sim_input.json
95,3,5,<bidder.UniformBidder object at 0x0000028086D3F4A8>,5,True,40,4.68706292024865,4.0,4.0,0.75,0.6,3.75,0.0,0.0,0,0.010172854452515475,0.0,0.0,0.010172854452515475,0.047680808897471665,5.0,3.75,13.768918184856707,sim_input.json
95,3,5,<bidder.UniformBidder object at 0x0000028086D3F4A8>,5,True,41,7.824217270358661,1.0,1.0,1,1,3.75,0.0,0.0,0,0.1864406779661017,0.0,0.0,0.1864406779661017,1.4587523724397504,5.0,3.75,13.768918184856707,sim_input.json
95,3,5,<bidder.UniformBidder object at 0x0000028086D3F4A8>,5,True,42,6.972410195114083,4.0,4.0,0.75,0.6,3.75,0.0,0.0,0,0.007232612507305658,0.0,0.0,0.007232612507305658,0.0504287411832476,5.0,3.75,13.768918184856707,sim_input.json
95,3,5,<bidder.UniformBidder object at 0x0000028086D3F4A8>,5,True,43,3.5161361656704937,4.0,4.0,0.75,0.6,3.75,0.0,0.0,0,0.0,0.0,0.0,0.0,0.0,5.0,3.75,13.768918184856707,sim_input.json
95,3,5,<bidder.UniformBidder object at 0x0000028086D3F4A8>,5,True,44,5.399227862430765,3.0,3.0,1,0.75,3.75,0.0,0.0,0,0.013096088490594642,0.0,0.0,0.013096088490594642,0.07070876586727745,5.0,3.75,13.768918184856707,sim_input.json
95,3,5,<bidder.UniformBidder object at 0x0000028086D3F4A8>,5,True,45,6.469284010931048,1.0,1.0,1,1,3.75,0.0,0.0,0,0.1864406779661017,0.0,0.0,0.1864406779661017,1.2061376969532462,5.0,3.75,13.768918184856707,sim_input.json
95,3,5,<bidder.UniformBidder object at 0x0000028086D3F4A8>,5,True,46,3.5217855457309684,0.0,1.0,1,1,3.75,0.0,0.0,0,0.1864406779661017,0.0,0.0,0.1864406779661017,0.6566040847972991,5.0,3.75,13.768918184856707,sim_input.json
95,3,5,<bidder.UniformBidder object at 0x0000028086D3F4A8>,5,True,47,2.485296965769141,4.0,4.0,0.75,0.6,3.75,0.0,0.0,0,0.005178907721280585,0.0,0.0,0.005178907721280585,0.012871123645697013,5.0,3.75,13.768918184856707,sim_input.json
95,3,5,<bidder.UniformBidder object at 0x0000028086D3F4A8>,5,True,48,0.18033560900011292,2.0,2.0,1,1,3.75,1.0,1.0,1,1.0,1.0,1.0,1.0,0.18033560900011292,5.0,3.75,13.768918184856707,sim_input.json
95,3,5,<bidder.UniformBidder object at 0x0000028086D3F4A8>,5,True,49,1.0123701436986718,3.0,3.0,1,0.75,3.75,0.0,0.0,0,0.009643483343074225,0.0,0.0,0.009643483343074225,0.009762774617783802,5.0,3.75,13.768918184856707,sim_input.json
95,3,5,<bidder.UniformBidder object at 0x0000028086D3F4A8>,5,True,50,7.348536154903912,1.0,1.0,1,1,3.75,0.0,0.0,0,0.19309927360774817,0.0,0.0,0.19309927360774817,1.4189969935922202,5.0,3.75,13.768918184856707,sim_input.json
95,3,5,<bidder.UniformBidder object at 0x0000028086D3F4A8>,5,True,51,4.318833813623868,4.0,4.0,0.75,0.6,3.75,0.0,0.0,0,0.007232612507305658,0.0,0.0,0.007232612507305658,0.031236451457390582,5.0,3.75,13.768918184856707,sim_input.json
95,3,6,<bidder.UniformBidder object at 0x0000028086D3F5F8>,5,True,0,1.1664227615704832,6.0,6.0,0.5,0.42857142857142855,4.0,0.0,0.0,0,0.003026634382566575,0.0,0.0,0.003026634382566575,0.0035303352347774786,5.0,4.0,11.642714061171914,sim_input.json
95,3,6,<bidder.UniformBidder object at 0x0000028086D3F5F8>,5,True,1,5.8006645273076485,1.0,1.0,1,1,4.0,0.0,0.0,0,0.1782583284628872,0.0,0.0,0.1782583284628872,1.034016762611825,5.0,4.0,11.642714061171914,sim_input.json
95,3,6,<bidder.UniformBidder object at 0x0000028086D3F5F8>,5,True,2,1.5271983683736994,4.0,4.0,0.75,0.6,4.0,0.0,0.0,0,0.006894000538068348,0.0,0.0,0.006894000538068348,0.010528506373305387,5.0,4.0,11.642714061171914,sim_input.json
95,3,6,<bidder.UniformBidder object at 0x0000028086D3F5F8>,5,True,3,1.1831811687608722,3.0,3.0,1,0.75,4.0,0.0,0.0,0,0.0,0.0,0.0,0.0,0.0,5.0,4.0,11.642714061171914,sim_input.json
95,3,6,<bidder.UniformBidder object at 0x0000028086D3F5F8>,5,True,4,1.3692115498337063,5.0,5.0,0.6,0.5,4.0,0.0,0.0,0,0.0,0.0,0.0,0.0,0.0,5.0,4.0,11.642714061171914,sim_input.json
95,3,6,<bidder.UniformBidder object at 0x0000028086D3F5F8>,5,True,5,7.606223916387531,3.0,3.0,1,0.75,4.0,0.0,0.0,0,0.00605326876513315,0.0,0.0,0.00605326876513315,0.04604251765367738,5.0,4.0,11.642714061171914,sim_input.json
95,3,6,<bidder.UniformBidder object at 0x0000028086D3F5F8>,5,True,6,0.0,1.0,1.0,1,1,4.0,0.0,0.0,0,0.0,0.0,0.0,0.0,0.0,5.0,4.0,11.642714061171914,sim_input.json
95,3,6,<bidder.UniformBidder object at 0x0000028086D3F5F8>,5,True,7,3.664097501406115,3.0,3.0,1,0.75,4.0,0.0,0.0,0,0.0,0.0,0.0,0.0,0.0,5.0,4.0,11.642714061171914,sim_input.json
95,3,6,<bidder.UniformBidder object at 0x0000028086D3F5F8>,5,True,8,3.2601226837151875,2.0,2.0,1,1,4.0,0.0,0.0,0,0.0847457627118644,0.0,0.0,0.0847457627118644,0.27628158336569386,5.0,4.0,11.642714061171914,sim_input.json
95,3,6,<bidder.UniformBidder object at 0x0000028086D3F5F8>,5,True,9,1.4954164935300662,4.0,4.0,0.75,0.6,4.0,0.0,0.0,0,0.0045399515738499,0.0,0.0,0.0045399515738499,0.006789118463362924,5.0,4.0,11.642714061171914,sim_input.json
95,3,6,<bidder.UniformBidder object at 0x0000028086D3F5F8>,5,True,10,0.0,3.0,3.0,1,0.75,4.0,0.0,0.0,0,0.0,0.0,0.0,0.0,0.0,5.0,4.0,11.642714061171914,sim_input.json
95,3,6,<bidder.UniformBidder object at 0x0000028086D3F5F8>,5,True,11,6.110195880012527,2.0,2.0,1,1,4.0,0.0,0.0,0,0.09079903147699757,0.0,0.0,0.09079903147699757,0.5547998680398782,5.0,4.0,11.642714061171914,sim_input.json
95,3,6,<bidder.UniformBidder object at 0x0000028086D3F5F8>,5,True,12,5.131437756520082,3.0,3.0,1,0.75,4.0,0.0,0.0,0,0.00605326876513315,0.0,0.0,0.00605326876513315,0.03106197189176794,5.0,4.0,11.642714061171914,sim_input.json
95,3,6,<bidder.UniformBidder object at 0x0000028086D3F5F8>,5,True,13,5.930423052991093,6.0,6.0,0.5,0.42857142857142855,4.0,0.0,0.0,0,0.003138731952291288,0.0,0.0,0.003138731952291288,0.018614008327027993,5.0,4.0,11.642714061171914,sim_input.json
95,3,6,<bidder.UniformBidder object at 0x0000028086D3F5F8>,5,True,14,6.981192417347684,3.0,3.0,1,0.75,4.0,0.0,0.0,0,0.003138731952291288,0.0,0.0,0.003138731952291288,0.021912091705422833,5.0,4.0,11.642714061171914,sim_input.json
95,3,6,<bidder.UniformBidder object at 0x0000028086D3F5F8>,5,True,15,3.754127844921003,3.0,3.0,1,0.75,4.0,0.0,0.0,0,0.00605326876513315,0.0,0.0,0.00605326876513315,0.022724744823976933,5.0,4.0,11.642714061171914,sim_input.json
95,3,6,<bidder.UniformBidder object at 0x0000028086D3F5F8>,5,True,16,7.5760105141499405,3.0,3.0,1,0.75,4.0,0.0,0.0,0,0.0,0.0,0.0,0.0,0.0,5.0,4.0,11.642714061171914,sim_input.json
95,3,6,<bidder.UniformBidder object at 0x0000028086D3F5F8>,5,True,17,1.8781156929750424,4.0,4.0,0.75,0.6,4.0,0.0,0.0,0,0.015823151781655574,0.0,0.0,0.015823151781655574,0.029717709673453337,5.0,4.0,11.642714061171914,sim_input.json
95,3,6,<bidder.UniformBidder object at 0x0000028086D3F5F8>,5,True,18,0.551650813212094,6.0,6.0,0.5,0.5,4.0,1.0,1.0,1,0.5104366702847124,0.5,0.5,0.5104366702847124,0.2815828042558351,5.0,4.0,11.642714061171914,sim_input.json
95,3,6,<bidder.UniformBidder object at 0x0000028086D3F5F8>,5,True,19,0.5265116096310908,2.0,2.0,1,1,4.0,1.0,1.0,1,1.0,1.0,1.0,1.0,0.5265116096310908,5.0,4.0,11.642714061171914,sim_input.json
95,3,6,<bidder.UniformBidder object at 0x0000028086D3F5F8>,5,True,20,3.788473771395787,1.0,1.0,1,1,4.0,0.0,0.0,0,0.1694915254237288,0.0,0.0,0.1694915254237288,0.6421141985416587,5.0,4.0,11.642714061171914,sim_input.json
95,3,6,<bidder.UniformBidder object at 0x0000028086D3F5F8>,5,True,21,1.518333423136788,1.0,1.0,1,1,4.0,0.0,0.0,0,0.1694915254237288,0.0,0.0,0.1694915254237288,0.2573446479892861,5.0,4.0,11.642714061171914,sim_input.json
95,3,6,<bidder.UniformBidder object at 0x0000028086D3F5F8>,5,True,22,7.331646151784916,3.0,3.0,1,0.75,4.0,0.0,0.0,0,0.014820071804291573,0.0,0.0,0.014820071804291573,0.10865552241311045,5.0,4.0,11.642714061171914,sim_input.json
95,3,6,<bidder.UniformBidder object at 0x0000028086D3F5F8>,5,True,23,2.6674799890289194,3.0,3.0,1,0.75,4.0,0.0,0.0,0,0.00605326876513315,0.0,0.0,0.00605326876513315,0.016146973299206474,5.0,4.0,11.642714061171914,sim_input.json
95,3,6,<bidder.UniformBidder object at 0x0000028086D3F5F8>,5,True,24,1.7316067836249374,4.0,4.0,0.75,0.6,4.0,0.0,0.0,0,0.0023540489642184474,0.0,0.0,0.0023540489642184474,0.004076287155425921,5.0,4.0,11.642714061171914,sim_input.json
95,3,6,<bidder.UniformBidder object at 0x0000028086D3F5F8>,5,True,25,2.962639112727776,2.0,2.0,1,1,4.0,0.0,0.0,0,0.0878844946641557,0.0,0.0,0.0878844946641557,0.26037004129434316,5.0,4.0,11.642714061171914,sim_input.json
95,3,6,<bidder.UniformBidder object at 0x0000028086D3F5F8>,5,True,26,4.816360552470227,1.0,1.0,1,1,4.0,0.0,0.0,0,0.1694915254237288,0.0,0.0,0.1694915254237288,0.816332297028852,5.0,4.0,11.642714061171914,sim_input.json
95,3,6,<bidder.UniformBidder object at 0x0000028086D3F5F8>,5,True,27,5.0444895880217535,0.0,0.0,1,1,4.0,0.0,0.0,0,0.2542372881355932,0.0,0.0,0.2542372881355932,1.2824973528868864,5.0,4.0,11.642714061171914,sim_input.json
95,3,6,<bidder.UniformBidder object at 0x0000028086D3F5F8>,5,True,28,0.6958506487953531,4.0,4.0,0.75,0.75,4.0,1.0,1.0,1,0.7568940005380683,0.75,0.75,0.7568940005380683,0.5266851813437252,5.0,4.0,11.642714061171914,sim_input.json
95,3,6,<bidder.UniformBidder object at 0x0000028086D3F5F8>,5,True,29,1.4497248644199283,3.0,3.0,1,0.75,4.0,0.0,0.0,0,0.003138731952291288,0.0,0.0,0.003138731952291288,0.004550297753985985,5.0,4.0,11.642714061171914,sim_input.json
95,3,6,<bidder.UniformBidder object at 0x0000028086D3F5F8>,5,True,30,0.8229530317878327,4.0,4.0,0.75,0.75,4.0,1.0,1.0,1,0.7523540489642184,0.75,0.75,0.7523540489642184,0.6191520455729551,5.0,4.0,11.642714061171914,sim_input.json
95,3,6,<bidder.UniformBidder object at 0x0000028086D3F5F8>,5,True,31,1.9951782740667534,4.0,4.0,0.75,0.6,4.0,0.0,0.0,0,0.0,0.0,0.0,0.0,0.0,5.0,4.0,11.642714061171914,sim_input.json
95,3,6,<bidder.UniformBidder object at 0x0000028086D3F5F8>,5,True,32,6.4494395761304215,4.0,4.0,0.75,0.6,4.0,0.0,0.0,0,0.004708097928436895,0.0,0.0,0.004708097928436895,0.03036459310795856,5.0,4.0,11.642714061171914,sim_input.json
95,3,6,<bidder.UniformBidder object at 0x0000028086D3F5F8>,5,True,33,6.814580192873227,2.0,2.0,1,1,4.0,0.0,0.0,0,0.0847457627118644,0.0,0.0,0.0847457627118644,0.5775067960062057,5.0,4.0,11.642714061171914,sim_input.json
95,3,6,<bidder.UniformBidder object at 0x0000028086D3F5F8>,5,True,34,7.595490503309035,4.0,4.0,0.75,0.6,4.0,0.0,0.0,0,0.0,0.0,0.0,0.0,0.0,5.0,4.0,11.642714061171914,sim_input.json
95,3,6,<bidder.UniformBidder object at 0x0000028086D3F5F8>,5,True,35,0.0,4.0,4.0,0.75,0.6,4.0,0.0,0.0,0,0.0,0.0,0.0,0.0,0.0,5.0,4.0,11.642714061171914,sim_input.json
95,3,6,<bidder.UniformBidder object at 0x0000028086D3F5F8>,5,True,36,6.0382387885744215,3.0,3.0,1,0.75,4.0,0.0,0.0,0,0.009416195856873828,0.0,0.0,0.009416195856873828,0.05685723906378931,5.0,4.0,11.642714061171914,sim_input.json
95,3,6,<bidder.UniformBidder object at 0x0000028086D3F5F8>,5,True,37,0.0,6.0,6.0,0.5,0.42857142857142855,4.0,0.0,0.0,0,0.0,0.0,0.0,0.0,0.0,5.0,4.0,11.642714061171914,sim_input.json
95,3,6,<bidder.UniformBidder object at 0x0000028086D3F5F8>,5,True,38,0.0,3.0,3.0,1,0.75,4.0,0.0,0.0,0,0.0,0.0,0.0,0.0,0.0,5.0,4.0,11.642714061171914,sim_input.json
95,3,6,<bidder.UniformBidder object at 0x0000028086D3F5F8>,5,True,39,6.139758567417981,3.0,3.0,1,0.75,4.0,0.0,0.0,0,0.0,0.0,0.0,0.0,0.0,5.0,4.0,11.642714061171914,sim_input.json
95,3,6,<bidder.UniformBidder object at 0x0000028086D3F5F8>,5,True,40,2.6179792902974177,4.0,4.0,0.75,0.6,4.0,0.0,0.0,0,0.009248049502286795,0.0,0.0,0.009248049502286795,0.024211202072632172,5.0,4.0,11.642714061171914,sim_input.json
95,3,6,<bidder.UniformBidder object at 0x0000028086D3F5F8>,5,True,41,6.130875701691005,1.0,1.0,1,1,4.0,0.0,0.0,0,0.1694915254237288,0.0,0.0,0.1694915254237288,1.0391314748628822,5.0,4.0,11.642714061171914,sim_input.json
95,3,6,<bidder.UniformBidder object at 0x0000028086D3F5F8>,5,True,42,1.0112813846287065,4.0,4.0,0.75,0.6,4.0,0.0,0.0,0,0.006575102279368779,0.0,0.0,0.006575102279368779,0.006649278537155423,5.0,4.0,11.642714061171914,sim_input.json
95,3,6,<bidder.UniformBidder object at 0x0000028086D3F5F8>,5,True,43,0.0,4.0,4.0,0.75,0.6,4.0,0.0,0.0,0,0.0,0.0,0.0,0.0,0.0,5.0,4.0,11.642714061171914,sim_input.json
95,3,6,<bidder.UniformBidder object at 0x0000028086D3F5F8>,5,True,44,5.134829538283309,3.0,3.0,1,0.75,4.0,0.0,0.0,0,0.011905534991449673,0.0,0.0,0.011905534991449673,0.061132892743161305,5.0,4.0,11.642714061171914,sim_input.json
95,3,6,<bidder.UniformBidder object at 0x0000028086D3F5F8>,5,True,45,3.5919360188169676,1.0,1.0,1,1,4.0,0.0,0.0,0,0.1694915254237288,0.0,0.0,0.1694915254237288,0.6088027150537233,5.0,4.0,11.642714061171914,sim_input.json
95,3,6,<bidder.UniformBidder object at 0x0000028086D3F5F8>,5,True,46,0.0,0.0,1.0,1,1,4.0,0.0,0.0,0,0.0,0.0,0.0,0.0,0.0,5.0,4.0,11.642714061171914,sim_input.json
95,3,6,<bidder.UniformBidder object at 0x0000028086D3F5F8>,5,True,47,0.9079573961458457,4.0,4.0,0.75,0.6,4.0,0.0,0.0,0,0.004708097928436895,0.0,0.0,0.004708097928436895,0.004274752335903213,5.0,4.0,11.642714061171914,sim_input.json
95,3,6,<bidder.UniformBidder object at 0x0000028086D3F5F8>,5,True,48,6.882721108488586,2.0,2.0,1,1,4.0,0.0,0.0,0,0.0847457627118644,0.0,0.0,0.0847457627118644,0.5832814498719141,5.0,4.0,11.642714061171914,sim_input.json
95,3,6,<bidder.UniformBidder object at 0x0000028086D3F5F8>,5,True,49,0.48494346541663835,3.0,3.0,1,1,4.0,1.0,1.0,1,1.0,1.0,1.0,1.0,0.48494346541663835,5.0,4.0,11.642714061171914,sim_input.json
95,3,6,<bidder.UniformBidder object at 0x0000028086D3F5F8>,5,True,50,4.293920583009846,1.0,1.0,1,1,4.0,0.0,0.0,0,0.17554479418886196,0.0,0.0,0.17554479418886196,0.7537754050077815,5.0,4.0,11.642714061171914,sim_input.json
95,3,6,<bidder.UniformBidder object at 0x0000028086D3F5F8>,5,True,51,1.482002765525708,4.0,4.0,0.75,0.6,4.0,0.0,0.0,0,0.006575102279368779,0.0,0.0,0.006575102279368779,0.009744319761638916,5.0,4.0,11.642714061171914,sim_input.json
95,3,7,<bidder.IntegralGreedyBidder object at 0x0000028086D3FF60>,5,True,0,0.8322245455653587,6.0,6.0,0.5,0.42857142857142855,5.25,0.0,0.0,0,0.0015133171912832875,0.0,0.0,0.0015133171912832875,0.001259419711811979,6.0,5.25,6.937999817259792,sim_input.json
95,3,7,<bidder.IntegralGreedyBidder object at 0x0000028086D3FF60>,5,True,1,6.116902025068984,1.0,1.0,1,1,5.25,0.0,0.0,0,0.0891291642314436,0.0,0.0,0.0891291642314436,0.5451943651800234,6.0,5.25,6.937999817259792,sim_input.json
95,3,7,<bidder.IntegralGreedyBidder object at 0x0000028086D3FF60>,5,True,2,4.258299090184524,4.0,4.0,0.75,0.6,5.25,0.0,0.0,0,0.003447000269034174,0.0,0.0,0.003447000269034174,0.014678358109494031,6.0,5.25,6.937999817259792,sim_input.json
95,3,7,<bidder.IntegralGreedyBidder object at 0x0000028086D3FF60>,5,True,3,1.9937169530794092,3.0,3.0,1,0.75,5.25,0.0,0.0,0,0.0,0.0,0.0,0.0,0.0,6.0,5.25,6.937999817259792,sim_input.json
95,3,7,<bidder.IntegralGreedyBidder object at 0x0000028086D3FF60>,5,True,4,2.6499366701642475,5.0,5.0,0.6,0.5,5.25,0.0,0.0,0,0.0,0.0,0.0,0.0,0.0,6.0,5.25,6.937999817259792,sim_input.json
95,3,7,<bidder.IntegralGreedyBidder object at 0x0000028086D3FF60>,5,True,5,4.319182658756971,3.0,3.0,1,0.75,5.25,0.0,0.0,0,0.003026634382566575,0.0,0.0,0.003026634382566575,0.013072586739579164,6.0,5.25,6.937999817259792,sim_input.json
95,3,7,<bidder.IntegralGreedyBidder object at 0x0000028086D3FF60>,5,True,6,7.267556858997768,1.0,1.0,1,1,5.25,0.0,0.0,0,0.08631512868801004,0.0,0.0,0.08631512868801004,0.6273001055318224,6.0,5.25,6.937999817259792,sim_input.json
95,3,7,<bidder.IntegralGreedyBidder object at 0x0000028086D3FF60>,5,True,7,1.5028808714780482,3.0,3.0,1,0.75,5.25,0.0,0.0,0,0.0,0.0,0.0,0.0,0.0,6.0,5.25,6.937999817259792,sim_input.json
95,3,7,<bidder.IntegralGreedyBidder object at 0x0000028086D3FF60>,5,True,8,0.0,2.0,2.0,1,1,5.25,0.0,0.0,0,0.0,0.0,0.0,0.0,0.0,6.0,5.25,6.937999817259792,sim_input.json
95,3,7,<bidder.IntegralGreedyBidder object at 0x0000028086D3FF60>,5,True,9,0.0,4.0,4.0,0.75,0.6,5.25,0.0,0.0,0,0.0,0.0,0.0,0.0,0.0,6.0,5.25,6.937999817259792,sim_input.json
95,3,7,<bidder.IntegralGreedyBidder object at 0x0000028086D3FF60>,5,True,10,2.823987730216692,3.0,3.0,1,0.75,5.25,0.0,0.0,0,0.003026634382566575,0.0,0.0,0.003026634382566575,0.008547178360219981,6.0,5.25,6.937999817259792,sim_input.json
95,3,7,<bidder.IntegralGreedyBidder object at 0x0000028086D3FF60>,5,True,11,0.0,2.0,2.0,1,1,5.25,0.0,0.0,0,0.0,0.0,0.0,0.0,0.0,6.0,5.25,6.937999817259792,sim_input.json
95,3,7,<bidder.IntegralGreedyBidder object at 0x0000028086D3FF60>,5,True,12,6.132288288111681,3.0,3.0,1,0.75,5.25,0.0,0.0,0,0.003026634382566575,0.0,0.0,0.003026634382566575,0.018560194576609138,6.0,5.25,6.937999817259792,sim_input.json
95,3,7,<bidder.IntegralGreedyBidder object at 0x0000028086D3FF60>,5,True,13,0.9749204959063539,6.0,6.0,0.5,0.42857142857142855,5.25,0.0,0.0,0,0.001569365976145644,0.0,0.0,0.001569365976145644,0.0015300070557224704,6.0,5.25,6.937999817259792,sim_input.json
95,3,7,<bidder.IntegralGreedyBidder object at 0x0000028086D3FF60>,5,True,14,6.763129442450643,3.0,3.0,1,0.75,5.25,0.0,0.0,0,0.001569365976145644,0.0,0.0,0.001569365976145644,0.010613825239250899,6.0,5.25,6.937999817259792,sim_input.json
95,3,7,<bidder.IntegralGreedyBidder object at 0x0000028086D3FF60>,5,True,15,7.792261083208176,3.0,3.0,1,0.75,5.25,0.0,0.0,0,0.003026634382566575,0.0,0.0,0.003026634382566575,0.02358432531237333,6.0,5.25,6.937999817259792,sim_input.json
95,3,7,<bidder.IntegralGreedyBidder object at 0x0000028086D3FF60>,5,True,16,6.782838844022485,3.0,3.0,1,0.75,5.25,0.0,0.0,0,0.0,0.0,0.0,0.0,0.0,6.0,5.25,6.937999817259792,sim_input.json
95,3,7,<bidder.IntegralGreedyBidder object at 0x0000028086D3FF60>,5,True,17,1.5434405573955985,4.0,4.0,0.75,0.6,5.25,0.0,0.0,0,0.007911575890827787,0.0,0.0,0.007911575890827787,0.012211047102816818,6.0,5.25,6.937999817259792,sim_input.json
95,3,7,<bidder.IntegralGreedyBidder object at 0x0000028086D3FF60>,5,True,18,1.968510044627175,6.0,6.0,0.5,0.42857142857142855,5.25,0.0,0.0,0,0.005218335142356181,0.0,0.0,0.005218335142356181,0.010272345143959121,6.0,5.25,6.937999817259792,sim_input.json
95,3,7,<bidder.IntegralGreedyBidder object at 0x0000028086D3FF60>,5,True,19,7.770488285371339,2.0,2.0,1,1,5.25,0.0,0.0,0,0.0423728813559322,0.0,0.0,0.0423728813559322,0.3292579781937008,6.0,5.25,6.937999817259792,sim_input.json
95,3,7,<bidder.IntegralGreedyBidder object at 0x0000028086D3FF60>,5,True,20,4.93237701949538,1.0,1.0,1,1,5.25,0.0,0.0,0,0.0847457627118644,0.0,0.0,0.0847457627118644,0.4179980524996085,6.0,5.25,6.937999817259792,sim_input.json
95,3,7,<bidder.IntegralGreedyBidder object at 0x0000028086D3FF60>,5,True,21,0.0,1.0,1.0,1,1,5.25,0.0,0.0,0,0.0,0.0,0.0,0.0,0.0,6.0,5.25,6.937999817259792,sim_input.json
95,3,7,<bidder.IntegralGreedyBidder object at 0x0000028086D3FF60>,5,True,22,0.4400073669188742,3.0,3.0,1,1,5.25,1.0,1.0,1,1.0,1.0,1.0,1.0,0.4400073669188742,6.0,5.25,6.937999817259792,sim_input.json
95,3,7,<bidder.IntegralGreedyBidder object at 0x0000028086D3FF60>,5,True,23,0.6167372432945791,3.0,3.0,1,0.75,5.25,0.0,0.0,0,0.003026634382566575,0.0,0.0,0.003026634382566575,0.0018666381455647002,6.0,5.25,6.937999817259792,sim_input.json
95,3,7,<bidder.IntegralGreedyBidder object at 0x0000028086D3FF60>,5,True,24,1.5916134871314829,4.0,4.0,0.75,0.6,5.25,0.0,0.0,0,0.0011770244821092237,0.0,0.0,0.0011770244821092237,0.0018733680404089891,6.0,5.25,6.937999817259792,sim_input.json
95,3,7,<bidder.IntegralGreedyBidder object at 0x0000028086D3FF60>,5,True,25,2.704527821904406,2.0,2.0,1,1,5.25,0.0,0.0,0,0.04394224733207785,0.0,0.0,0.04394224733207785,0.1188430304666092,6.0,5.25,6.937999817259792,sim_input.json
95,3,7,<bidder.IntegralGreedyBidder object at 0x0000028086D3FF60>,5,True,26,0.5881556747653515,1.0,1.0,1,1,5.25,1.0,1.0,1,1.0,1.0,1.0,1.0,0.5881556747653515,6.0,5.25,6.937999817259792,sim_input.json
95,3,7,<bidder.IntegralGreedyBidder object at 0x0000028086D3FF60>,5,True,27,3.930190115516174,0.0,0.0,1,1,5.25,0.0,0.0,0,0.1271186440677966,0.0,0.0,0.1271186440677966,0.49960043841307294,6.0,5.25,6.937999817259792,sim_input.json
95,3,7,<bidder.IntegralGreedyBidder object at 0x0000028086D3FF60>,5,True,28,0.7656107147722929,4.0,4.0,0.75,0.6,5.25,0.0,0.0,0,0.003447000269034174,0.0,0.0,0.003447000269034174,0.0026390603397955397,6.0,5.25,6.937999817259792,sim_input.json
95,3,7,<bidder.IntegralGreedyBidder object at 0x0000028086D3FF60>,5,True,29,0.7268206560279129,3.0,3.0,1,0.75,5.25,0.0,0.0,0,0.001569365976145644,0.0,0.0,0.001569365976145644,0.0011406476083300628,6.0,5.25,6.937999817259792,sim_input.json
95,3,7,<bidder.IntegralGreedyBidder object at 0x0000028086D3FF60>,5,True,30,6.892795458188118,4.0,4.0,0.75,0.6,5.25,0.0,0.0,0,0.0011770244821092237,0.0,0.0,0.0011770244821092237,0.00811298900445868,6.0,5.25,6.937999817259792,sim_input.json
95,3,7,<bidder.IntegralGreedyBidder object at 0x0000028086D3FF60>,5,True,31,0.37940666161382597,4.0,4.0,0.75,0.75,5.25,1.0,1.0,1,0.75,0.75,0.75,0.75,0.2845549962103695,6.0,5.25,6.937999817259792,sim_input.json
95,3,7,<bidder.IntegralGreedyBidder object at 0x0000028086D3FF60>,5,True,32,4.9369648679482845,4.0,4.0,0.75,0.6,5.25,0.0,0.0,0,0.0023540489642184474,0.0,0.0,0.0023540489642184474,0.011621857033776523,6.0,5.25,6.937999817259792,sim_input.json
95,3,7,<bidder.IntegralGreedyBidder object at 0x0000028086D3FF60>,5,True,33,3.926515362770542,2.0,2.0,1,1,5.25,0.0,0.0,0,0.0423728813559322,0.0,0.0,0.0423728813559322,0.16637776960892126,6.0,5.25,6.937999817259792,sim_input.json
95,3,7,<bidder.IntegralGreedyBidder object at 0x0000028086D3FF60>,5,True,34,4.374340535308233,4.0,4.0,0.75,0.6,5.25,0.0,0.0,0,0.0,0.0,0.0,0.0,0.0,6.0,5.25,6.937999817259792,sim_input.json
95,3,7,<bidder.IntegralGreedyBidder object at 0x0000028086D3FF60>,5,True,35,7.84418020397049,4.0,4.0,0.75,0.6,5.25,0.0,0.0,0,0.003447000269034174,0.0,0.0,0.003447000269034174,0.02703889127343882,6.0,5.25,6.937999817259792,sim_input.json
95,3,7,<bidder.IntegralGreedyBidder object at 0x0000028086D3FF60>,5,True,36,1.72691082431216,3.0,3.0,1,0.75,5.25,0.0,0.0,0,0.004708097928436914,0.0,0.0,0.004708097928436914,0.008130465274539363,6.0,5.25,6.937999817259792,sim_input.json
95,3,7,<bidder.IntegralGreedyBidder object at 0x0000028086D3FF60>,5,True,37,0.7366006492993412,6.0,6.0,0.5,0.42857142857142855,5.25,0.0,0.0,0,0.0029763837478624278,0.0,0.0,0.0029763837478624278,0.002192406201239471,6.0,5.25,6.937999817259792,sim_input.json
95,3,7,<bidder.IntegralGreedyBidder object at 0x0000028086D3FF60>,5,True,38,0.7786076332243672,3.0,3.0,1,0.75,5.25,0.0,0.0,0,0.001569365976145644,0.0,0.0,0.001569365976145644,0.0012219203283496086,6.0,5.25,6.937999817259792,sim_input.json
95,3,7,<bidder.IntegralGreedyBidder object at 0x0000028086D3FF60>,5,True,39,2.631485779300926,3.0,3.0,1,0.75,5.25,0.0,0.0,0,0.0,0.0,0.0,0.0,0.0,6.0,5.25,6.937999817259792,sim_input.json
95,3,7,<bidder.IntegralGreedyBidder object at 0x0000028086D3FF60>,5,True,40,0.9617027687681754,4.0,4.0,0.75,0.6,5.25,0.0,0.0,0,0.0046240247511433975,0.0,0.0,0.0046240247511433975,0.004446937406027179,6.0,5.25,6.937999817259792,sim_input.json
95,3,7,<bidder.IntegralGreedyBidder object at 0x0000028086D3FF60>,5,True,41,6.061796571888557,1.0,1.0,1,1,5.25,0.0,0.0,0,0.0847457627118644,0.0,0.0,0.0847457627118644,0.5137115738888608,6.0,5.25,6.937999817259792,sim_input.json
95,3,7,<bidder.IntegralGreedyBidder object at 0x0000028086D3FF60>,5,True,42,0.2408608161109681,4.0,4.0,0.75,0.75,5.25,1.0,1.0,1,0.7532875511396844,0.75,0.75,0.7532875511396844,0.181437454333737,6.0,5.25,6.937999817259792,sim_input.json
95,3,7,<bidder.IntegralGreedyBidder object at 0x0000028086D3FF60>,5,True,43,0.14454156733655688,4.0,4.0,0.75,0.75,5.25,1.0,1.0,1,0.75,0.75,0.75,0.75,0.10840617550241766,6.0,5.25,6.937999817259792,sim_input.json
95,3,7,<bidder.IntegralGreedyBidder object at 0x0000028086D3FF60>,5,True,44,1.3908061925022384,3.0,3.0,1,0.75,5.25,0.0,0.0,0,0.0059527674957248365,0.0,0.0,0.0059527674957248365,0.008279145895580145,6.0,5.25,6.937999817259792,sim_input.json
95,3,7,<bidder.IntegralGreedyBidder object at 0x0000028086D3FF60>,5,True,45,3.679357886724361,1.0,1.0,1,1,5.25,0.0,0.0,0,0.0847457627118644,0.0,0.0,0.0847457627118644,0.31180999040036955,6.0,5.25,6.937999817259792,sim_input.json
95,3,7,<bidder.IntegralGreedyBidder object at 0x0000028086D3FF60>,5,True,46,7.6493047377690715,0.0,1.0,1,1,5.25,0.0,0.0,0,0.0847457627118644,0.0,0.0,0.0847457627118644,0.6482461642177179,6.0,5.25,6.937999817259792,sim_input.json
95,3,7,<bidder.IntegralGreedyBidder object at 0x0000028086D3FF60>,5,True,47,0.6859058503988842,4.0,4.0,0.75,0.6,5.25,0.0,0.0,0,0.0023540489642184474,0.0,0.0,0.0023540489642184474,0.0016146559566828666,6.0,5.25,6.937999817259792,sim_input.json
95,3,7,<bidder.IntegralGreedyBidder object at 0x0000028086D3FF60>,5,True,48,0.0,2.0,2.0,1,1,5.25,0.0,0.0,0,0.0,0.0,0.0,0.0,0.0,6.0,5.25,6.937999817259792,sim_input.json
95,3,7,<bidder.IntegralGreedyBidder object at 0x0000028086D3FF60>,5,True,49,0.5153989845329688,3.0,3.0,1,1,5.25,1.0,1.0,1,1.0,1.0,1.0,1.0,0.5153989845329688,6.0,5.25,6.937999817259792,sim_input.json
95,3,7,<bidder.IntegralGreedyBidder object at 0x0000028086D3FF60>,5,True,50,4.929780328357921,1.0,1.0,1,1,5.25,0.0,0.0,0,0.08777239709443098,0.0,0.0,0.08777239709443098,0.4326986365689458,6.0,5.25,6.937999817259792,sim_input.json
95,3,7,<bidder.IntegralGreedyBidder object at 0x0000028086D3FF60>,5,True,51,4.408384706612567,4.0,4.0,0.75,0.6,5.25,0.0,0.0,0,0.0032875511396843896,0.0,0.0,0.0032875511396843896,0.01449279016639138,6.0,5.25,6.937999817259792,sim_input.json
95,3,8,<bidder.UniformBidder object at 0x0000028086D3FEF0>,5,True,0,3.4638643938506384,6.0,6.0,0.5,0.42857142857142855,4.25,0.0,0.0,0,0.002723970944309918,0.0,0.0,0.002723970944309918,0.009435465963878824,5.0,4.25,11.533963280554179,sim_input.json
95,3,8,<bidder.UniformBidder object at 0x0000028086D3FEF0>,5,True,1,4.978681513221737,1.0,1.0,1,1,4.25,0.0,0.0,0,0.1604324956165985,0.0,0.0,0.1604324956165985,0.7987423000463864,5.0,4.25,11.533963280554179,sim_input.json
95,3,8,<bidder.UniformBidder object at 0x0000028086D3FEF0>,5,True,2,2.8666987416348744,4.0,4.0,0.75,0.6,4.25,0.0,0.0,0,0.006204600484261513,0.0,0.0,0.006204600484261513,0.01778672040057961,5.0,4.25,11.533963280554179,sim_input.json
95,3,8,<bidder.UniformBidder object at 0x0000028086D3FEF0>,5,True,3,4.103733589506909,3.0,3.0,1,0.75,4.25,0.0,0.0,0,0.0,0.0,0.0,0.0,0.0,5.0,4.25,11.533963280554179,sim_input.json
95,3,8,<bidder.UniformBidder object at 0x0000028086D3FEF0>,5,True,4,2.5476807361597467,5.0,5.0,0.6,0.5,4.25,0.0,0.0,0,0.0,0.0,0.0,0.0,0.0,5.0,4.25,11.533963280554179,sim_input.json
95,3,8,<bidder.UniformBidder object at 0x0000028086D3FEF0>,5,True,5,2.442025526192703,3.0,3.0,1,0.75,4.25,0.0,0.0,0,0.005447941888619836,0.0,0.0,0.005447941888619836,0.013304013157224123,5.0,4.25,11.533963280554179,sim_input.json
95,3,8,<bidder.UniformBidder object at 0x0000028086D3FEF0>,5,True,6,4.427718726554511,1.0,1.0,1,1,4.25,0.0,0.0,0,0.1553672316384181,0.0,0.0,0.1553672316384181,0.6879224010183563,5.0,4.25,11.533963280554179,sim_input.json
95,3,8,<bidder.UniformBidder object at 0x0000028086D3FEF0>,5,True,7,6.145951194026336,3.0,3.0,1,0.75,4.25,0.0,0.0,0,0.0,0.0,0.0,0.0,0.0,5.0,4.25,11.533963280554179,sim_input.json
95,3,8,<bidder.UniformBidder object at 0x0000028086D3FEF0>,5,True,8,7.913581829004537,2.0,2.0,1,1,4.25,0.0,0.0,0,0.07627118644067797,0.0,0.0,0.07627118644067797,0.6035782750935664,5.0,4.25,11.533963280554179,sim_input.json
95,3,8,<bidder.UniformBidder object at 0x0000028086D3FEF0>,5,True,9,0.9304634539869234,4.0,4.0,0.75,0.6,4.25,0.0,0.0,0,0.00408595641646491,0.0,0.0,0.00408595641646491,0.0038018331201039725,5.0,4.25,11.533963280554179,sim_input.json
95,3,8,<bidder.UniformBidder object at 0x0000028086D3FEF0>,5,True,10,7.6072106593402005,3.0,3.0,1,0.75,4.25,0.0,0.0,0,0.005447941888619836,0.0,0.0,0.005447941888619836,0.0414436416065748,5.0,4.25,11.533963280554179,sim_input.json
95,3,8,<bidder.UniformBidder object at 0x0000028086D3FEF0>,5,True,11,6.243894166238787,2.0,2.0,1,1,4.25,0.0,0.0,0,0.08171912832929783,0.0,0.0,0.08171912832929783,0.5102455886454215,5.0,4.25,11.533963280554179,sim_input.json
95,3,8,<bidder.UniformBidder object at 0x0000028086D3FEF0>,5,True,12,7.1724308074083885,3.0,3.0,1,0.75,4.25,0.0,0.0,0,0.005447941888619836,0.0,0.0,0.005447941888619836,0.03907498623890755,5.0,4.25,11.533963280554179,sim_input.json
95,3,8,<bidder.UniformBidder object at 0x0000028086D3FEF0>,5,True,13,0.0,6.0,6.0,0.5,0.42857142857142855,4.25,0.0,0.0,0,0.0,0.0,0.0,0.0,0.0,5.0,4.25,11.533963280554179,sim_input.json
95,3,8,<bidder.UniformBidder object at 0x0000028086D3FEF0>,5,True,14,2.783944065437799,3.0,3.0,1,0.75,4.25,0.0,0.0,0,0.0028248587570621595,0.0,0.0,0.0028248587570621595,0.007864248772423196,5.0,4.25,11.533963280554179,sim_input.json
95,3,8,<bidder.UniformBidder object at 0x0000028086D3FEF0>,5,True,15,4.659338932760552,3.0,3.0,1,0.75,4.25,0.0,0.0,0,0.005447941888619836,0.0,0.0,0.005447941888619836,0.025383807745063457,5.0,4.25,11.533963280554179,sim_input.json
95,3,8,<bidder.UniformBidder object at 0x0000028086D3FEF0>,5,True,16,0.0,3.0,3.0,1,0.75,4.25,0.0,0.0,0,0.0,0.0,0.0,0.0,0.0,5.0,4.25,11.533963280554179,sim_input.json
95,3,8,<bidder.UniformBidder object at 0x0000028086D3FEF0>,5,True,17,0.0,4.0,4.0,0.75,0.6,4.25,0.0,0.0,0,0.0,0.0,0.0,0.0,0.0,5.0,4.25,11.533963280554179,sim_input.json
95,3,8,<bidder.UniformBidder object at 0x0000028086D3FEF0>,5,True,18,6.703961672066081,6.0,6.0,0.5,0.42857142857142855,4.25,0.0,0.0,0,0.009393003256241126,0.0,0.0,0.009393003256241126,0.0629703338154324,5.0,4.25,11.533963280554179,sim_input.json
95,3,8,<bidder.UniformBidder object at 0x0000028086D3FEF0>,5,True,19,4.2704579074113935,2.0,2.0,1,1,4.25,0.0,0.0,0,0.07627118644067797,0.0,0.0,0.07627118644067797,0.3257128912432419,5.0,4.25,11.533963280554179,sim_input.json
95,3,8,<bidder.UniformBidder object at 0x0000028086D3FEF0>,5,True,20,2.51106954387557,1.0,1.0,1,1,4.25,0.0,0.0,0,0.15254237288135594,0.0,0.0,0.15254237288135594,0.3830445066928836,5.0,4.25,11.533963280554179,sim_input.json
95,3,8,<bidder.UniformBidder object at 0x0000028086D3FEF0>,5,True,21,2.3210903829739364,1.0,1.0,1,1,4.25,0.0,0.0,0,0.15254237288135594,0.0,0.0,0.15254237288135594,0.35406463469093946,5.0,4.25,11.533963280554179,sim_input.json
95,3,8,<bidder.UniformBidder object at 0x0000028086D3FEF0>,5,True,22,1.601820842889686,3.0,3.0,1,0.75,4.25,0.0,0.0,0,0.013338064623862417,0.0,0.0,0.013338064623862417,0.0213651899183124,5.0,4.25,11.533963280554179,sim_input.json
95,3,8,<bidder.UniformBidder object at 0x0000028086D3FEF0>,5,True,23,1.5223686136335957,3.0,3.0,1,0.75,4.25,0.0,0.0,0,0.005447941888619836,0.0,0.0,0.005447941888619836,0.008293775740134573,5.0,4.25,11.533963280554179,sim_input.json
95,3,8,<bidder.UniformBidder object at 0x0000028086D3FEF0>,5,True,24,1.1585439467677126,4.0,4.0,0.75,0.6,4.25,0.0,0.0,0,0.002118644067796603,0.0,0.0,0.002118644067796603,0.0024545422601010775,5.0,4.25,11.533963280554179,sim_input.json
95,3,8,<bidder.UniformBidder object at 0x0000028086D3FEF0>,5,True,25,1.3889303989513055,2.0,2.0,1,1,4.25,0.0,0.0,0,0.07909604519774013,0.0,0.0,0.07909604519774013,0.1098589016119677,5.0,4.25,11.533963280554179,sim_input.json
95,3,8,<bidder.UniformBidder object at 0x0000028086D3FEF0>,5,True,26,6.144466803117574,1.0,1.0,1,1,4.25,0.0,0.0,0,0.15254237288135594,0.0,0.0,0.15254237288135594,0.937291546238274,5.0,4.25,11.533963280554179,sim_input.json
95,3,8,<bidder.UniformBidder object at 0x0000028086D3FEF0>,5,True,27,4.508590087216147,0.0,0.0,1,1,4.25,0.0,0.0,0,0.2288135593220339,0.0,0.0,0.2288135593220339,1.0316265453799658,5.0,4.25,11.533963280554179,sim_input.json
95,3,8,<bidder.UniformBidder object at 0x0000028086D3FEF0>,5,True,28,5.13993464961999,4.0,4.0,0.75,0.6,4.25,0.0,0.0,0,0.006204600484261513,0.0,0.0,0.006204600484261513,0.03189124101610472,5.0,4.25,11.533963280554179,sim_input.json
95,3,8,<bidder.UniformBidder object at 0x0000028086D3FEF0>,5,True,29,3.6732310910195345,3.0,3.0,1,0.75,4.25,0.0,0.0,0,0.0028248587570621595,0.0,0.0,0.0028248587570621595,0.010376359014179522,5.0,4.25,11.533963280554179,sim_input.json
95,3,8,<bidder.UniformBidder object at 0x0000028086D3FEF0>,5,True,30,6.815250001300434,4.0,4.0,0.75,0.6,4.25,0.0,0.0,0,0.002118644067796603,0.0,0.0,0.002118644067796603,0.014439088985805955,5.0,4.25,11.533963280554179,sim_input.json
95,3,8,<bidder.UniformBidder object at 0x0000028086D3FEF0>,5,True,31,1.1636193305476206,4.0,4.0,0.75,0.6,4.25,0.0,0.0,0,0.0,0.0,0.0,0.0,0.0,5.0,4.25,11.533963280554179,sim_input.json
95,3,8,<bidder.UniformBidder object at 0x0000028086D3FEF0>,5,True,32,0.0,4.0,4.0,0.75,0.6,4.25,0.0,0.0,0,0.0,0.0,0.0,0.0,0.0,5.0,4.25,11.533963280554179,sim_input.json
95,3,8,<bidder.UniformBidder object at 0x0000028086D3FEF0>,5,True,33,0.42900638840413885,2.0,2.0,1,1,4.25,1.0,1.0,1,1.0,1.0,1.0,1.0,0.42900638840413885,5.0,4.25,11.533963280554179,sim_input.json
95,3,8,<bidder.UniformBidder object at 0x0000028086D3FEF0>,5,True,34,0.845522108817456,4.0,4.0,0.75,0.75,4.25,1.0,1.0,1,0.75,0.75,0.75,0.75,0.634141581613092,5.0,4.25,11.533963280554179,sim_input.json
95,3,8,<bidder.UniformBidder object at 0x0000028086D3FEF0>,5,True,35,1.30384917599592,4.0,4.0,0.75,0.6,4.25,0.0,0.0,0,0.006204600484261513,0.0,0.0,0.006204600484261513,0.00808986322878826,5.0,4.25,11.533963280554179,sim_input.json
95,3,8,<bidder.UniformBidder object at 0x0000028086D3FEF0>,5,True,36,7.776932898025709,3.0,3.0,1,0.75,4.25,0.0,0.0,0,0.008474576271186446,0.0,0.0,0.008474576271186446,0.06590621100021792,5.0,4.25,11.533963280554179,sim_input.json
95,3,8,<bidder.UniformBidder object at 0x0000028086D3FEF0>,5,True,37,0.9742959288669915,6.0,6.0,0.5,0.42857142857142855,4.25,0.0,0.0,0,0.00535749074615237,0.0,0.0,0.00535749074615237,0.005219781422918835,5.0,4.25,11.533963280554179,sim_input.json
95,3,8,<bidder.UniformBidder object at 0x0000028086D3FEF0>,5,True,38,0.9056749002782531,3.0,3.0,1,1,4.25,1.0,1.0,1,1.0,1.0,1.0,1.0,0.9056749002782531,5.0,4.25,11.533963280554179,sim_input.json
95,3,8,<bidder.UniformBidder object at 0x0000028086D3FEF0>,5,True,39,6.278597599675049,3.0,3.0,1,0.75,4.25,0.0,0.0,0,0.0,0.0,0.0,0.0,0.0,5.0,4.25,11.533963280554179,sim_input.json
95,3,8,<bidder.UniformBidder object at 0x0000028086D3FEF0>,5,True,40,1.5139044695200274,4.0,4.0,0.75,0.6,4.25,0.0,0.0,0,0.008323244552058117,0.0,0.0,0.008323244552058117,0.012600597128269001,5.0,4.25,11.533963280554179,sim_input.json
95,3,8,<bidder.UniformBidder object at 0x0000028086D3FEF0>,5,True,41,3.630973724675969,1.0,1.0,1,1,4.25,0.0,0.0,0,0.15254237288135594,0.0,0.0,0.15254237288135594,0.5538773478319275,5.0,4.25,11.533963280554179,sim_input.json
95,3,8,<bidder.UniformBidder object at 0x0000028086D3FEF0>,5,True,42,1.240254553799766,4.0,4.0,0.75,0.6,4.25,0.0,0.0,0,0.005917592051431902,0.0,0.0,0.005917592051431902,0.007339320489317716,5.0,4.25,11.533963280554179,sim_input.json
95,3,8,<bidder.UniformBidder object at 0x0000028086D3FEF0>,5,True,43,0.9084847353267997,4.0,4.0,0.75,0.75,4.25,1.0,1.0,1,0.75,0.75,0.75,0.75,0.6813635514950998,5.0,4.25,11.533963280554179,sim_input.json
95,3,8,<bidder.UniformBidder object at 0x0000028086D3FEF0>,5,True,44,3.2366626963765492,3.0,3.0,1,0.75,4.25,0.0,0.0,0,0.010714981492304708,0.0,0.0,0.010714981492304708,0.034680780888507776,5.0,4.25,11.533963280554179,sim_input.json
95,3,8,<bidder.UniformBidder object at 0x0000028086D3FEF0>,5,True,45,2.502729562948682,1.0,1.0,1,1,4.25,0.0,0.0,0,0.15254237288135594,0.0,0.0,0.15254237288135594,0.3817723062125108,5.0,4.25,11.533963280554179,sim_input.json
95,3,8,<bidder.UniformBidder object at 0x0000028086D3FEF0>,5,True,46,4.583669465644439,0.0,1.0,1,1,4.25,0.0,0.0,0,0.15254237288135594,0.0,0.0,0.15254237288135594,0.6992038167932195,5.0,4.25,11.533963280554179,sim_input.json
95,3,8,<bidder.UniformBidder object at 0x0000028086D3FEF0>,5,True,47,0.28864254584460136,4.0,4.0,0.75,0.75,4.25,1.0,1.0,1,0.7542372881355932,0.75,0.75,0.7542372881355932,0.21770497101838576,5.0,4.25,11.533963280554179,sim_input.json
95,3,8,<bidder.UniformBidder object at 0x0000028086D3FEF0>,5,True,48,7.829453320717219,2.0,2.0,1,1,4.25,0.0,0.0,0,0.07627118644067797,0.0,0.0,0.07627118644067797,0.5971616939530082,5.0,4.25,11.533963280554179,sim_input.json
95,3,8,<bidder.UniformBidder object at 0x0000028086D3FEF0>,5,True,49,1.2931689567964035,3.0,3.0,1,0.75,4.25,0.0,0.0,0,0.007890122735242547,0.0,0.0,0.007890122735242547,0.01020326178652919,5.0,4.25,11.533963280554179,sim_input.json
95,3,8,<bidder.UniformBidder object at 0x0000028086D3FEF0>,5,True,50,1.4496145637247504,1.0,1.0,1,1,4.25,0.0,0.0,0,0.15799031476997577,0.0,0.0,0.15799031476997577,0.22902506121801441,5.0,4.25,11.533963280554179,sim_input.json
95,3,8,<bidder.UniformBidder object at 0x0000028086D3FEF0>,5,True,51,1.5241009007994788,4.0,4.0,0.75,0.6,4.25,0.0,0.0,0,0.005917592051431902,0.0,0.0,0.005917592051431902,0.009019007376151198,5.0,4.25,11.533963280554179,sim_input.json
95,3,9,<bidder.IntegralGreedyBidder object at 0x0000028086D3FEB8>,5,True,0,0.911210477782575,6.0,6.0,0.5,0.42857142857142855,6.75,0.0,0.0,0,0.0,0.0,0.0,0.0,0.0,8.0,6.75,1.558208910513425,sim_input.json
95,3,9,<bidder.IntegralGreedyBidder object at 0x0000028086D3FEB8>,5,True,1,7.586192320334285,1.0,1.0,1,1,6.75,0.0,0.0,0,0.0,0.0,0.0,0.0,0.0,8.0,6.75,1.558208910513425,sim_input.json
95,3,9,<bidder.IntegralGreedyBidder object at 0x0000028086D3FEB8>,5,True,2,7.591884420903634,4.0,4.0,0.75,0.6,6.75,0.0,0.0,0,0.0,0.0,0.0,0.0,0.0,8.0,6.75,1.558208910513425,sim_input.json
95,3,9,<bidder.IntegralGreedyBidder object at 0x0000028086D3FEB8>,5,True,3,6.667389806648604,3.0,3.0,1,0.75,6.75,0.0,0.0,0,0.0,0.0,0.0,0.0,0.0,8.0,6.75,1.558208910513425,sim_input.json
95,3,9,<bidder.IntegralGreedyBidder object at 0x0000028086D3FEB8>,5,True,4,7.394317047948495,5.0,5.0,0.6,0.5,6.75,0.0,0.0,0,0.0,0.0,0.0,0.0,0.0,8.0,6.75,1.558208910513425,sim_input.json
95,3,9,<bidder.IntegralGreedyBidder object at 0x0000028086D3FEB8>,5,True,5,3.8428170141207634,3.0,3.0,1,0.75,6.75,0.0,0.0,0,0.0,0.0,0.0,0.0,0.0,8.0,6.75,1.558208910513425,sim_input.json
95,3,9,<bidder.IntegralGreedyBidder object at 0x0000028086D3FEB8>,5,True,6,3.0270185660358573,1.0,1.0,1,1,6.75,0.0,0.0,0,0.0,0.0,0.0,0.0,0.0,8.0,6.75,1.558208910513425,sim_input.json
95,3,9,<bidder.IntegralGreedyBidder object at 0x0000028086D3FEB8>,5,True,7,7.698378118710867,3.0,3.0,1,0.75,6.75,0.0,0.0,0,0.0,0.0,0.0,0.0,0.0,8.0,6.75,1.558208910513425,sim_input.json
95,3,9,<bidder.IntegralGreedyBidder object at 0x0000028086D3FEB8>,5,True,8,7.377769333644418,2.0,2.0,1,1,6.75,0.0,0.0,0,0.0,0.0,0.0,0.0,0.0,8.0,6.75,1.558208910513425,sim_input.json
95,3,9,<bidder.IntegralGreedyBidder object at 0x0000028086D3FEB8>,5,True,9,2.880796720187288,4.0,4.0,0.75,0.6,6.75,0.0,0.0,0,0.0,0.0,0.0,0.0,0.0,8.0,6.75,1.558208910513425,sim_input.json
95,3,9,<bidder.IntegralGreedyBidder object at 0x0000028086D3FEB8>,5,True,10,6.159588142663214,3.0,3.0,1,0.75,6.75,0.0,0.0,0,0.0,0.0,0.0,0.0,0.0,8.0,6.75,1.558208910513425,sim_input.json
95,3,9,<bidder.IntegralGreedyBidder object at 0x0000028086D3FEB8>,5,True,11,3.4346387810857424,2.0,2.0,1,1,6.75,0.0,0.0,0,0.0,0.0,0.0,0.0,0.0,8.0,6.75,1.558208910513425,sim_input.json
95,3,9,<bidder.IntegralGreedyBidder object at 0x0000028086D3FEB8>,5,True,12,2.1978402060703193,3.0,3.0,1,0.75,6.75,0.0,0.0,0,0.0,0.0,0.0,0.0,0.0,8.0,6.75,1.558208910513425,sim_input.json
95,3,9,<bidder.IntegralGreedyBidder object at 0x0000028086D3FEB8>,5,True,13,0.13707127006618114,6.0,6.0,0.5,0.5,6.75,1.0,1.0,1,0.48148148148148145,0.5,0.48148148148148145,0.48148148148148145,0.06599727818001314,8.0,6.75,1.558208910513425,sim_input.json
95,3,9,<bidder.IntegralGreedyBidder object at 0x0000028086D3FEB8>,5,True,14,0.10161240436003671,3.0,3.0,1,1,6.75,1.0,1.0,1,0.9629629629629629,1.0,0.9629629629629629,0.9629629629629629,0.09784898197633164,8.0,6.75,1.558208910513425,sim_input.json
95,3,9,<bidder.IntegralGreedyBidder object at 0x0000028086D3FEB8>,5,True,15,4.44309221659889,3.0,3.0,1,0.75,6.75,0.0,0.0,0,0.0,0.0,0.0,0.0,0.0,8.0,6.75,1.558208910513425,sim_input.json
95,3,9,<bidder.IntegralGreedyBidder object at 0x0000028086D3FEB8>,5,True,16,5.765641574443897,3.0,3.0,1,0.75,6.75,0.0,0.0,0,0.0,0.0,0.0,0.0,0.0,8.0,6.75,1.558208910513425,sim_input.json
95,3,9,<bidder.IntegralGreedyBidder object at 0x0000028086D3FEB8>,5,True,17,0.27032052984916144,4.0,4.0,0.75,0.75,6.75,1.0,1.0,1,0.7222222222222222,0.75,0.7222222222222222,0.7222222222222222,0.19523149377994992,8.0,6.75,1.558208910513425,sim_input.json
95,3,9,<bidder.IntegralGreedyBidder object at 0x0000028086D3FEB8>,5,True,18,4.553444589176929,6.0,6.0,0.5,0.42857142857142855,6.75,0.0,0.0,0,0.0,0.0,0.0,0.0,0.0,8.0,6.75,1.558208910513425,sim_input.json
95,3,9,<bidder.IntegralGreedyBidder object at 0x0000028086D3FEB8>,5,True,19,3.9056712475906665,2.0,2.0,1,1,6.75,0.0,0.0,0,0.0,0.0,0.0,0.0,0.0,8.0,6.75,1.558208910513425,sim_input.json
95,3,9,<bidder.IntegralGreedyBidder object at 0x0000028086D3FEB8>,5,True,20,6.327270076237591,1.0,1.0,1,1,6.75,0.0,0.0,0,0.0,0.0,0.0,0.0,0.0,8.0,6.75,1.558208910513425,sim_input.json
95,3,9,<bidder.IntegralGreedyBidder object at 0x0000028086D3FEB8>,5,True,21,2.1942793740348643,1.0,1.0,1,1,6.75,0.0,0.0,0,0.0,0.0,0.0,0.0,0.0,8.0,6.75,1.558208910513425,sim_input.json
95,3,9,<bidder.IntegralGreedyBidder object at 0x0000028086D3FEB8>,5,True,22,2.172543796336675,3.0,3.0,1,0.75,6.75,0.0,0.0,0,0.0,0.0,0.0,0.0,0.0,8.0,6.75,1.558208910513425,sim_input.json
95,3,9,<bidder.IntegralGreedyBidder object at 0x0000028086D3FEB8>,5,True,23,3.1396422775750814,3.0,3.0,1,0.75,6.75,0.0,0.0,0,0.0,0.0,0.0,0.0,0.0,8.0,6.75,1.558208910513425,sim_input.json
95,3,9,<bidder.IntegralGreedyBidder object at 0x0000028086D3FEB8>,5,True,24,0.5300837873825989,4.0,4.0,0.75,0.6,6.75,0.0,0.0,0,0.0,0.0,0.0,0.0,0.0,8.0,6.75,1.558208910513425,sim_input.json
95,3,9,<bidder.IntegralGreedyBidder object at 0x0000028086D3FEB8>,5,True,25,7.781077937931317,2.0,2.0,1,1,6.75,0.0,0.0,0,0.0,0.0,0.0,0.0,0.0,8.0,6.75,1.558208910513425,sim_input.json
95,3,9,<bidder.IntegralGreedyBidder object at 0x0000028086D3FEB8>,5,True,26,1.4538311600171405,1.0,1.0,1,1,6.75,0.0,0.0,0,0.0,0.0,0.0,0.0,0.0,8.0,6.75,1.558208910513425,sim_input.json
95,3,9,<bidder.IntegralGreedyBidder object at 0x0000028086D3FEB8>,5,True,27,3.5110415149967116,0.0,0.0,1,1,6.75,0.0,0.0,0,0.0,0.0,0.0,0.0,0.0,8.0,6.75,1.558208910513425,sim_input.json
95,3,9,<bidder.IntegralGreedyBidder object at 0x0000028086D3FEB8>,5,True,28,0.236613262565323,4.0,4.0,0.75,0.75,6.75,1.0,1.0,1,0.7222222222222222,0.75,0.7222222222222222,0.7222222222222222,0.17088735629717772,8.0,6.75,1.558208910513425,sim_input.json
95,3,9,<bidder.IntegralGreedyBidder object at 0x0000028086D3FEB8>,5,True,29,0.684873717427007,3.0,3.0,1,1,6.75,1.0,1.0,1,0.9629629629629629,1.0,0.9629629629629629,0.9629629629629629,0.6595080241889697,8.0,6.75,1.558208910513425,sim_input.json
95,3,9,<bidder.IntegralGreedyBidder object at 0x0000028086D3FEB8>,5,True,30,7.958927208936179,4.0,4.0,0.75,0.6,6.75,0.0,0.0,0,0.0,0.0,0.0,0.0,0.0,8.0,6.75,1.558208910513425,sim_input.json
95,3,9,<bidder.IntegralGreedyBidder object at 0x0000028086D3FEB8>,5,True,31,2.4428990218153506,4.0,4.0,0.75,0.6,6.75,0.0,0.0,0,0.0,0.0,0.0,0.0,0.0,8.0,6.75,1.558208910513425,sim_input.json
95,3,9,<bidder.IntegralGreedyBidder object at 0x0000028086D3FEB8>,5,True,32,0.9039046848540208,4.0,4.0,0.75,0.6,6.75,0.0,0.0,0,0.0,0.0,0.0,0.0,0.0,8.0,6.75,1.558208910513425,sim_input.json
95,3,9,<bidder.IntegralGreedyBidder object at 0x0000028086D3FEB8>,5,True,33,1.4069109001200417,2.0,2.0,1,1,6.75,0.0,0.0,0,0.0,0.0,0.0,0.0,0.0,8.0,6.75,1.558208910513425,sim_input.json
95,3,9,<bidder.IntegralGreedyBidder object at 0x0000028086D3FEB8>,5,True,34,2.1020159124629267,4.0,4.0,0.75,0.6,6.75,0.0,0.0,0,0.0,0.0,0.0,0.0,0.0,8.0,6.75,1.558208910513425,sim_input.json
95,3,9,<bidder.IntegralGreedyBidder object at 0x0000028086D3FEB8>,5,True,35,3.1976556661468516,4.0,4.0,0.75,0.6,6.75,0.0,0.0,0,0.0,0.0,0.0,0.0,0.0,8.0,6.75,1.558208910513425,sim_input.json
95,3,9,<bidder.IntegralGreedyBidder object at 0x0000028086D3FEB8>,5,True,36,0.161339059402566,3.0,3.0,1,1,6.75,1.0,1.0,1,0.9629629629629629,1.0,0.9629629629629629,0.9629629629629629,0.15536353868395242,8.0,6.75,1.558208910513425,sim_input.json
95,3,9,<bidder.IntegralGreedyBidder object at 0x0000028086D3FEB8>,5,True,37,0.9174909520629521,6.0,6.0,0.5,0.42857142857142855,6.75,0.0,0.0,0,0.0,0.0,0.0,0.0,0.0,8.0,6.75,1.558208910513425,sim_input.json
95,3,9,<bidder.IntegralGreedyBidder object at 0x0000028086D3FEB8>,5,True,38,4.424242772440986,3.0,3.0,1,0.75,6.75,0.0,0.0,0,0.0,0.0,0.0,0.0,0.0,8.0,6.75,1.558208910513425,sim_input.json
95,3,9,<bidder.IntegralGreedyBidder object at 0x0000028086D3FEB8>,5,True,39,4.60173051697469,3.0,3.0,1,0.75,6.75,0.0,0.0,0,0.0,0.0,0.0,0.0,0.0,8.0,6.75,1.558208910513425,sim_input.json
95,3,9,<bidder.IntegralGreedyBidder object at 0x0000028086D3FEB8>,5,True,40,0.1344214439873439,4.0,4.0,0.75,0.75,6.75,1.0,1.0,1,0.7222222222222222,0.75,0.7222222222222222,0.7222222222222222,0.09708215399085948,8.0,6.75,1.558208910513425,sim_input.json
95,3,9,<bidder.IntegralGreedyBidder object at 0x0000028086D3FEB8>,5,True,41,2.00019766573001,1.0,1.0,1,1,6.75,0.0,0.0,0,0.0,0.0,0.0,0.0,0.0,8.0,6.75,1.558208910513425,sim_input.json
95,3,9,<bidder.IntegralGreedyBidder object at 0x0000028086D3FEB8>,5,True,42,3.1078819110001925,4.0,4.0,0.75,0.6,6.75,0.0,0.0,0,0.0,0.0,0.0,0.0,0.0,8.0,6.75,1.558208910513425,sim_input.json
95,3,9,<bidder.IntegralGreedyBidder object at 0x0000028086D3FEB8>,5,True,43,2.2307980979513373,4.0,4.0,0.75,0.6,6.75,0.0,0.0,0,0.0,0.0,0.0,0.0,0.0,8.0,6.75,1.558208910513425,sim_input.json
95,3,9,<bidder.IntegralGreedyBidder object at 0x0000028086D3FEB8>,5,True,44,0.12076277893217746,3.0,3.0,1,1,6.75,1.0,1.0,1,0.9629629629629629,1.0,0.9629629629629629,0.9629629629629629,0.11629008341617088,8.0,6.75,1.558208910513425,sim_input.json
95,3,9,<bidder.IntegralGreedyBidder object at 0x0000028086D3FEB8>,5,True,45,5.459808180703221,1.0,1.0,1,1,6.75,0.0,0.0,0,0.0,0.0,0.0,0.0,0.0,8.0,6.75,1.558208910513425,sim_input.json
95,3,9,<bidder.IntegralGreedyBidder object at 0x0000028086D3FEB8>,5,True,46,0.801031708302484,0.0,1.0,1,1,6.75,0.0,0.0,0,0.0,0.0,0.0,0.0,0.0,8.0,6.75,1.558208910513425,sim_input.json
95,3,9,<bidder.IntegralGreedyBidder object at 0x0000028086D3FEB8>,5,True,47,7.764362545731589,4.0,4.0,0.75,0.6,6.75,0.0,0.0,0,0.0,0.0,0.0,0.0,0.0,8.0,6.75,1.558208910513425,sim_input.json
95,3,9,<bidder.IntegralGreedyBidder object at 0x0000028086D3FEB8>,5,True,48,3.6628766695341826,2.0,2.0,1,1,6.75,0.0,0.0,0,0.0,0.0,0.0,0.0,0.0,8.0,6.75,1.558208910513425,sim_input.json
95,3,9,<bidder.IntegralGreedyBidder object at 0x0000028086D3FEB8>,5,True,49,0.38612248307101615,3.0,3.0,1,0.75,6.75,0.0,0.0,0,0.0,0.0,0.0,0.0,0.0,8.0,6.75,1.558208910513425,sim_input.json
95,3,9,<bidder.IntegralGreedyBidder object at 0x0000028086D3FEB8>,5,True,50,7.951647090374033,1.0,1.0,1,1,6.75,0.0,0.0,0,0.0,0.0,0.0,0.0,0.0,8.0,6.75,1.558208910513425,sim_input.json
95,3,9,<bidder.IntegralGreedyBidder object at 0x0000028086D3FEB8>,5,True,51,4.003709424792309,4.0,4.0,0.75,0.6,6.75,0.0,0.0,0,0.0,0.0,0.0,0.0,0.0,8.0,6.75,1.558208910513425,sim_input.json
95,3,10,<bidder.IntegralGreedyBidder object at 0x0000028086D3FE10>,5,True,0,6.432076246171311,6.0,6.0,0.5,0.42857142857142855,6.0,0.0,0.0,0,0.000605326876513315,0.0,0.0,0.000605326876513315,0.0038935086235903685,8.0,6.0,4.410439424462183,sim_input.json
95,3,10,<bidder.IntegralGreedyBidder object at 0x0000028086D3FE10>,5,True,1,2.985983264290911,1.0,1.0,1,1,6.0,0.0,0.0,0,0.03565166569257744,0.0,0.0,0.03565166569257744,0.10645527710213067,8.0,6.0,4.410439424462183,sim_input.json
95,3,10,<bidder.IntegralGreedyBidder object at 0x0000028086D3FE10>,5,True,2,3.365010010860065,4.0,4.0,0.75,0.6,6.0,0.0,0.0,0,0.0013788001076136696,0.0,0.0,0.0013788001076136696,0.004639676165094933,8.0,6.0,4.410439424462183,sim_input.json
95,3,10,<bidder.IntegralGreedyBidder object at 0x0000028086D3FE10>,5,True,3,4.680151948051815,3.0,3.0,1,0.75,6.0,0.0,0.0,0,0.0,0.0,0.0,0.0,0.0,8.0,6.0,4.410439424462183,sim_input.json
95,3,10,<bidder.IntegralGreedyBidder object at 0x0000028086D3FE10>,5,True,4,6.661849752077987,5.0,5.0,0.6,0.5,6.0,0.0,0.0,0,0.0,0.0,0.0,0.0,0.0,8.0,6.0,4.410439424462183,sim_input.json
95,3,10,<bidder.IntegralGreedyBidder object at 0x0000028086D3FE10>,5,True,5,7.797761318819788,3.0,3.0,1,0.75,6.0,0.0,0.0,0,0.00121065375302663,0.0,0.0,0.00121065375302663,0.00944038900583506,8.0,6.0,4.410439424462183,sim_input.json
95,3,10,<bidder.IntegralGreedyBidder object at 0x0000028086D3FE10>,5,True,6,5.987857858295595,1.0,1.0,1,1,6.0,0.0,0.0,0,0.03452605147520402,0.0,0.0,0.03452605147520402,0.20673708864171858,8.0,6.0,4.410439424462183,sim_input.json
95,3,10,<bidder.IntegralGreedyBidder object at 0x0000028086D3FE10>,5,True,7,2.0242828385840053,3.0,3.0,1,0.75,6.0,0.0,0.0,0,0.0,0.0,0.0,0.0,0.0,8.0,6.0,4.410439424462183,sim_input.json
95,3,10,<bidder.IntegralGreedyBidder object at 0x0000028086D3FE10>,5,True,8,0.0,2.0,2.0,1,1,6.0,0.0,0.0,0,0.0,0.0,0.0,0.0,0.0,8.0,6.0,4.410439424462183,sim_input.json
95,3,10,<bidder.IntegralGreedyBidder object at 0x0000028086D3FE10>,5,True,9,0.39347876894187406,4.0,4.0,0.75,0.75,6.0,1.0,1.0,1,0.75090799031477,0.75,0.75,0.75090799031477,0.2954663516176724,8.0,6.0,4.410439424462183,sim_input.json
95,3,10,<bidder.IntegralGreedyBidder object at 0x0000028086D3FE10>,5,True,10,2.381954027880906,3.0,3.0,1,0.75,6.0,0.0,0.0,0,0.00121065375302663,0.0,0.0,0.00121065375302663,0.0028837215833909173,8.0,6.0,4.410439424462183,sim_input.json
95,3,10,<bidder.IntegralGreedyBidder object at 0x0000028086D3FE10>,5,True,11,0.0,2.0,2.0,1,1,6.0,0.0,0.0,0,0.0,0.0,0.0,0.0,0.0,8.0,6.0,4.410439424462183,sim_input.json
95,3,10,<bidder.IntegralGreedyBidder object at 0x0000028086D3FE10>,5,True,12,0.6901180515170449,3.0,3.0,1,0.75,6.0,0.0,0.0,0,0.00121065375302663,0.0,0.0,0.00121065375302663,0.0008354940091005356,8.0,6.0,4.410439424462183,sim_input.json
95,3,10,<bidder.IntegralGreedyBidder object at 0x0000028086D3FE10>,5,True,13,0.09673917834201806,6.0,6.0,0.5,0.5,6.0,1.0,1.0,1,0.5006277463904583,0.5,0.5,0.5006277463904583,0.04843031684102913,8.0,6.0,4.410439424462183,sim_input.json
95,3,10,<bidder.IntegralGreedyBidder object at 0x0000028086D3FE10>,5,True,14,6.601998867376585,3.0,3.0,1,0.75,6.0,0.0,0.0,0,0.0006277463904582576,0.0,0.0,0.0006277463904582576,0.004144380958805156,8.0,6.0,4.410439424462183,sim_input.json
95,3,10,<bidder.IntegralGreedyBidder object at 0x0000028086D3FE10>,5,True,15,3.9858542018564735,3.0,3.0,1,0.75,6.0,0.0,0.0,0,0.00121065375302663,0.0,0.0,0.00121065375302663,0.004825489348494503,8.0,6.0,4.410439424462183,sim_input.json
95,3,10,<bidder.IntegralGreedyBidder object at 0x0000028086D3FE10>,5,True,16,2.8713995690395384,3.0,3.0,1,0.75,6.0,0.0,0.0,0,0.0,0.0,0.0,0.0,0.0,8.0,6.0,4.410439424462183,sim_input.json
95,3,10,<bidder.IntegralGreedyBidder object at 0x0000028086D3FE10>,5,True,17,4.010561622200047,4.0,4.0,0.75,0.6,6.0,0.0,0.0,0,0.003164630356331115,0.0,0.0,0.003164630356331115,0.01269194505555083,8.0,6.0,4.410439424462183,sim_input.json
95,3,10,<bidder.IntegralGreedyBidder object at 0x0000028086D3FE10>,5,True,18,0.3968081502124119,6.0,6.0,0.5,0.42857142857142855,6.0,0.0,0.0,0,0.0020873340569424726,0.0,0.0,0.0020873340569424726,0.0008282711660107118,8.0,6.0,4.410439424462183,sim_input.json
95,3,10,<bidder.IntegralGreedyBidder object at 0x0000028086D3FE10>,5,True,19,3.4237372154826273,2.0,2.0,1,1,6.0,0.0,0.0,0,0.01694915254237288,0.0,0.0,0.01694915254237288,0.05802944433021402,8.0,6.0,4.410439424462183,sim_input.json
95,3,10,<bidder.IntegralGreedyBidder object at 0x0000028086D3FE10>,5,True,20,5.514924228679171,1.0,1.0,1,1,6.0,0.0,0.0,0,0.03389830508474576,0.0,0.0,0.03389830508474576,0.18694658402302275,8.0,6.0,4.410439424462183,sim_input.json
95,3,10,<bidder.IntegralGreedyBidder object at 0x0000028086D3FE10>,5,True,21,0.2935334045483796,1.0,1.0,1,1,6.0,1.0,1.0,1,1.0,1.0,1.0,1.0,0.2935334045483796,8.0,6.0,4.410439424462183,sim_input.json
95,3,10,<bidder.IntegralGreedyBidder object at 0x0000028086D3FE10>,5,True,22,7.098630846550389,3.0,3.0,1,0.75,6.0,0.0,0.0,0,0.0029640143608583146,0.0,0.0,0.0029640143608583146,0.02104044377160717,8.0,6.0,4.410439424462183,sim_input.json
95,3,10,<bidder.IntegralGreedyBidder object at 0x0000028086D3FE10>,5,True,23,5.3253344358135895,3.0,3.0,1,0.75,6.0,0.0,0.0,0,0.00121065375302663,0.0,0.0,0.00121065375302663,0.006447136120839674,8.0,6.0,4.410439424462183,sim_input.json
95,3,10,<bidder.IntegralGreedyBidder object at 0x0000028086D3FE10>,5,True,24,7.399699785650447,4.0,4.0,0.75,0.6,6.0,0.0,0.0,0,0.00047080979284368945,0.0,0.0,0.00047080979284368945,0.00348385112318758,8.0,6.0,4.410439424462183,sim_input.json
95,3,10,<bidder.IntegralGreedyBidder object at 0x0000028086D3FE10>,5,True,25,3.4503197730322492,2.0,2.0,1,1,6.0,0.0,0.0,0,0.01757689893283114,0.0,0.0,0.01757689893283114,0.06064592193653672,8.0,6.0,4.410439424462183,sim_input.json
95,3,10,<bidder.IntegralGreedyBidder object at 0x0000028086D3FE10>,5,True,26,6.174467809267936,1.0,1.0,1,1,6.0,0.0,0.0,0,0.03389830508474576,0.0,0.0,0.03389830508474576,0.20930399353450632,8.0,6.0,4.410439424462183,sim_input.json
95,3,10,<bidder.IntegralGreedyBidder object at 0x0000028086D3FE10>,5,True,27,7.109628987330721,0.0,0.0,1,1,6.0,0.0,0.0,0,0.05084745762711865,0.0,0.0,0.05084745762711865,0.3615065586778333,8.0,6.0,4.410439424462183,sim_input.json
95,3,10,<bidder.IntegralGreedyBidder object at 0x0000028086D3FE10>,5,True,28,0.6681249585678227,4.0,4.0,0.75,0.6,6.0,0.0,0.0,0,0.0013788001076136696,0.0,0.0,0.0013788001076136696,0.0009212107647726925,8.0,6.0,4.410439424462183,sim_input.json
95,3,10,<bidder.IntegralGreedyBidder object at 0x0000028086D3FE10>,5,True,29,5.479290906973648,3.0,3.0,1,0.75,6.0,0.0,0.0,0,0.0006277463904582576,0.0,0.0,0.0006277463904582576,0.00343960508912346,8.0,6.0,4.410439424462183,sim_input.json
95,3,10,<bidder.IntegralGreedyBidder object at 0x0000028086D3FE10>,5,True,30,0.5909534287806175,4.0,4.0,0.75,0.75,6.0,1.0,1.0,1,0.7504708097928436,0.75,0.75,0.7504708097928436,0.4434932982468476,8.0,6.0,4.410439424462183,sim_input.json
95,3,10,<bidder.IntegralGreedyBidder object at 0x0000028086D3FE10>,5,True,31,0.6651977041962912,4.0,4.0,0.75,0.75,6.0,1.0,1.0,1,0.75,0.75,0.75,0.75,0.49889827814721843,8.0,6.0,4.410439424462183,sim_input.json
95,3,10,<bidder.IntegralGreedyBidder object at 0x0000028086D3FE10>,5,True,32,0.06479578829271349,4.0,4.0,0.75,0.75,6.0,1.0,1.0,1,0.7509416195856874,0.75,0.75,0.7509416195856874,0.04865785420286159,8.0,6.0,4.410439424462183,sim_input.json
95,3,10,<bidder.IntegralGreedyBidder object at 0x0000028086D3FE10>,5,True,33,7.994168856800302,2.0,2.0,1,1,6.0,0.0,0.0,0,0.01694915254237288,0.0,0.0,0.01694915254237288,0.13549438740339495,8.0,6.0,4.410439424462183,sim_input.json
95,3,10,<bidder.IntegralGreedyBidder object at 0x0000028086D3FE10>,5,True,34,3.5280273740254793,4.0,4.0,0.75,0.6,6.0,0.0,0.0,0,0.0,0.0,0.0,0.0,0.0,8.0,6.0,4.410439424462183,sim_input.json
95,3,10,<bidder.IntegralGreedyBidder object at 0x0000028086D3FE10>,5,True,35,0.07340780755154375,4.0,4.0,0.75,0.75,6.0,1.0,1.0,1,0.7513788001076137,0.75,0.75,0.7513788001076137,0.055157070356609564,8.0,6.0,4.410439424462183,sim_input.json
95,3,10,<bidder.IntegralGreedyBidder object at 0x0000028086D3FE10>,5,True,36,5.044065723272034,3.0,3.0,1,0.75,6.0,0.0,0.0,0,0.0018832391713747654,0.0,0.0,0.0018832391713747654,0.009499182153054682,8.0,6.0,4.410439424462183,sim_input.json
95,3,10,<bidder.IntegralGreedyBidder object at 0x0000028086D3FE10>,5,True,37,0.5241852210384527,6.0,6.0,0.5,0.42857142857142855,6.0,0.0,0.0,0,0.0011905534991449712,0.0,0.0,0.0011905534991449712,0.00062407054910741,8.0,6.0,4.410439424462183,sim_input.json
95,3,10,<bidder.IntegralGreedyBidder object at 0x0000028086D3FE10>,5,True,38,2.2056131216335455,3.0,3.0,1,0.75,6.0,0.0,0.0,0,0.0006277463904582576,0.0,0.0,0.0006277463904582576,0.001384565675852828,8.0,6.0,4.410439424462183,sim_input.json
95,3,10,<bidder.IntegralGreedyBidder object at 0x0000028086D3FE10>,5,True,39,2.866617498950128,3.0,3.0,1,0.75,6.0,0.0,0.0,0,0.0,0.0,0.0,0.0,0.0,8.0,6.0,4.410439424462183,sim_input.json
95,3,10,<bidder.IntegralGreedyBidder object at 0x0000028086D3FE10>,5,True,40,0.7308482338799652,4.0,4.0,0.75,0.75,6.0,1.0,1.0,1,0.7518496099004573,0.75,0.75,0.7518496099004573,0.54948795953909,8.0,6.0,4.410439424462183,sim_input.json
95,3,10,<bidder.IntegralGreedyBidder object at 0x0000028086D3FE10>,5,True,41,6.846947820067205,1.0,1.0,1,1,6.0,0.0,0.0,0,0.03389830508474576,0.0,0.0,0.03389830508474576,0.23209992610397306,8.0,6.0,4.410439424462183,sim_input.json
95,3,10,<bidder.IntegralGreedyBidder object at 0x0000028086D3FE10>,5,True,42,3.529298309144675,4.0,4.0,0.75,0.6,6.0,0.0,0.0,0,0.001315020455873756,0.0,0.0,0.001315020455873756,0.004641099471405907,8.0,6.0,4.410439424462183,sim_input.json
95,3,10,<bidder.IntegralGreedyBidder object at 0x0000028086D3FE10>,5,True,43,4.170232026677701,4.0,4.0,0.75,0.6,6.0,0.0,0.0,0,0.0,0.0,0.0,0.0,0.0,8.0,6.0,4.410439424462183,sim_input.json
95,3,10,<bidder.IntegralGreedyBidder object at 0x0000028086D3FE10>,5,True,44,5.010563474657847,3.0,3.0,1,0.75,6.0,0.0,0.0,0,0.0023811069982899347,0.0,0.0,0.0023811069982899347,0.01193068775488373,8.0,6.0,4.410439424462183,sim_input.json
95,3,10,<bidder.IntegralGreedyBidder object at 0x0000028086D3FE10>,5,True,45,3.0488403675427276,1.0,1.0,1,1,6.0,0.0,0.0,0,0.03389830508474576,0.0,0.0,0.03389830508474576,0.10335052093365178,8.0,6.0,4.410439424462183,sim_input.json
95,3,10,<bidder.IntegralGreedyBidder object at 0x0000028086D3FE10>,5,True,46,5.893385993723283,0.0,1.0,1,1,6.0,0.0,0.0,0,0.03389830508474576,0.0,0.0,0.03389830508474576,0.19977579639739942,8.0,6.0,4.410439424462183,sim_input.json
95,3,10,<bidder.IntegralGreedyBidder object at 0x0000028086D3FE10>,5,True,47,3.0228402188140846,4.0,4.0,0.75,0.6,6.0,0.0,0.0,0,0.0009416195856873789,0.0,0.0,0.0009416195856873789,0.002846365554438864,8.0,6.0,4.410439424462183,sim_input.json
95,3,10,<bidder.IntegralGreedyBidder object at 0x0000028086D3FE10>,5,True,48,0.0,2.0,2.0,1,1,6.0,0.0,0.0,0,0.0,0.0,0.0,0.0,0.0,8.0,6.0,4.410439424462183,sim_input.json
95,3,10,<bidder.IntegralGreedyBidder object at 0x0000028086D3FE10>,5,True,49,3.874298499755535,3.0,3.0,1,0.75,6.0,0.0,0.0,0,0.0017533606078316772,0.0,0.0,0.0017533606078316772,0.00679304237245272,8.0,6.0,4.410439424462183,sim_input.json
95,3,10,<bidder.IntegralGreedyBidder object at 0x0000028086D3FE10>,5,True,50,5.455891611073707,1.0,1.0,1,1,6.0,0.0,0.0,0,0.035108958837772396,0.0,0.0,0.035108958837772396,0.1915506739965345,8.0,6.0,4.410439424462183,sim_input.json
95,3,10,<bidder.IntegralGreedyBidder object at 0x0000028086D3FE10>,5,True,51,6.223919581175307,4.0,4.0,0.75,0.6,6.0,0.0,0.0,0,0.001315020455873756,0.0,0.0,0.001315020455873756,0.008184581564958748,8.0,6.0,4.410439424462183,sim_input.json
95,3,11,<bidder.IntegralGreedyBidder object at 0x0000028086D3FD68>,5,True,0,3.8057824279435204,6.0,6.0,0.5,0.42857142857142855,5.85,0.0,0.0,0,0.00078692493946731,0.0,0.0,0.00078692493946731,0.002994865106735207,7.0,5.85,7.866854798208649,sim_input.json
95,3,11,<bidder.IntegralGreedyBidder object at 0x0000028086D3FD68>,5,True,1,4.686869533313623,1.0,1.0,1,1,5.85,0.0,0.0,0,0.0463471654003507,0.0,0.0,0.0463471654003507,0.217223117470351,7.0,5.85,7.866854798208649,sim_input.json
95,3,11,<bidder.IntegralGreedyBidder object at 0x0000028086D3FD68>,5,True,2,3.418393357783895,4.0,4.0,0.75,0.6,5.85,0.0,0.0,0,0.0017924401398977715,0.0,0.0,0.0017924401398977715,0.006127265468451777,7.0,5.85,7.866854798208649,sim_input.json
95,3,11,<bidder.IntegralGreedyBidder object at 0x0000028086D3FD68>,5,True,3,0.3391139356387439,3.0,3.0,1,1,5.85,1.0,1.0,1,1.0,1.0,1.0,1.0,0.3391139356387439,7.0,5.85,7.866854798208649,sim_input.json
95,3,11,<bidder.IntegralGreedyBidder object at 0x0000028086D3FD68>,5,True,4,0.41208105532670747,5.0,5.0,0.6,0.6,5.85,1.0,1.0,1,0.6,0.6,0.6,0.6,0.24724863319602447,7.0,5.85,7.866854798208649,sim_input.json
95,3,11,<bidder.IntegralGreedyBidder object at 0x0000028086D3FD68>,5,True,5,1.916434089178213,3.0,3.0,1,0.75,5.85,0.0,0.0,0,0.00157384987893462,0.0,0.0,0.00157384987893462,0.0030161795592393093,7.0,5.85,7.866854798208649,sim_input.json
95,3,11,<bidder.IntegralGreedyBidder object at 0x0000028086D3FD68>,5,True,6,4.364390651556186,1.0,1.0,1,1,5.85,0.0,0.0,0,0.044883866917765254,0.0,0.0,0.044883866917765254,0.19589072918158665,7.0,5.85,7.866854798208649,sim_input.json
95,3,11,<bidder.IntegralGreedyBidder object at 0x0000028086D3FD68>,5,True,7,3.7889299669449357,3.0,3.0,1,0.75,5.85,0.0,0.0,0,0.0,0.0,0.0,0.0,0.0,7.0,5.85,7.866854798208649,sim_input.json
95,3,11,<bidder.IntegralGreedyBidder object at 0x0000028086D3FD68>,5,True,8,4.260198149394805,2.0,2.0,1,1,5.85,0.0,0.0,0,0.02203389830508476,0.0,0.0,0.02203389830508476,0.09386877278327542,7.0,5.85,7.866854798208649,sim_input.json
95,3,11,<bidder.IntegralGreedyBidder object at 0x0000028086D3FD68>,5,True,9,0.358810735015999,4.0,4.0,0.75,0.75,5.85,1.0,1.0,1,0.751180387409201,0.75,0.75,0.751180387409201,0.2695315869358983,7.0,5.85,7.866854798208649,sim_input.json
95,3,11,<bidder.IntegralGreedyBidder object at 0x0000028086D3FD68>,5,True,10,3.20225460228028,3.0,3.0,1,0.75,5.85,0.0,0.0,0,0.00157384987893462,0.0,0.0,0.00157384987893462,0.005039868018116648,7.0,5.85,7.866854798208649,sim_input.json
95,3,11,<bidder.IntegralGreedyBidder object at 0x0000028086D3FD68>,5,True,11,0.7796404284855413,2.0,2.0,1,1,5.85,1.0,1.0,1,1.0,1.0,1.0,1.0,0.7796404284855413,7.0,5.85,7.866854798208649,sim_input.json
95,3,11,<bidder.IntegralGreedyBidder object at 0x0000028086D3FD68>,5,True,12,3.8260017964654693,3.0,3.0,1,0.75,5.85,0.0,0.0,0,0.00157384987893462,0.0,0.0,0.00157384987893462,0.0060215524641708176,7.0,5.85,7.866854798208649,sim_input.json
95,3,11,<bidder.IntegralGreedyBidder object at 0x0000028086D3FD68>,5,True,13,0.5307183676380376,6.0,6.0,0.5,0.5,5.85,1.0,1.0,1,0.5008160703075958,0.5,0.5,0.5008160703075958,0.2657922873205439,7.0,5.85,7.866854798208649,sim_input.json
95,3,11,<bidder.IntegralGreedyBidder object at 0x0000028086D3FD68>,5,True,14,6.208787748512711,3.0,3.0,1,0.75,5.85,0.0,0.0,0,0.0008160703075957355,0.0,0.0,0.0008160703075957355,0.005066807327725402,7.0,5.85,7.866854798208649,sim_input.json
95,3,11,<bidder.IntegralGreedyBidder object at 0x0000028086D3FD68>,5,True,15,2.419460284175112,3.0,3.0,1,0.75,5.85,0.0,0.0,0,0.00157384987893462,0.0,0.0,0.00157384987893462,0.003807867275336121,7.0,5.85,7.866854798208649,sim_input.json
95,3,11,<bidder.IntegralGreedyBidder object at 0x0000028086D3FD68>,5,True,16,2.1266073892891106,3.0,3.0,1,0.75,5.85,0.0,0.0,0,0.0,0.0,0.0,0.0,0.0,7.0,5.85,7.866854798208649,sim_input.json
95,3,11,<bidder.IntegralGreedyBidder object at 0x0000028086D3FD68>,5,True,17,4.498686202471617,4.0,4.0,0.75,0.6,5.85,0.0,0.0,0,0.004114019463230452,0.0,0.0,0.004114019463230452,0.018507682595934525,7.0,5.85,7.866854798208649,sim_input.json
95,3,11,<bidder.IntegralGreedyBidder object at 0x0000028086D3FD68>,5,True,18,5.302025770715474,6.0,6.0,0.5,0.42857142857142855,5.85,0.0,0.0,0,0.002713534274025216,0.0,0.0,0.002713534274025216,0.0143872286506014,7.0,5.85,7.866854798208649,sim_input.json
95,3,11,<bidder.IntegralGreedyBidder object at 0x0000028086D3FD68>,5,True,19,7.172114360665231,2.0,2.0,1,1,5.85,0.0,0.0,0,0.02203389830508476,0.0,0.0,0.02203389830508476,0.15802963845533569,7.0,5.85,7.866854798208649,sim_input.json
95,3,11,<bidder.IntegralGreedyBidder object at 0x0000028086D3FD68>,5,True,20,2.0315783087106842,1.0,1.0,1,1,5.85,1.0,1.0,1,1.0,1.0,1.0,1.0,2.0315783087106842,7.0,5.85,7.866854798208649,sim_input.json
95,3,11,<bidder.IntegralGreedyBidder object at 0x0000028086D3FD68>,5,True,21,2.5651927614374532,1.0,1.0,1,1,5.85,0.0,0.0,0,0.04406779661016952,0.0,0.0,0.04406779661016952,0.11304239287690479,7.0,5.85,7.866854798208649,sim_input.json
95,3,11,<bidder.IntegralGreedyBidder object at 0x0000028086D3FD68>,5,True,22,6.532987489170161,3.0,3.0,1,0.75,5.85,0.0,0.0,0,0.0038532186691158116,0.0,0.0,0.0038532186691158116,0.025173029358370496,7.0,5.85,7.866854798208649,sim_input.json
95,3,11,<bidder.IntegralGreedyBidder object at 0x0000028086D3FD68>,5,True,23,4.190889589199272,3.0,3.0,1,0.75,5.85,0.0,0.0,0,0.00157384987893462,0.0,0.0,0.00157384987893462,0.006595831072589633,7.0,5.85,7.866854798208649,sim_input.json
95,3,11,<bidder.IntegralGreedyBidder object at 0x0000028086D3FD68>,5,True,24,5.183205382609065,4.0,4.0,0.75,0.6,5.85,0.0,0.0,0,0.0006120527306967967,0.0,0.0,0.0006120527306967967,0.0031723950081882133,7.0,5.85,7.866854798208649,sim_input.json
95,3,11,<bidder.IntegralGreedyBidder object at 0x0000028086D3FD68>,5,True,25,0.984520067027397,2.0,2.0,1,1,5.85,1.0,1.0,1,1.0,1.0,1.0,1.0,0.984520067027397,7.0,5.85,7.866854798208649,sim_input.json
95,3,11,<bidder.IntegralGreedyBidder object at 0x0000028086D3FD68>,5,True,26,7.834751374083321,1.0,1.0,1,1,5.85,0.0,0.0,0,0.04406779661016952,0.0,0.0,0.04406779661016952,0.3452602300443499,7.0,5.85,7.866854798208649,sim_input.json
95,3,11,<bidder.IntegralGreedyBidder object at 0x0000028086D3FD68>,5,True,27,7.979910150076525,0.0,0.0,1,1,5.85,0.0,0.0,0,0.06610169491525428,0.0,0.0,0.06610169491525428,0.5274855861914994,7.0,5.85,7.866854798208649,sim_input.json
95,3,11,<bidder.IntegralGreedyBidder object at 0x0000028086D3FD68>,5,True,28,2.6541455736927455,4.0,4.0,0.75,0.6,5.85,0.0,0.0,0,0.0017924401398977715,0.0,0.0,0.0017924401398977715,0.004757397063418876,7.0,5.85,7.866854798208649,sim_input.json
95,3,11,<bidder.IntegralGreedyBidder object at 0x0000028086D3FD68>,5,True,29,4.330185944079931,3.0,3.0,1,0.75,5.85,0.0,0.0,0,0.0008160703075957355,0.0,0.0,0.0008160703075957355,0.0035337361753320392,7.0,5.85,7.866854798208649,sim_input.json
95,3,11,<bidder.IntegralGreedyBidder object at 0x0000028086D3FD68>,5,True,30,3.0095908133168443,4.0,4.0,0.75,0.6,5.85,0.0,0.0,0,0.0006120527306967967,0.0,0.0,0.0006120527306967967,0.0018420282755705678,7.0,5.85,7.866854798208649,sim_input.json
95,3,11,<bidder.IntegralGreedyBidder object at 0x0000028086D3FD68>,5,True,31,2.600995813086042,4.0,4.0,0.75,0.6,5.85,0.0,0.0,0,0.0,0.0,0.0,0.0,0.0,7.0,5.85,7.866854798208649,sim_input.json
95,3,11,<bidder.IntegralGreedyBidder object at 0x0000028086D3FD68>,5,True,32,4.308979610936619,4.0,4.0,0.75,0.6,5.85,0.0,0.0,0,0.0012241054613935933,0.0,0.0,0.0012241054613935933,0.005274645474781157,7.0,5.85,7.866854798208649,sim_input.json
95,3,11,<bidder.IntegralGreedyBidder object at 0x0000028086D3FD68>,5,True,33,3.091332599946181,2.0,2.0,1,1,5.85,0.0,0.0,0,0.02203389830508476,0.0,0.0,0.02203389830508476,0.06811410813440742,7.0,5.85,7.866854798208649,sim_input.json
95,3,11,<bidder.IntegralGreedyBidder object at 0x0000028086D3FD68>,5,True,34,1.6158696933524568,4.0,4.0,0.75,0.6,5.85,0.0,0.0,0,0.0,0.0,0.0,0.0,0.0,7.0,5.85,7.866854798208649,sim_input.json
95,3,11,<bidder.IntegralGreedyBidder object at 0x0000028086D3FD68>,5,True,35,3.2602247492820275,4.0,4.0,0.75,0.6,5.85,0.0,0.0,0,0.0017924401398977715,0.0,0.0,0.0017924401398977715,0.005843757705701254,7.0,5.85,7.866854798208649,sim_input.json
95,3,11,<bidder.IntegralGreedyBidder object at 0x0000028086D3FD68>,5,True,36,6.479638851296551,3.0,3.0,1,0.75,5.85,0.0,0.0,0,0.0024482109227871966,0.0,0.0,0.0024482109227871966,0.015863522611460498,7.0,5.85,7.866854798208649,sim_input.json
95,3,11,<bidder.IntegralGreedyBidder object at 0x0000028086D3FD68>,5,True,37,6.987129502451512,6.0,6.0,0.5,0.42857142857142855,5.85,0.0,0.0,0,0.0015477195488884635,0.0,0.0,0.0015477195488884635,0.010814116921559529,7.0,5.85,7.866854798208649,sim_input.json
95,3,11,<bidder.IntegralGreedyBidder object at 0x0000028086D3FD68>,5,True,38,7.846381151602819,3.0,3.0,1,0.75,5.85,0.0,0.0,0,0.0008160703075957355,0.0,0.0,0.0008160703075957355,0.006403198679901894,7.0,5.85,7.866854798208649,sim_input.json
95,3,11,<bidder.IntegralGreedyBidder object at 0x0000028086D3FD68>,5,True,39,3.6943844540520963,3.0,3.0,1,0.75,5.85,0.0,0.0,0,0.0,0.0,0.0,0.0,0.0,7.0,5.85,7.866854798208649,sim_input.json
95,3,11,<bidder.IntegralGreedyBidder object at 0x0000028086D3FD68>,5,True,40,2.538403977367504,4.0,4.0,0.75,0.6,5.85,0.0,0.0,0,0.002404492870594568,0.0,0.0,0.002404492870594568,0.0061035742662690585,7.0,5.85,7.866854798208649,sim_input.json
95,3,11,<bidder.IntegralGreedyBidder object at 0x0000028086D3FD68>,5,True,41,6.568805351551371,1.0,1.0,1,1,5.85,0.0,0.0,0,0.04406779661016952,0.0,0.0,0.04406779661016952,0.2894727782039589,7.0,5.85,7.866854798208649,sim_input.json
95,3,11,<bidder.IntegralGreedyBidder object at 0x0000028086D3FD68>,5,True,42,0.0,4.0,4.0,0.75,0.6,5.85,0.0,0.0,0,0.0,0.0,0.0,0.0,0.0,7.0,5.85,7.866854798208649,sim_input.json
95,3,11,<bidder.IntegralGreedyBidder object at 0x0000028086D3FD68>,5,True,43,5.888236321402309,4.0,4.0,0.75,0.6,5.85,0.0,0.0,0,0.0,0.0,0.0,0.0,0.0,7.0,5.85,7.866854798208649,sim_input.json
95,3,11,<bidder.IntegralGreedyBidder object at 0x0000028086D3FD68>,5,True,44,3.5653716447488843,3.0,3.0,1,0.75,5.85,0.0,0.0,0,0.003095439097776917,0.0,0.0,0.003095439097776917,0.011036390787260889,7.0,5.85,7.866854798208649,sim_input.json
95,3,11,<bidder.IntegralGreedyBidder object at 0x0000028086D3FD68>,5,True,45,5.231572108890866,1.0,1.0,1,1,5.85,0.0,0.0,0,0.04406779661016952,0.0,0.0,0.04406779661016952,0.2305438556460383,7.0,5.85,7.866854798208649,sim_input.json
95,3,11,<bidder.IntegralGreedyBidder object at 0x0000028086D3FD68>,5,True,46,7.150752045496642,0.0,1.0,1,1,5.85,0.0,0.0,0,0.04406779661016952,0.0,0.0,0.04406779661016952,0.3151178867506997,7.0,5.85,7.866854798208649,sim_input.json
95,3,11,<bidder.IntegralGreedyBidder object at 0x0000028086D3FD68>,5,True,47,0.0,4.0,4.0,0.75,0.6,5.85,0.0,0.0,0,0.0,0.0,0.0,0.0,0.0,7.0,5.85,7.866854798208649,sim_input.json
95,3,11,<bidder.IntegralGreedyBidder object at 0x0000028086D3FD68>,5,True,48,3.537115598547958,2.0,2.0,1,1,5.85,0.0,0.0,0,0.02203389830508476,0.0,0.0,0.02203389830508476,0.07793644539173471,7.0,5.85,7.866854798208649,sim_input.json
95,3,11,<bidder.IntegralGreedyBidder object at 0x0000028086D3FD68>,5,True,49,0.0,3.0,3.0,1,0.75,5.85,0.0,0.0,0,0.0,0.0,0.0,0.0,0.0,7.0,5.85,7.866854798208649,sim_input.json
95,3,11,<bidder.IntegralGreedyBidder object at 0x0000028086D3FD68>,5,True,50,2.9762300680887805,1.0,1.0,1,1,5.85,0.0,0.0,0,0.04564164648910414,0.0,0.0,0.04564164648910414,0.13584004063795047,7.0,5.85,7.866854798208649,sim_input.json
95,3,11,<bidder.IntegralGreedyBidder object at 0x0000028086D3FD68>,5,True,51,5.9788653203978885,4.0,4.0,0.75,0.6,5.85,0.0,0.0,0,0.0017095265926358838,0.0,0.0,0.0017095265926358838,0.010221029259008654,7.0,5.85,7.866854798208649,sim_input.json
95,3,12,<bidder.UniformBidder object at 0x0000028086D3FCC0>,5,True,0,0.0,6.0,6.0,0.5,0.42857142857142855,3.85,0.0,0.0,0,0.0,0.0,0.0,0.0,0.0,5.0,3.85,11.747837099884084,sim_input.json
95,3,12,<bidder.UniformBidder object at 0x0000028086D3FCC0>,5,True,1,4.368702186332518,1.0,1.0,1,1,3.85,0.0,0.0,0,0.18895382817066042,0.0,0.0,0.18895382817066042,0.8254830022450631,5.0,3.85,11.747837099884084,sim_input.json
95,3,12,<bidder.UniformBidder object at 0x0000028086D3FCC0>,5,True,2,2.4531326964733595,4.0,4.0,0.75,0.6,3.85,0.0,0.0,0,0.007307640570352448,0.0,0.0,0.007307640570352448,0.01792661201720682,5.0,3.85,11.747837099884084,sim_input.json
95,3,12,<bidder.UniformBidder object at 0x0000028086D3FCC0>,5,True,3,3.4576212612019672,3.0,3.0,1,0.75,3.85,0.0,0.0,0,0.0,0.0,0.0,0.0,0.0,5.0,3.85,11.747837099884084,sim_input.json
95,3,12,<bidder.UniformBidder object at 0x0000028086D3FCC0>,5,True,4,0.5178941479615422,5.0,5.0,0.6,0.6,3.85,1.0,1.0,1,0.6,0.6,0.6,0.6,0.31073648877692533,5.0,3.85,11.747837099884084,sim_input.json
95,3,12,<bidder.UniformBidder object at 0x0000028086D3FCC0>,5,True,5,0.9679196881046099,3.0,3.0,1,0.75,3.85,0.0,0.0,0,0.0064164648910411395,0.0,0.0,0.0064164648910411395,0.00621062269607072,5.0,3.85,11.747837099884084,sim_input.json
95,3,12,<bidder.UniformBidder object at 0x0000028086D3FCC0>,5,True,6,5.300855758975613,1.0,1.0,1,1,3.85,0.0,0.0,0,0.18298807281858132,0.0,0.0,0.18298807281858132,0.9699933796242257,5.0,3.85,11.747837099884084,sim_input.json
95,3,12,<bidder.UniformBidder object at 0x0000028086D3FCC0>,5,True,7,3.687571932706174,3.0,3.0,1,0.75,3.85,0.0,0.0,0,0.0,0.0,0.0,0.0,0.0,5.0,3.85,11.747837099884084,sim_input.json
95,3,12,<bidder.UniformBidder object at 0x0000028086D3FCC0>,5,True,8,1.9821882238201958,2.0,2.0,1,1,3.85,0.0,0.0,0,0.08983050847457627,0.0,0.0,0.08983050847457627,0.17806097603808538,5.0,3.85,11.747837099884084,sim_input.json
95,3,12,<bidder.UniformBidder object at 0x0000028086D3FCC0>,5,True,9,4.965122198283994,4.0,4.0,0.75,0.6,3.85,0.0,0.0,0,0.004812348668280894,0.0,0.0,0.004812348668280894,0.023893899198763884,5.0,3.85,11.747837099884084,sim_input.json
95,3,12,<bidder.UniformBidder object at 0x0000028086D3FCC0>,5,True,10,6.5062507207393265,3.0,3.0,1,0.75,3.85,0.0,0.0,0,0.0064164648910411395,0.0,0.0,0.0064164648910411395,0.041747129321935,5.0,3.85,11.747837099884084,sim_input.json
95,3,12,<bidder.UniformBidder object at 0x0000028086D3FCC0>,5,True,11,0.0,2.0,2.0,1,1,3.85,0.0,0.0,0,0.0,0.0,0.0,0.0,0.0,5.0,3.85,11.747837099884084,sim_input.json
95,3,12,<bidder.UniformBidder object at 0x0000028086D3FCC0>,5,True,12,2.7239165148216564,3.0,3.0,1,0.75,3.85,0.0,0.0,0,0.0064164648910411395,0.0,0.0,0.0064164648910411395,0.0174779146834803,5.0,3.85,11.747837099884084,sim_input.json
95,3,12,<bidder.UniformBidder object at 0x0000028086D3FCC0>,5,True,13,1.1458279891261278,6.0,6.0,0.5,0.42857142857142855,3.85,0.0,0.0,0,0.0033270558694287657,0.0,0.0,0.0033270558694287657,0.0038122337365778434,5.0,3.85,11.747837099884084,sim_input.json
95,3,12,<bidder.UniformBidder object at 0x0000028086D3FCC0>,5,True,14,3.9963700800797013,3.0,3.0,1,0.75,3.85,0.0,0.0,0,0.0033270558694287657,0.0,0.0,0.0033270558694287657,0.013296146531338676,5.0,3.85,11.747837099884084,sim_input.json
95,3,12,<bidder.UniformBidder object at 0x0000028086D3FCC0>,5,True,15,7.281060389088941,3.0,3.0,1,0.75,3.85,0.0,0.0,0,0.0064164648910411395,0.0,0.0,0.0064164648910411395,0.046718668356139526,5.0,3.85,11.747837099884084,sim_input.json
95,3,12,<bidder.UniformBidder object at 0x0000028086D3FCC0>,5,True,16,1.6270391005093046,3.0,3.0,1,0.75,3.85,0.0,0.0,0,0.0,0.0,0.0,0.0,0.0,5.0,3.85,11.747837099884084,sim_input.json
95,3,12,<bidder.UniformBidder object at 0x0000028086D3FCC0>,5,True,17,0.0,4.0,4.0,0.75,0.6,3.85,0.0,0.0,0,0.0,0.0,0.0,0.0,0.0,5.0,3.85,11.747837099884084,sim_input.json
95,3,12,<bidder.UniformBidder object at 0x0000028086D3FCC0>,5,True,18,0.0,6.0,6.0,0.5,0.42857142857142855,3.85,0.0,0.0,0,0.0,0.0,0.0,0.0,0.0,5.0,3.85,11.747837099884084,sim_input.json
95,3,12,<bidder.UniformBidder object at 0x0000028086D3FCC0>,5,True,19,4.672324018253086,2.0,2.0,1,1,3.85,0.0,0.0,0,0.08983050847457627,0.0,0.0,0.08983050847457627,0.41971724231765006,5.0,3.85,11.747837099884084,sim_input.json
95,3,12,<bidder.UniformBidder object at 0x0000028086D3FCC0>,5,True,20,7.668106815318035,1.0,1.0,1,1,3.85,0.0,0.0,0,0.17966101694915254,0.0,0.0,0.17966101694915254,1.3776598685147656,5.0,3.85,11.747837099884084,sim_input.json
95,3,12,<bidder.UniformBidder object at 0x0000028086D3FCC0>,5,True,21,4.239753492999009,1.0,1.0,1,1,3.85,0.0,0.0,0,0.17966101694915254,0.0,0.0,0.17966101694915254,0.7617184241659236,5.0,3.85,11.747837099884084,sim_input.json
95,3,12,<bidder.UniformBidder object at 0x0000028086D3FCC0>,5,True,22,7.046670767711719,3.0,3.0,1,0.75,3.85,0.0,0.0,0,0.01570927611254907,0.0,0.0,0.01570927611254907,0.11069809676421151,5.0,3.85,11.747837099884084,sim_input.json
95,3,12,<bidder.UniformBidder object at 0x0000028086D3FCC0>,5,True,23,3.2312348508338538,3.0,3.0,1,0.75,3.85,0.0,0.0,0,0.0064164648910411395,0.0,0.0,0.0064164648910411395,0.020733104975083978,5.0,3.85,11.747837099884084,sim_input.json
95,3,12,<bidder.UniformBidder object at 0x0000028086D3FCC0>,5,True,24,0.42953455834355736,4.0,4.0,0.75,0.75,3.85,1.0,1.0,1,0.7524952919020715,0.75,0.75,0.7524952919020715,0.3232227328627626,5.0,3.85,11.747837099884084,sim_input.json
95,3,12,<bidder.UniformBidder object at 0x0000028086D3FCC0>,5,True,25,6.720938426001931,2.0,2.0,1,1,3.85,0.0,0.0,0,0.09315756434400503,0.0,0.0,0.09315756434400503,0.6261062538723707,5.0,3.85,11.747837099884084,sim_input.json
95,3,12,<bidder.UniformBidder object at 0x0000028086D3FCC0>,5,True,26,7.7025271737550876,1.0,1.0,1,1,3.85,0.0,0.0,0,0.17966101694915254,0.0,0.0,0.17966101694915254,1.3838438651153209,5.0,3.85,11.747837099884084,sim_input.json
95,3,12,<bidder.UniformBidder object at 0x0000028086D3FCC0>,5,True,27,1.9270004399587712,0.0,0.0,1,1,3.85,0.0,0.0,0,0.2694915254237288,0.0,0.0,0.2694915254237288,0.5193102880566858,5.0,3.85,11.747837099884084,sim_input.json
95,3,12,<bidder.UniformBidder object at 0x0000028086D3FCC0>,5,True,28,5.08070572969294,4.0,4.0,0.75,0.6,3.85,0.0,0.0,0,0.007307640570352448,0.0,0.0,0.007307640570352448,0.037127971316326266,5.0,3.85,11.747837099884084,sim_input.json
95,3,12,<bidder.UniformBidder object at 0x0000028086D3FCC0>,5,True,29,4.578817590745791,3.0,3.0,1,0.75,3.85,0.0,0.0,0,0.0033270558694287657,0.0,0.0,0.0033270558694287657,0.015233981940334464,5.0,3.85,11.747837099884084,sim_input.json
95,3,12,<bidder.UniformBidder object at 0x0000028086D3FCC0>,5,True,30,2.4631735803691734,4.0,4.0,0.75,0.6,3.85,0.0,0.0,0,0.0024952919020715543,0.0,0.0,0.0024952919020715543,0.0061463370884917955,5.0,3.85,11.747837099884084,sim_input.json
95,3,12,<bidder.UniformBidder object at 0x0000028086D3FCC0>,5,True,31,0.00835048095709312,4.0,4.0,0.75,0.75,3.85,1.0,1.0,1,0.75,0.75,0.75,0.75,0.00626286071781984,5.0,3.85,11.747837099884084,sim_input.json
95,3,12,<bidder.UniformBidder object at 0x0000028086D3FCC0>,5,True,32,0.6411886439893814,4.0,4.0,0.75,0.6,3.85,0.0,0.0,0,0.004990583804143109,0.0,0.0,0.004990583804143109,0.0031999056620938882,5.0,3.85,11.747837099884084,sim_input.json
95,3,12,<bidder.UniformBidder object at 0x0000028086D3FCC0>,5,True,33,3.693597010021923,2.0,2.0,1,1,3.85,0.0,0.0,0,0.08983050847457627,0.0,0.0,0.08983050847457627,0.3317976975104439,5.0,3.85,11.747837099884084,sim_input.json
95,3,12,<bidder.UniformBidder object at 0x0000028086D3FCC0>,5,True,34,0.35311477712111916,4.0,4.0,0.75,0.75,3.85,1.0,1.0,1,0.75,0.75,0.75,0.75,0.26483608284083937,5.0,3.85,11.747837099884084,sim_input.json
95,3,12,<bidder.UniformBidder object at 0x0000028086D3FCC0>,5,True,35,6.8889741418768375,4.0,4.0,0.75,0.6,3.85,0.0,0.0,0,0.007307640570352448,0.0,0.0,0.007307640570352448,0.05034214692728812,5.0,3.85,11.747837099884084,sim_input.json
95,3,12,<bidder.UniformBidder object at 0x0000028086D3FCC0>,5,True,36,6.206947318188178,3.0,3.0,1,0.75,3.85,0.0,0.0,0,0.009981167608286257,0.0,0.0,0.009981167608286257,0.06195258151863909,5.0,3.85,11.747837099884084,sim_input.json
95,3,12,<bidder.UniformBidder object at 0x0000028086D3FCC0>,5,True,37,2.287080073781272,6.0,6.0,0.5,0.42857142857142855,3.85,0.0,0.0,0,0.006309933545468347,0.0,0.0,0.006309933545468347,0.014431323278724671,5.0,3.85,11.747837099884084,sim_input.json
95,3,12,<bidder.UniformBidder object at 0x0000028086D3FCC0>,5,True,38,0.8587555917362153,3.0,3.0,1,0.75,3.85,0.0,0.0,0,0.0033270558694287657,0.0,0.0,0.0033270558694287657,0.002857127831890748,5.0,3.85,11.747837099884084,sim_input.json
95,3,12,<bidder.UniformBidder object at 0x0000028086D3FCC0>,5,True,39,3.6113590966955855,3.0,3.0,1,0.75,3.85,0.0,0.0,0,0.0,0.0,0.0,0.0,0.0,5.0,3.85,11.747837099884084,sim_input.json
95,3,12,<bidder.UniformBidder object at 0x0000028086D3FCC0>,5,True,40,1.7498114703488756,4.0,4.0,0.75,0.6,3.85,0.0,0.0,0,0.009802932472424003,0.0,0.0,0.009802932472424003,0.017153283683302982,5.0,3.85,11.747837099884084,sim_input.json
95,3,12,<bidder.UniformBidder object at 0x0000028086D3FCC0>,5,True,41,0.38672196330291964,1.0,1.0,1,1,3.85,1.0,1.0,1,1.0,1.0,1.0,1.0,0.38672196330291964,5.0,3.85,11.747837099884084,sim_input.json
95,3,12,<bidder.UniformBidder object at 0x0000028086D3FCC0>,5,True,42,6.716876484864443,4.0,4.0,0.75,0.6,3.85,0.0,0.0,0,0.006969608416130906,0.0,0.0,0.006969608416130906,0.046813998879022996,5.0,3.85,11.747837099884084,sim_input.json
95,3,12,<bidder.UniformBidder object at 0x0000028086D3FCC0>,5,True,43,1.9707785325869733,4.0,4.0,0.75,0.6,3.85,0.0,0.0,0,0.0,0.0,0.0,0.0,0.0,5.0,3.85,11.747837099884084,sim_input.json
95,3,12,<bidder.UniformBidder object at 0x0000028086D3FCC0>,5,True,44,1.8826835939939377,3.0,3.0,1,0.75,3.85,0.0,0.0,0,0.012619867090936654,0.0,0.0,0.012619867090936654,0.02375921673049044,5.0,3.85,11.747837099884084,sim_input.json
95,3,12,<bidder.UniformBidder object at 0x0000028086D3FCC0>,5,True,45,1.2171438196767506,1.0,1.0,1,1,3.85,0.0,0.0,0,0.17966101694915254,0.0,0.0,0.17966101694915254,0.21867329641650093,5.0,3.85,11.747837099884084,sim_input.json
95,3,12,<bidder.UniformBidder object at 0x0000028086D3FCC0>,5,True,46,2.832092814304706,0.0,1.0,1,1,3.85,0.0,0.0,0,0.17966101694915254,0.0,0.0,0.17966101694915254,0.5088166751123709,5.0,3.85,11.747837099884084,sim_input.json
95,3,12,<bidder.UniformBidder object at 0x0000028086D3FCC0>,5,True,47,0.0,4.0,4.0,0.75,0.6,3.85,0.0,0.0,0,0.0,0.0,0.0,0.0,0.0,5.0,3.85,11.747837099884084,sim_input.json
95,3,12,<bidder.UniformBidder object at 0x0000028086D3FCC0>,5,True,48,5.78563254253387,2.0,2.0,1,1,3.85,0.0,0.0,0,0.08983050847457627,0.0,0.0,0.08983050847457627,0.5197263131428731,5.0,3.85,11.747837099884084,sim_input.json
95,3,12,<bidder.UniformBidder object at 0x0000028086D3FCC0>,5,True,49,2.5649639947035157,3.0,3.0,1,0.75,3.85,0.0,0.0,0,0.009292811221507888,0.0,0.0,0.009292811221507888,0.02383572619274453,5.0,3.85,11.747837099884084,sim_input.json
95,3,12,<bidder.UniformBidder object at 0x0000028086D3FCC0>,5,True,50,6.334882689024783,1.0,1.0,1,1,3.85,0.0,0.0,0,0.18607748184019368,0.0,0.0,0.18607748184019368,1.1787790185267664,5.0,3.85,11.747837099884084,sim_input.json
95,3,12,<bidder.UniformBidder object at 0x0000028086D3FCC0>,5,True,51,4.448261586957601,4.0,4.0,0.75,0.6,3.85,0.0,0.0,0,0.006969608416130906,0.0,0.0,0.006969608416130906,0.03100264139361152,5.0,3.85,11.747837099884084,sim_input.json
95,3,13,<bidder.UniformBidder object at 0x0000028086D3FD30>,5,True,0,0.8943220344090144,6.0,6.0,0.5,0.5,4.25,1.0,1.0,1,0.5027239709443099,0.5,0.5,0.5027239709443099,0.44959712444109345,5.0,4.25,10.160244426642178,sim_input.json
95,3,13,<bidder.UniformBidder object at 0x0000028086D3FD30>,5,True,1,0.0,1.0,1.0,1,1,4.25,0.0,0.0,0,0.0,0.0,0.0,0.0,0.0,5.0,4.25,10.160244426642178,sim_input.json
95,3,13,<bidder.UniformBidder object at 0x0000028086D3FD30>,5,True,2,1.5925112453251513,4.0,4.0,0.75,0.6,4.25,0.0,0.0,0,0.006204600484261513,0.0,0.0,0.006204600484261513,0.009880896043936339,5.0,4.25,10.160244426642178,sim_input.json
95,3,13,<bidder.UniformBidder object at 0x0000028086D3FD30>,5,True,3,3.8066851514092876,3.0,3.0,1,0.75,4.25,0.0,0.0,0,0.0,0.0,0.0,0.0,0.0,5.0,4.25,10.160244426642178,sim_input.json
95,3,13,<bidder.UniformBidder object at 0x0000028086D3FD30>,5,True,4,2.6835007419003785,5.0,5.0,0.6,0.5,4.25,0.0,0.0,0,0.0,0.0,0.0,0.0,0.0,5.0,4.25,10.160244426642178,sim_input.json
95,3,13,<bidder.UniformBidder object at 0x0000028086D3FD30>,5,True,5,6.1372099457759,3.0,3.0,1,0.75,4.25,0.0,0.0,0,0.005447941888619836,0.0,0.0,0.005447941888619836,0.033435163142846794,5.0,4.25,10.160244426642178,sim_input.json
95,3,13,<bidder.UniformBidder object at 0x0000028086D3FD30>,5,True,6,3.3221327270925416,1.0,1.0,1,1,4.25,0.0,0.0,0,0.1553672316384181,0.0,0.0,0.1553672316384181,0.5161505649437566,5.0,4.25,10.160244426642178,sim_input.json
95,3,13,<bidder.UniformBidder object at 0x0000028086D3FD30>,5,True,7,6.572353563799401,3.0,3.0,1,0.75,4.25,0.0,0.0,0,0.0,0.0,0.0,0.0,0.0,5.0,4.25,10.160244426642178,sim_input.json
95,3,13,<bidder.UniformBidder object at 0x0000028086D3FD30>,5,True,8,0.0,2.0,2.0,1,1,4.25,0.0,0.0,0,0.0,0.0,0.0,0.0,0.0,5.0,4.25,10.160244426642178,sim_input.json
95,3,13,<bidder.UniformBidder object at 0x0000028086D3FD30>,5,True,9,0.0,4.0,4.0,0.75,0.6,4.25,0.0,0.0,0,0.0,0.0,0.0,0.0,0.0,5.0,4.25,10.160244426642178,sim_input.json
95,3,13,<bidder.UniformBidder object at 0x0000028086D3FD30>,5,True,10,6.753827733288387,3.0,3.0,1,0.75,4.25,0.0,0.0,0,0.005447941888619836,0.0,0.0,0.005447941888619836,0.03679446101670416,5.0,4.25,10.160244426642178,sim_input.json
95,3,13,<bidder.UniformBidder object at 0x0000028086D3FD30>,5,True,11,0.0,2.0,2.0,1,1,4.25,0.0,0.0,0,0.0,0.0,0.0,0.0,0.0,5.0,4.25,10.160244426642178,sim_input.json
95,3,13,<bidder.UniformBidder object at 0x0000028086D3FD30>,5,True,12,6.9025621815524945,3.0,3.0,1,0.75,4.25,0.0,0.0,0,0.005447941888619836,0.0,0.0,0.005447941888619836,0.03760475764768295,5.0,4.25,10.160244426642178,sim_input.json
95,3,13,<bidder.UniformBidder object at 0x0000028086D3FD30>,5,True,13,1.2300847846287082,6.0,6.0,0.5,0.42857142857142855,4.25,0.0,0.0,0,0.0028248587570621595,0.0,0.0,0.0028248587570621595,0.0034748157757873268,5.0,4.25,10.160244426642178,sim_input.json
95,3,13,<bidder.UniformBidder object at 0x0000028086D3FD30>,5,True,14,0.515802894580559,3.0,3.0,1,1,4.25,1.0,1.0,1,1.0,1.0,1.0,1.0,0.515802894580559,5.0,4.25,10.160244426642178,sim_input.json
95,3,13,<bidder.UniformBidder object at 0x0000028086D3FD30>,5,True,15,5.726740409937616,3.0,3.0,1,0.75,4.25,0.0,0.0,0,0.005447941888619836,0.0,0.0,0.005447941888619836,0.031198948964551068,5.0,4.25,10.160244426642178,sim_input.json
95,3,13,<bidder.UniformBidder object at 0x0000028086D3FD30>,5,True,16,4.4037955125749315,3.0,3.0,1,0.75,4.25,0.0,0.0,0,0.0,0.0,0.0,0.0,0.0,5.0,4.25,10.160244426642178,sim_input.json
95,3,13,<bidder.UniformBidder object at 0x0000028086D3FD30>,5,True,17,0.0,4.0,4.0,0.75,0.6,4.25,0.0,0.0,0,0.0,0.0,0.0,0.0,0.0,5.0,4.25,10.160244426642178,sim_input.json
95,3,13,<bidder.UniformBidder object at 0x0000028086D3FD30>,5,True,18,7.116326909953863,6.0,6.0,0.5,0.42857142857142855,4.25,0.0,0.0,0,0.009393003256241126,0.0,0.0,0.009393003256241126,0.06684368183767299,5.0,4.25,10.160244426642178,sim_input.json
95,3,13,<bidder.UniformBidder object at 0x0000028086D3FD30>,5,True,19,0.9484098652913191,2.0,2.0,1,1,4.25,1.0,1.0,1,1.0,1.0,1.0,1.0,0.9484098652913191,5.0,4.25,10.160244426642178,sim_input.json
95,3,13,<bidder.UniformBidder object at 0x0000028086D3FD30>,5,True,20,4.904640643051051,1.0,1.0,1,1,4.25,0.0,0.0,0,0.15254237288135594,0.0,0.0,0.15254237288135594,0.7481655218213469,5.0,4.25,10.160244426642178,sim_input.json
95,3,13,<bidder.UniformBidder object at 0x0000028086D3FD30>,5,True,21,0.0,1.0,1.0,1,1,4.25,0.0,0.0,0,0.0,0.0,0.0,0.0,0.0,5.0,4.25,10.160244426642178,sim_input.json
95,3,13,<bidder.UniformBidder object at 0x0000028086D3FD30>,5,True,22,5.103649528308015,3.0,3.0,1,0.75,4.25,0.0,0.0,0,0.013338064623862417,0.0,0.0,0.013338064623862417,0.06807280722611725,5.0,4.25,10.160244426642178,sim_input.json
95,3,13,<bidder.UniformBidder object at 0x0000028086D3FD30>,5,True,23,2.42543712591121,3.0,3.0,1,0.75,4.25,0.0,0.0,0,0.005447941888619836,0.0,0.0,0.005447941888619836,0.013213640516465385,5.0,4.25,10.160244426642178,sim_input.json
95,3,13,<bidder.UniformBidder object at 0x0000028086D3FD30>,5,True,24,0.0,4.0,4.0,0.75,0.6,4.25,0.0,0.0,0,0.0,0.0,0.0,0.0,0.0,5.0,4.25,10.160244426642178,sim_input.json
95,3,13,<bidder.UniformBidder object at 0x0000028086D3FD30>,5,True,25,2.2153285847952118,2.0,2.0,1,1,4.25,0.0,0.0,0,0.07909604519774013,0.0,0.0,0.07909604519774013,0.17522372987080775,5.0,4.25,10.160244426642178,sim_input.json
95,3,13,<bidder.UniformBidder object at 0x0000028086D3FD30>,5,True,26,2.987875393741038,1.0,1.0,1,1,4.25,0.0,0.0,0,0.15254237288135594,0.0,0.0,0.15254237288135594,0.4557776024350736,5.0,4.25,10.160244426642178,sim_input.json
95,3,13,<bidder.UniformBidder object at 0x0000028086D3FD30>,5,True,27,5.583060030751437,0.0,0.0,1,1,4.25,0.0,0.0,0,0.2288135593220339,0.0,0.0,0.2288135593220339,1.2774798375448202,5.0,4.25,10.160244426642178,sim_input.json
95,3,13,<bidder.UniformBidder object at 0x0000028086D3FD30>,5,True,28,6.412093787866829,4.0,4.0,0.75,0.6,4.25,0.0,0.0,0,0.006204600484261513,0.0,0.0,0.006204600484261513,0.039784480221328765,5.0,4.25,10.160244426642178,sim_input.json
95,3,13,<bidder.UniformBidder object at 0x0000028086D3FD30>,5,True,29,7.453913783021848,3.0,3.0,1,0.75,4.25,0.0,0.0,0,0.0028248587570621595,0.0,0.0,0.0028248587570621595,0.0210562536243556,5.0,4.25,10.160244426642178,sim_input.json
95,3,13,<bidder.UniformBidder object at 0x0000028086D3FD30>,5,True,30,5.160092561534805,4.0,4.0,0.75,0.6,4.25,0.0,0.0,0,0.002118644067796603,0.0,0.0,0.002118644067796603,0.010932399494777091,5.0,4.25,10.160244426642178,sim_input.json
95,3,13,<bidder.UniformBidder object at 0x0000028086D3FD30>,5,True,31,5.756109535060115,4.0,4.0,0.75,0.6,4.25,0.0,0.0,0,0.0,0.0,0.0,0.0,0.0,5.0,4.25,10.160244426642178,sim_input.json
95,3,13,<bidder.UniformBidder object at 0x0000028086D3FD30>,5,True,32,7.689106414306247,4.0,4.0,0.75,0.6,4.25,0.0,0.0,0,0.004237288135593206,0.0,0.0,0.004237288135593206,0.03258095938265348,5.0,4.25,10.160244426642178,sim_input.json
95,3,13,<bidder.UniformBidder object at 0x0000028086D3FD30>,5,True,33,7.611169222632388,2.0,2.0,1,1,4.25,0.0,0.0,0,0.07627118644067797,0.0,0.0,0.07627118644067797,0.5805129068109449,5.0,4.25,10.160244426642178,sim_input.json
95,3,13,<bidder.UniformBidder object at 0x0000028086D3FD30>,5,True,34,4.322638295378724,4.0,4.0,0.75,0.6,4.25,0.0,0.0,0,0.0,0.0,0.0,0.0,0.0,5.0,4.25,10.160244426642178,sim_input.json
95,3,13,<bidder.UniformBidder object at 0x0000028086D3FD30>,5,True,35,1.9874610454349773,4.0,4.0,0.75,0.6,4.25,0.0,0.0,0,0.006204600484261513,0.0,0.0,0.006204600484261513,0.012331401764956753,5.0,4.25,10.160244426642178,sim_input.json
95,3,13,<bidder.UniformBidder object at 0x0000028086D3FD30>,5,True,36,0.0,3.0,3.0,1,0.75,4.25,0.0,0.0,0,0.0,0.0,0.0,0.0,0.0,5.0,4.25,10.160244426642178,sim_input.json
95,3,13,<bidder.UniformBidder object at 0x0000028086D3FD30>,5,True,37,1.6515901109010334,6.0,6.0,0.5,0.42857142857142855,4.25,0.0,0.0,0,0.00535749074615237,0.0,0.0,0.00535749074615237,0.008848378735589054,5.0,4.25,10.160244426642178,sim_input.json
95,3,13,<bidder.UniformBidder object at 0x0000028086D3FD30>,5,True,38,0.15506805870320206,3.0,3.0,1,1,4.25,1.0,1.0,1,1.0,1.0,1.0,1.0,0.15506805870320206,5.0,4.25,10.160244426642178,sim_input.json
95,3,13,<bidder.UniformBidder object at 0x0000028086D3FD30>,5,True,39,4.341542386810167,3.0,3.0,1,0.75,4.25,0.0,0.0,0,0.0,0.0,0.0,0.0,0.0,5.0,4.25,10.160244426642178,sim_input.json
95,3,13,<bidder.UniformBidder object at 0x0000028086D3FD30>,5,True,40,1.3613533745534048,4.0,4.0,0.75,0.6,4.25,0.0,0.0,0,0.008323244552058117,0.0,0.0,0.008323244552058117,0.01133087705817756,5.0,4.25,10.160244426642178,sim_input.json
95,3,13,<bidder.UniformBidder object at 0x0000028086D3FD30>,5,True,41,5.232830930945737,1.0,1.0,1,1,4.25,0.0,0.0,0,0.15254237288135594,0.0,0.0,0.15254237288135594,0.7982284470934176,5.0,4.25,10.160244426642178,sim_input.json
95,3,13,<bidder.UniformBidder object at 0x0000028086D3FD30>,5,True,42,4.359056643771858,4.0,4.0,0.75,0.6,4.25,0.0,0.0,0,0.005917592051431902,0.0,0.0,0.005917592051431902,0.025795118946925773,5.0,4.25,10.160244426642178,sim_input.json
95,3,13,<bidder.UniformBidder object at 0x0000028086D3FD30>,5,True,43,0.6182629008028496,4.0,4.0,0.75,0.75,4.25,1.0,1.0,1,0.75,0.75,0.75,0.75,0.4636971756021372,5.0,4.25,10.160244426642178,sim_input.json
95,3,13,<bidder.UniformBidder object at 0x0000028086D3FD30>,5,True,44,6.858537410276574,3.0,3.0,1,0.75,4.25,0.0,0.0,0,0.010714981492304708,0.0,0.0,0.010714981492304708,0.07348910141539294,5.0,4.25,10.160244426642178,sim_input.json
95,3,13,<bidder.UniformBidder object at 0x0000028086D3FD30>,5,True,45,7.957676343689972,1.0,1.0,1,1,4.25,0.0,0.0,0,0.15254237288135594,0.0,0.0,0.15254237288135594,1.2138828320883008,5.0,4.25,10.160244426642178,sim_input.json
95,3,13,<bidder.UniformBidder object at 0x0000028086D3FD30>,5,True,46,1.8403295161675148,0.0,1.0,1,1,4.25,0.0,0.0,0,0.15254237288135594,0.0,0.0,0.15254237288135594,0.2807282312797904,5.0,4.25,10.160244426642178,sim_input.json
95,3,13,<bidder.UniformBidder object at 0x0000028086D3FD30>,5,True,47,1.6597705414748498,4.0,4.0,0.75,0.6,4.25,0.0,0.0,0,0.004237288135593206,0.0,0.0,0.004237288135593206,0.007032926023198492,5.0,4.25,10.160244426642178,sim_input.json
95,3,13,<bidder.UniformBidder object at 0x0000028086D3FD30>,5,True,48,0.0,2.0,2.0,1,1,4.25,0.0,0.0,0,0.0,0.0,0.0,0.0,0.0,5.0,4.25,10.160244426642178,sim_input.json
95,3,13,<bidder.UniformBidder object at 0x0000028086D3FD30>,5,True,49,1.3367368188989766,3.0,3.0,1,0.75,4.25,0.0,0.0,0,0.007890122735242547,0.0,0.0,0.007890122735242547,0.010547017565830614,5.0,4.25,10.160244426642178,sim_input.json
95,3,13,<bidder.UniformBidder object at 0x0000028086D3FD30>,5,True,50,6.4592761563135115,1.0,1.0,1,1,4.25,0.0,0.0,0,0.15799031476997577,0.0,0.0,0.15799031476997577,1.020503073122171,5.0,4.25,10.160244426642178,sim_input.json
95,3,13,<bidder.UniformBidder object at 0x0000028086D3FD30>,5,True,51,1.1437886474193,4.0,4.0,0.75,0.6,4.25,0.0,0.0,0,0.005917592051431902,0.0,0.0,0.005917592051431902,0.0067684746084864965,5.0,4.25,10.160244426642178,sim_input.json
95,3,14,<bidder.IntegralGreedyBidder object at 0x0000028086D3F128>,5,True,0,2.590680180012998,6.0,6.0,0.5,0.42857142857142855,6.5,0.0,0.0,0,0.0,0.0,0.0,0.0,0.0,8.0,6.5,3.8232651945333713,sim_input.json
95,3,14,<bidder.IntegralGreedyBidder object at 0x0000028086D3F128>,5,True,1,3.518641751587636,1.0,1.0,1,1,6.5,0.0,0.0,0,0.0,0.0,0.0,0.0,0.0,8.0,6.5,3.8232651945333713,sim_input.json
95,3,14,<bidder.IntegralGreedyBidder object at 0x0000028086D3F128>,5,True,2,5.566639297161284,4.0,4.0,0.75,0.6,6.5,0.0,0.0,0,0.0,0.0,0.0,0.0,0.0,8.0,6.5,3.8232651945333713,sim_input.json
95,3,14,<bidder.IntegralGreedyBidder object at 0x0000028086D3F128>,5,True,3,0.0,3.0,3.0,1,0.75,6.5,0.0,0.0,0,0.0,0.0,0.0,0.0,0.0,8.0,6.5,3.8232651945333713,sim_input.json
95,3,14,<bidder.IntegralGreedyBidder object at 0x0000028086D3F128>,5,True,4,7.67927009352848,5.0,5.0,0.6,0.5,6.5,0.0,0.0,0,0.0,0.0,0.0,0.0,0.0,8.0,6.5,3.8232651945333713,sim_input.json
95,3,14,<bidder.IntegralGreedyBidder object at 0x0000028086D3F128>,5,True,5,5.029103730353529,3.0,3.0,1,0.75,6.5,0.0,0.0,0,0.0,0.0,0.0,0.0,0.0,8.0,6.5,3.8232651945333713,sim_input.json
95,3,14,<bidder.IntegralGreedyBidder object at 0x0000028086D3F128>,5,True,6,0.0,1.0,1.0,1,1,6.5,0.0,0.0,0,0.0,0.0,0.0,0.0,0.0,8.0,6.5,3.8232651945333713,sim_input.json
95,3,14,<bidder.IntegralGreedyBidder object at 0x0000028086D3F128>,5,True,7,0.8941079358138901,3.0,3.0,1,1,6.5,1.0,1.0,1,1.0,1.0,1.0,1.0,0.8941079358138901,8.0,6.5,3.8232651945333713,sim_input.json
95,3,14,<bidder.IntegralGreedyBidder object at 0x0000028086D3F128>,5,True,8,0.8575440528421898,2.0,2.0,1,1,6.5,1.0,1.0,1,1.0,1.0,1.0,1.0,0.8575440528421898,8.0,6.5,3.8232651945333713,sim_input.json
95,3,14,<bidder.IntegralGreedyBidder object at 0x0000028086D3F128>,5,True,9,4.500221050409877,4.0,4.0,0.75,0.6,6.5,0.0,0.0,0,0.0,0.0,0.0,0.0,0.0,8.0,6.5,3.8232651945333713,sim_input.json
95,3,14,<bidder.IntegralGreedyBidder object at 0x0000028086D3F128>,5,True,10,6.468465269074496,3.0,3.0,1,0.75,6.5,0.0,0.0,0,0.0,0.0,0.0,0.0,0.0,8.0,6.5,3.8232651945333713,sim_input.json
95,3,14,<bidder.IntegralGreedyBidder object at 0x0000028086D3F128>,5,True,11,3.992424888133893,2.0,2.0,1,1,6.5,0.0,0.0,0,0.0,0.0,0.0,0.0,0.0,8.0,6.5,3.8232651945333713,sim_input.json
95,3,14,<bidder.IntegralGreedyBidder object at 0x0000028086D3F128>,5,True,12,7.086323399685458,3.0,3.0,1,0.75,6.5,0.0,0.0,0,0.0,0.0,0.0,0.0,0.0,8.0,6.5,3.8232651945333713,sim_input.json
95,3,14,<bidder.IntegralGreedyBidder object at 0x0000028086D3F128>,5,True,13,0.3727840093185141,6.0,6.0,0.5,0.5,6.5,1.0,1.0,1,0.5,0.5,0.5,0.5,0.18639200465925704,8.0,6.5,3.8232651945333713,sim_input.json
95,3,14,<bidder.IntegralGreedyBidder object at 0x0000028086D3F128>,5,True,14,4.116581473853799,3.0,3.0,1,0.75,6.5,0.0,0.0,0,0.0,0.0,0.0,0.0,0.0,8.0,6.5,3.8232651945333713,sim_input.json
95,3,14,<bidder.IntegralGreedyBidder object at 0x0000028086D3F128>,5,True,15,5.546269190768061,3.0,3.0,1,0.75,6.5,0.0,0.0,0,0.0,0.0,0.0,0.0,0.0,8.0,6.5,3.8232651945333713,sim_input.json
95,3,14,<bidder.IntegralGreedyBidder object at 0x0000028086D3F128>,5,True,16,0.0,3.0,3.0,1,0.75,6.5,0.0,0.0,0,0.0,0.0,0.0,0.0,0.0,8.0,6.5,3.8232651945333713,sim_input.json
95,3,14,<bidder.IntegralGreedyBidder object at 0x0000028086D3F128>,5,True,17,1.246006185057086,4.0,4.0,0.75,0.6,6.5,0.0,0.0,0,0.0,0.0,0.0,0.0,0.0,8.0,6.5,3.8232651945333713,sim_input.json
95,3,14,<bidder.IntegralGreedyBidder object at 0x0000028086D3F128>,5,True,18,4.350501457479385,6.0,6.0,0.5,0.42857142857142855,6.5,0.0,0.0,0,0.0,0.0,0.0,0.0,0.0,8.0,6.5,3.8232651945333713,sim_input.json
95,3,14,<bidder.IntegralGreedyBidder object at 0x0000028086D3F128>,5,True,19,1.4753601252533048,2.0,2.0,1,1,6.5,0.0,0.0,0,0.0,0.0,0.0,0.0,0.0,8.0,6.5,3.8232651945333713,sim_input.json
95,3,14,<bidder.IntegralGreedyBidder object at 0x0000028086D3F128>,5,True,20,2.924189485734498,1.0,1.0,1,1,6.5,0.0,0.0,0,0.0,0.0,0.0,0.0,0.0,8.0,6.5,3.8232651945333713,sim_input.json
95,3,14,<bidder.IntegralGreedyBidder object at 0x0000028086D3F128>,5,True,21,3.0114909685158127,1.0,1.0,1,1,6.5,0.0,0.0,0,0.0,0.0,0.0,0.0,0.0,8.0,6.5,3.8232651945333713,sim_input.json
95,3,14,<bidder.IntegralGreedyBidder object at 0x0000028086D3F128>,5,True,22,4.7680618580089895,3.0,3.0,1,0.75,6.5,0.0,0.0,0,0.0,0.0,0.0,0.0,0.0,8.0,6.5,3.8232651945333713,sim_input.json
95,3,14,<bidder.IntegralGreedyBidder object at 0x0000028086D3F128>,5,True,23,7.525904169529197,3.0,3.0,1,0.75,6.5,0.0,0.0,0,0.0,0.0,0.0,0.0,0.0,8.0,6.5,3.8232651945333713,sim_input.json
95,3,14,<bidder.IntegralGreedyBidder object at 0x0000028086D3F128>,5,True,24,0.9326837096493567,4.0,4.0,0.75,0.75,6.5,1.0,1.0,1,0.75,0.75,0.75,0.75,0.6995127822370175,8.0,6.5,3.8232651945333713,sim_input.json
95,3,14,<bidder.IntegralGreedyBidder object at 0x0000028086D3F128>,5,True,25,1.7248056637951408,2.0,2.0,1,1,6.5,0.0,0.0,0,0.0,0.0,0.0,0.0,0.0,8.0,6.5,3.8232651945333713,sim_input.json
95,3,14,<bidder.IntegralGreedyBidder object at 0x0000028086D3F128>,5,True,26,2.306876992811877,1.0,1.0,1,1,6.5,0.0,0.0,0,0.0,0.0,0.0,0.0,0.0,8.0,6.5,3.8232651945333713,sim_input.json
95,3,14,<bidder.IntegralGreedyBidder object at 0x0000028086D3F128>,5,True,27,5.522214567431611,0.0,0.0,1,1,6.5,0.0,0.0,0,0.0,0.0,0.0,0.0,0.0,8.0,6.5,3.8232651945333713,sim_input.json
95,3,14,<bidder.IntegralGreedyBidder object at 0x0000028086D3F128>,5,True,28,5.291484120697927,4.0,4.0,0.75,0.6,6.5,0.0,0.0,0,0.0,0.0,0.0,0.0,0.0,8.0,6.5,3.8232651945333713,sim_input.json
95,3,14,<bidder.IntegralGreedyBidder object at 0x0000028086D3F128>,5,True,29,2.1712602537391406,3.0,3.0,1,0.75,6.5,0.0,0.0,0,0.0,0.0,0.0,0.0,0.0,8.0,6.5,3.8232651945333713,sim_input.json
95,3,14,<bidder.IntegralGreedyBidder object at 0x0000028086D3F128>,5,True,30,3.225578218124062,4.0,4.0,0.75,0.6,6.5,0.0,0.0,0,0.0,0.0,0.0,0.0,0.0,8.0,6.5,3.8232651945333713,sim_input.json
95,3,14,<bidder.IntegralGreedyBidder object at 0x0000028086D3F128>,5,True,31,0.0,4.0,4.0,0.75,0.6,6.5,0.0,0.0,0,0.0,0.0,0.0,0.0,0.0,8.0,6.5,3.8232651945333713,sim_input.json
95,3,14,<bidder.IntegralGreedyBidder object at 0x0000028086D3F128>,5,True,32,0.0,4.0,4.0,0.75,0.6,6.5,0.0,0.0,0,0.0,0.0,0.0,0.0,0.0,8.0,6.5,3.8232651945333713,sim_input.json
95,3,14,<bidder.IntegralGreedyBidder object at 0x0000028086D3F128>,5,True,33,0.0,2.0,2.0,1,1,6.5,0.0,0.0,0,0.0,0.0,0.0,0.0,0.0,8.0,6.5,3.8232651945333713,sim_input.json
95,3,14,<bidder.IntegralGreedyBidder object at 0x0000028086D3F128>,5,True,34,0.726040552038332,4.0,4.0,0.75,0.75,6.5,1.0,1.0,1,0.75,0.75,0.75,0.75,0.544530414028749,8.0,6.5,3.8232651945333713,sim_input.json
95,3,14,<bidder.IntegralGreedyBidder object at 0x0000028086D3F128>,5,True,35,0.0,4.0,4.0,0.75,0.6,6.5,0.0,0.0,0,0.0,0.0,0.0,0.0,0.0,8.0,6.5,3.8232651945333713,sim_input.json
95,3,14,<bidder.IntegralGreedyBidder object at 0x0000028086D3F128>,5,True,36,7.072988981799542,3.0,3.0,1,0.75,6.5,0.0,0.0,0,0.0,0.0,0.0,0.0,0.0,8.0,6.5,3.8232651945333713,sim_input.json
95,3,14,<bidder.IntegralGreedyBidder object at 0x0000028086D3F128>,5,True,37,0.0,6.0,6.0,0.5,0.42857142857142855,6.5,0.0,0.0,0,0.0,0.0,0.0,0.0,0.0,8.0,6.5,3.8232651945333713,sim_input.json
95,3,14,<bidder.IntegralGreedyBidder object at 0x0000028086D3F128>,5,True,38,6.3130019717448205,3.0,3.0,1,0.75,6.5,0.0,0.0,0,0.0,0.0,0.0,0.0,0.0,8.0,6.5,3.8232651945333713,sim_input.json
95,3,14,<bidder.IntegralGreedyBidder object at 0x0000028086D3F128>,5,True,39,3.8743732603180003,3.0,3.0,1,0.75,6.5,0.0,0.0,0,0.0,0.0,0.0,0.0,0.0,8.0,6.5,3.8232651945333713,sim_input.json
95,3,14,<bidder.IntegralGreedyBidder object at 0x0000028086D3F128>,5,True,40,6.197138216336894,4.0,4.0,0.75,0.6,6.5,0.0,0.0,0,0.0,0.0,0.0,0.0,0.0,8.0,6.5,3.8232651945333713,sim_input.json
95,3,14,<bidder.IntegralGreedyBidder object at 0x0000028086D3F128>,5,True,41,4.687467644529187,1.0,1.0,1,1,6.5,0.0,0.0,0,0.0,0.0,0.0,0.0,0.0,8.0,6.5,3.8232651945333713,sim_input.json
95,3,14,<bidder.IntegralGreedyBidder object at 0x0000028086D3F128>,5,True,42,0.3336022386176838,4.0,4.0,0.75,0.75,6.5,1.0,1.0,1,0.75,0.75,0.75,0.75,0.25020167896326284,8.0,6.5,3.8232651945333713,sim_input.json
95,3,14,<bidder.IntegralGreedyBidder object at 0x0000028086D3F128>,5,True,43,0.06363070421625627,4.0,4.0,0.75,0.75,6.5,1.0,1.0,1,0.75,0.75,0.75,0.75,0.047723028162192205,8.0,6.5,3.8232651945333713,sim_input.json
95,3,14,<bidder.IntegralGreedyBidder object at 0x0000028086D3F128>,5,True,44,0.9576247432974114,3.0,3.0,1,0.75,6.5,0.0,0.0,0,0.0,0.0,0.0,0.0,0.0,8.0,6.5,3.8232651945333713,sim_input.json
95,3,14,<bidder.IntegralGreedyBidder object at 0x0000028086D3F128>,5,True,45,7.176248738777758,1.0,1.0,1,1,6.5,0.0,0.0,0,0.0,0.0,0.0,0.0,0.0,8.0,6.5,3.8232651945333713,sim_input.json
95,3,14,<bidder.IntegralGreedyBidder object at 0x0000028086D3F128>,5,True,46,4.57469941139493,0.0,1.0,1,1,6.5,0.0,0.0,0,0.0,0.0,0.0,0.0,0.0,8.0,6.5,3.8232651945333713,sim_input.json
95,3,14,<bidder.IntegralGreedyBidder object at 0x0000028086D3F128>,5,True,47,1.459101866662318,4.0,4.0,0.75,0.6,6.5,0.0,0.0,0,0.0,0.0,0.0,0.0,0.0,8.0,6.5,3.8232651945333713,sim_input.json
95,3,14,<bidder.IntegralGreedyBidder object at 0x0000028086D3F128>,5,True,48,0.34325329782681335,2.0,2.0,1,1,6.5,1.0,1.0,1,1.0,1.0,1.0,1.0,0.34325329782681335,8.0,6.5,3.8232651945333713,sim_input.json
95,3,14,<bidder.IntegralGreedyBidder object at 0x0000028086D3F128>,5,True,49,0.9421597387271343,3.0,3.0,1,0.75,6.5,0.0,0.0,0,0.0,0.0,0.0,0.0,0.0,8.0,6.5,3.8232651945333713,sim_input.json
95,3,14,<bidder.IntegralGreedyBidder object at 0x0000028086D3F128>,5,True,50,2.960656063530407,1.0,1.0,1,1,6.5,0.0,0.0,0,0.0,0.0,0.0,0.0,0.0,8.0,6.5,3.8232651945333713,sim_input.json
95,3,14,<bidder.IntegralGreedyBidder object at 0x0000028086D3F128>,5,True,51,2.827248772234399,4.0,4.0,0.75,0.6,6.5,0.0,0.0,0,0.0,0.0,0.0,0.0,0.0,8.0,6.5,3.8232651945333713,sim_input.json
95,3,15,<bidder.UniformBidder object at 0x0000028086D3F2E8>,5,True,0,0.0,6.0,6.0,0.5,0.42857142857142855,3.5,0.0,0.0,0,0.0,0.0,0.0,0.0,0.0,5.0,3.5,15.545721245793812,sim_input.json
95,3,15,<bidder.UniformBidder object at 0x0000028086D3F2E8>,5,True,1,3.657394946139583,1.0,1.0,1,1,3.5,0.0,0.0,0,0.21390999415546466,0.0,0.0,0.21390999415546466,0.7823533315529442,5.0,3.5,15.545721245793812,sim_input.json
95,3,15,<bidder.UniformBidder object at 0x0000028086D3F2E8>,5,True,2,2.907440327930737,4.0,4.0,0.75,0.6,3.5,0.0,0.0,0,0.008272800645682019,0.0,0.0,0.008272800645682019,0.02405267422218734,5.0,3.5,15.545721245793812,sim_input.json
95,3,15,<bidder.UniformBidder object at 0x0000028086D3F2E8>,5,True,3,3.0865521747855027,3.0,3.0,1,0.75,3.5,0.0,0.0,0,0.0,0.0,0.0,0.0,0.0,5.0,3.5,15.545721245793812,sim_input.json
95,3,15,<bidder.UniformBidder object at 0x0000028086D3F2E8>,5,True,4,2.9084110647046275,5.0,5.0,0.6,0.5,3.5,0.0,0.0,0,0.0,0.0,0.0,0.0,0.0,5.0,3.5,15.545721245793812,sim_input.json
95,3,15,<bidder.UniformBidder object at 0x0000028086D3F2E8>,5,True,5,3.975561383905964,3.0,3.0,1,0.75,3.5,0.0,0.0,0,0.007263922518159781,0.0,0.0,0.007263922518159781,0.02887816985888099,5.0,3.5,15.545721245793812,sim_input.json
95,3,15,<bidder.UniformBidder object at 0x0000028086D3F2E8>,5,True,6,4.311163605569012,1.0,1.0,1,1,3.5,0.0,0.0,0,0.20715630885122413,0.0,0.0,0.20715630885122413,0.8930847393834114,5.0,3.5,15.545721245793812,sim_input.json
95,3,15,<bidder.UniformBidder object at 0x0000028086D3F2E8>,5,True,7,2.2840715097446482,3.0,3.0,1,0.75,3.5,0.0,0.0,0,0.0,0.0,0.0,0.0,0.0,5.0,3.5,15.545721245793812,sim_input.json
95,3,15,<bidder.UniformBidder object at 0x0000028086D3F2E8>,5,True,8,7.643382768653128,2.0,2.0,1,1,3.5,0.0,0.0,0,0.1016949152542373,0.0,0.0,0.1016949152542373,0.7772931629138774,5.0,3.5,15.545721245793812,sim_input.json
95,3,15,<bidder.UniformBidder object at 0x0000028086D3F2E8>,5,True,9,0.21232119963414653,4.0,4.0,0.75,0.75,3.5,1.0,1.0,1,0.7554479418886199,0.75,0.75,0.7554479418886199,0.16039761328293878,5.0,3.5,15.545721245793812,sim_input.json
95,3,15,<bidder.UniformBidder object at 0x0000028086D3F2E8>,5,True,10,3.2202016815706176,3.0,3.0,1,0.75,3.5,0.0,0.0,0,0.007263922518159781,0.0,0.0,0.007263922518159781,0.0233912955077768,5.0,3.5,15.545721245793812,sim_input.json
95,3,15,<bidder.UniformBidder object at 0x0000028086D3F2E8>,5,True,11,6.608544357524012,2.0,2.0,1,1,3.5,0.0,0.0,0,0.1089588377723971,0.0,0.0,0.1089588377723971,0.720059312563149,5.0,3.5,15.545721245793812,sim_input.json
95,3,15,<bidder.UniformBidder object at 0x0000028086D3F2E8>,5,True,12,0.11002596729234593,3.0,3.0,1,1,3.5,1.0,1.0,1,1.0,1.0,1.0,1.0,0.11002596729234593,5.0,3.5,15.545721245793812,sim_input.json
95,3,15,<bidder.UniformBidder object at 0x0000028086D3F2E8>,5,True,13,0.3522386639754096,6.0,6.0,0.5,0.5,3.5,1.0,1.0,1,0.5037664783427496,0.5,0.5,0.5037664783427496,0.17744603128704722,5.0,3.5,15.545721245793812,sim_input.json
95,3,15,<bidder.UniformBidder object at 0x0000028086D3F2E8>,5,True,14,2.958540728886832,3.0,3.0,1,0.75,3.5,0.0,0.0,0,0.003766478342749546,0.0,0.0,0.003766478342749546,0.011143279581494709,5.0,3.5,15.545721245793812,sim_input.json
95,3,15,<bidder.UniformBidder object at 0x0000028086D3F2E8>,5,True,15,5.012619211695451,3.0,3.0,1,0.75,3.5,0.0,0.0,0,0.007263922518159781,0.0,0.0,0.007263922518159781,0.036411277566794915,5.0,3.5,15.545721245793812,sim_input.json
95,3,15,<bidder.UniformBidder object at 0x0000028086D3F2E8>,5,True,16,6.2757838243524136,3.0,3.0,1,0.75,3.5,0.0,0.0,0,0.0,0.0,0.0,0.0,0.0,5.0,3.5,15.545721245793812,sim_input.json
95,3,15,<bidder.UniformBidder object at 0x0000028086D3F2E8>,5,True,17,3.668285461181272,4.0,4.0,0.75,0.6,3.5,0.0,0.0,0,0.01898778213798669,0.0,0.0,0.01898778213798669,0.06965260515685402,5.0,3.5,15.545721245793812,sim_input.json
95,3,15,<bidder.UniformBidder object at 0x0000028086D3F2E8>,5,True,18,0.0,6.0,6.0,0.5,0.42857142857142855,3.5,0.0,0.0,0,0.0,0.0,0.0,0.0,0.0,5.0,3.5,15.545721245793812,sim_input.json
95,3,15,<bidder.UniformBidder object at 0x0000028086D3F2E8>,5,True,19,4.2800651742070945,2.0,2.0,1,1,3.5,0.0,0.0,0,0.1016949152542373,0.0,0.0,0.1016949152542373,0.43526086517360285,5.0,3.5,15.545721245793812,sim_input.json
95,3,15,<bidder.UniformBidder object at 0x0000028086D3F2E8>,5,True,20,4.118094997573536,1.0,1.0,1,1,3.5,0.0,0.0,0,0.2033898305084746,0.0,0.0,0.2033898305084746,0.8375786435742786,5.0,3.5,15.545721245793812,sim_input.json
95,3,15,<bidder.UniformBidder object at 0x0000028086D3F2E8>,5,True,21,6.358096994051157,1.0,1.0,1,1,3.5,0.0,0.0,0,0.2033898305084746,0.0,0.0,0.2033898305084746,1.2931722699765065,5.0,3.5,15.545721245793812,sim_input.json
95,3,15,<bidder.UniformBidder object at 0x0000028086D3F2E8>,5,True,22,0.9630142925573355,3.0,3.0,1,0.75,3.5,0.0,0.0,0,0.017784086165149888,0.0,0.0,0.017784086165149888,0.017126329157110518,5.0,3.5,15.545721245793812,sim_input.json
95,3,15,<bidder.UniformBidder object at 0x0000028086D3F2E8>,5,True,23,0.7602752320006272,3.0,3.0,1,0.75,3.5,0.0,0.0,0,0.007263922518159781,0.0,0.0,0.007263922518159781,0.005522580377728507,5.0,3.5,15.545721245793812,sim_input.json
95,3,15,<bidder.UniformBidder object at 0x0000028086D3F2E8>,5,True,24,0.41974338214447116,4.0,4.0,0.75,0.6,3.5,0.0,0.0,0,0.002824858757062137,0.0,0.0,0.002824858757062137,0.0011857157687696883,5.0,3.5,15.545721245793812,sim_input.json
95,3,15,<bidder.UniformBidder object at 0x0000028086D3F2E8>,5,True,25,7.95005422783389,2.0,2.0,1,1,3.5,0.0,0.0,0,0.10546139359698684,0.0,0.0,0.10546139359698684,0.8384237980389792,5.0,3.5,15.545721245793812,sim_input.json
95,3,15,<bidder.UniformBidder object at 0x0000028086D3F2E8>,5,True,26,2.54106206314393,1.0,1.0,1,1,3.5,0.0,0.0,0,0.2033898305084746,0.0,0.0,0.2033898305084746,0.5168261823343586,5.0,3.5,15.545721245793812,sim_input.json
95,3,15,<bidder.UniformBidder object at 0x0000028086D3F2E8>,5,True,27,6.380602305537337,0.0,0.0,1,1,3.5,0.0,0.0,0,0.3050847457627119,0.0,0.0,0.3050847457627119,1.9466244321978319,5.0,3.5,15.545721245793812,sim_input.json
95,3,15,<bidder.UniformBidder object at 0x0000028086D3F2E8>,5,True,28,4.498436759940126,4.0,4.0,0.75,0.6,3.5,0.0,0.0,0,0.008272800645682019,0.0,0.0,0.008272800645682019,0.0372146705321924,5.0,3.5,15.545721245793812,sim_input.json
95,3,15,<bidder.UniformBidder object at 0x0000028086D3F2E8>,5,True,29,5.505251930120229,3.0,3.0,1,0.75,3.5,0.0,0.0,0,0.003766478342749546,0.0,0.0,0.003766478342749546,0.02073541216617798,5.0,3.5,15.545721245793812,sim_input.json
95,3,15,<bidder.UniformBidder object at 0x0000028086D3F2E8>,5,True,30,2.182518795855197,4.0,4.0,0.75,0.6,3.5,0.0,0.0,0,0.002824858757062137,0.0,0.0,0.002824858757062137,0.006165307332924263,5.0,3.5,15.545721245793812,sim_input.json
95,3,15,<bidder.UniformBidder object at 0x0000028086D3F2E8>,5,True,31,4.818553524477737,4.0,4.0,0.75,0.6,3.5,0.0,0.0,0,0.0,0.0,0.0,0.0,0.0,5.0,3.5,15.545721245793812,sim_input.json
95,3,15,<bidder.UniformBidder object at 0x0000028086D3F2E8>,5,True,32,6.786993743099197,4.0,4.0,0.75,0.6,3.5,0.0,0.0,0,0.005649717514124274,0.0,0.0,0.005649717514124274,0.038344597418639395,5.0,3.5,15.545721245793812,sim_input.json
95,3,15,<bidder.UniformBidder object at 0x0000028086D3F2E8>,5,True,33,7.5950563720839,2.0,2.0,1,1,3.5,0.0,0.0,0,0.1016949152542373,0.0,0.0,0.1016949152542373,0.7723786141102272,5.0,3.5,15.545721245793812,sim_input.json
95,3,15,<bidder.UniformBidder object at 0x0000028086D3F2E8>,5,True,34,0.4671509669156999,4.0,4.0,0.75,0.6,3.5,0.0,0.0,0,0.0,0.0,0.0,0.0,0.0,5.0,3.5,15.545721245793812,sim_input.json
95,3,15,<bidder.UniformBidder object at 0x0000028086D3F2E8>,5,True,35,6.422864995522955,4.0,4.0,0.75,0.6,3.5,0.0,0.0,0,0.008272800645682019,0.0,0.0,0.008272800645682019,0.05313508168209074,5.0,3.5,15.545721245793812,sim_input.json
95,3,15,<bidder.UniformBidder object at 0x0000028086D3F2E8>,5,True,36,4.988111426545533,3.0,3.0,1,0.75,3.5,0.0,0.0,0,0.011299435028248593,0.0,0.0,0.011299435028248593,0.056362840977915656,5.0,3.5,15.545721245793812,sim_input.json
95,3,15,<bidder.UniformBidder object at 0x0000028086D3F2E8>,5,True,37,0.19466790065517403,6.0,6.0,0.5,0.5,3.5,1.0,1.0,1,0.5071433209948698,0.5,0.5,0.5071433209948698,0.09872452562936435,5.0,3.5,15.545721245793812,sim_input.json
95,3,15,<bidder.UniformBidder object at 0x0000028086D3F2E8>,5,True,38,3.747334208765078,3.0,3.0,1,0.75,3.5,0.0,0.0,0,0.003766478342749546,0.0,0.0,0.003766478342749546,0.014114253140358171,5.0,3.5,15.545721245793812,sim_input.json
95,3,15,<bidder.UniformBidder object at 0x0000028086D3F2E8>,5,True,39,6.692416770921636,3.0,3.0,1,0.75,3.5,0.0,0.0,0,0.0,0.0,0.0,0.0,0.0,5.0,3.5,15.545721245793812,sim_input.json
95,3,15,<bidder.UniformBidder object at 0x0000028086D3F2E8>,5,True,40,2.2899466926845724,4.0,4.0,0.75,0.6,3.5,0.0,0.0,0,0.011097659402744155,0.0,0.0,0.011097659402744155,0.025413048445853827,5.0,3.5,15.545721245793812,sim_input.json
95,3,15,<bidder.UniformBidder object at 0x0000028086D3F2E8>,5,True,41,3.846858471376902,1.0,1.0,1,1,3.5,0.0,0.0,0,0.2033898305084746,0.0,0.0,0.2033898305084746,0.7824118924834378,5.0,3.5,15.545721245793812,sim_input.json
95,3,15,<bidder.UniformBidder object at 0x0000028086D3F2E8>,5,True,42,5.738369102990232,4.0,4.0,0.75,0.6,3.5,0.0,0.0,0,0.007890122735242536,0.0,0.0,0.007890122735242536,0.04527643652271655,5.0,3.5,15.545721245793812,sim_input.json
95,3,15,<bidder.UniformBidder object at 0x0000028086D3F2E8>,5,True,43,3.3079399012123476,4.0,4.0,0.75,0.6,3.5,0.0,0.0,0,0.0,0.0,0.0,0.0,0.0,5.0,3.5,15.545721245793812,sim_input.json
95,3,15,<bidder.UniformBidder object at 0x0000028086D3F2E8>,5,True,44,2.3345155151755295,3.0,3.0,1,0.75,3.5,0.0,0.0,0,0.014286641989739609,0.0,0.0,0.014286641989739609,0.03335238738480532,5.0,3.5,15.545721245793812,sim_input.json
95,3,15,<bidder.UniformBidder object at 0x0000028086D3F2E8>,5,True,45,3.5152962960401495,1.0,1.0,1,1,3.5,0.0,0.0,0,0.2033898305084746,0.0,0.0,0.2033898305084746,0.7149755178386745,5.0,3.5,15.545721245793812,sim_input.json
95,3,15,<bidder.UniformBidder object at 0x0000028086D3F2E8>,5,True,46,5.549365358107169,0.0,1.0,1,1,3.5,0.0,0.0,0,0.2033898305084746,0.0,0.0,0.2033898305084746,1.1286844796150175,5.0,3.5,15.545721245793812,sim_input.json
95,3,15,<bidder.UniformBidder object at 0x0000028086D3F2E8>,5,True,47,0.0,4.0,4.0,0.75,0.6,3.5,0.0,0.0,0,0.0,0.0,0.0,0.0,0.0,5.0,3.5,15.545721245793812,sim_input.json
95,3,15,<bidder.UniformBidder object at 0x0000028086D3F2E8>,5,True,48,3.407288415865507,2.0,2.0,1,1,3.5,0.0,0.0,0,0.1016949152542373,0.0,0.0,0.1016949152542373,0.34650390669818715,5.0,3.5,15.545721245793812,sim_input.json
95,3,15,<bidder.UniformBidder object at 0x0000028086D3F2E8>,5,True,49,4.187343277295524,3.0,3.0,1,0.75,3.5,0.0,0.0,0,0.010520163646990063,0.0,0.0,0.010520163646990063,0.0440515365232726,5.0,3.5,15.545721245793812,sim_input.json
95,3,15,<bidder.UniformBidder object at 0x0000028086D3F2E8>,5,True,50,6.78156809124844,1.0,1.0,1,1,3.5,0.0,0.0,0,0.21065375302663436,0.0,0.0,0.21065375302663436,1.428562769827153,5.0,3.5,15.545721245793812,sim_input.json
95,3,15,<bidder.UniformBidder object at 0x0000028086D3F2E8>,5,True,51,0.2551869788168457,4.0,4.0,0.75,0.75,3.5,1.0,1.0,1,0.7578901227352426,0.75,0.75,0.7578901227352426,0.19340369069593494,5.0,3.5,15.545721245793812,sim_input.json
95,3,16,<bidder.IntegralGreedyBidder object at 0x0000028086D3FE80>,5,True,0,0.0,6.0,6.0,0.5,0.42857142857142855,5.85,0.0,0.0,0,0.0,0.0,0.0,0.0,0.0,7.0,5.85,6.4651505038142245,sim_input.json
95,3,16,<bidder.IntegralGreedyBidder object at 0x0000028086D3FE80>,5,True,1,3.378817914509118,1.0,1.0,1,1,5.85,0.0,0.0,0,0.0463471654003507,0.0,0.0,0.0463471654003507,0.1565986327414221,7.0,5.85,6.4651505038142245,sim_input.json
95,3,16,<bidder.IntegralGreedyBidder object at 0x0000028086D3FE80>,5,True,2,1.7980522546841728,4.0,4.0,0.75,0.6,5.85,0.0,0.0,0,0.0017924401398977715,0.0,0.0,0.0017924401398977715,0.0032229010349296024,7.0,5.85,6.4651505038142245,sim_input.json
95,3,16,<bidder.IntegralGreedyBidder object at 0x0000028086D3FE80>,5,True,3,1.5373479410486421,3.0,3.0,1,0.75,5.85,0.0,0.0,0,0.0,0.0,0.0,0.0,0.0,7.0,5.85,6.4651505038142245,sim_input.json
95,3,16,<bidder.IntegralGreedyBidder object at 0x0000028086D3FE80>,5,True,4,0.00038706825346790374,5.0,5.0,0.6,0.6,5.85,1.0,1.0,1,0.6,0.6,0.6,0.6,0.00023224095208074225,7.0,5.85,6.4651505038142245,sim_input.json
95,3,16,<bidder.IntegralGreedyBidder object at 0x0000028086D3FE80>,5,True,5,1.7303166954552487,3.0,3.0,1,0.75,5.85,0.0,0.0,0,0.00157384987893462,0.0,0.0,0.00157384987893462,0.002723258721660795,7.0,5.85,6.4651505038142245,sim_input.json
95,3,16,<bidder.IntegralGreedyBidder object at 0x0000028086D3FE80>,5,True,6,0.0,1.0,1.0,1,1,5.85,0.0,0.0,0,0.0,0.0,0.0,0.0,0.0,7.0,5.85,6.4651505038142245,sim_input.json
95,3,16,<bidder.IntegralGreedyBidder object at 0x0000028086D3FE80>,5,True,7,0.08983423673974844,3.0,3.0,1,1,5.85,1.0,1.0,1,1.0,1.0,1.0,1.0,0.08983423673974844,7.0,5.85,6.4651505038142245,sim_input.json
95,3,16,<bidder.IntegralGreedyBidder object at 0x0000028086D3FE80>,5,True,8,3.139935946865685,2.0,2.0,1,1,5.85,0.0,0.0,0,0.02203389830508476,0.0,0.0,0.02203389830508476,0.06918502933771853,7.0,5.85,6.4651505038142245,sim_input.json
95,3,16,<bidder.IntegralGreedyBidder object at 0x0000028086D3FE80>,5,True,9,3.9775451319683772,4.0,4.0,0.75,0.6,5.85,0.0,0.0,0,0.001180387409200975,0.0,0.0,0.001180387409200975,0.0046950441933041025,7.0,5.85,6.4651505038142245,sim_input.json
95,3,16,<bidder.IntegralGreedyBidder object at 0x0000028086D3FE80>,5,True,10,0.0,3.0,3.0,1,0.75,5.85,0.0,0.0,0,0.0,0.0,0.0,0.0,0.0,7.0,5.85,6.4651505038142245,sim_input.json
95,3,16,<bidder.IntegralGreedyBidder object at 0x0000028086D3FE80>,5,True,11,4.3944733084538345,2.0,2.0,1,1,5.85,0.0,0.0,0,0.023607748184019384,0.0,0.0,0.023607748184019384,0.10374361926737267,7.0,5.85,6.4651505038142245,sim_input.json
95,3,16,<bidder.IntegralGreedyBidder object at 0x0000028086D3FE80>,5,True,12,1.9000988091323916,3.0,3.0,1,0.75,5.85,0.0,0.0,0,0.00157384987893462,0.0,0.0,0.00157384987893462,0.0029904702807168303,7.0,5.85,6.4651505038142245,sim_input.json
95,3,16,<bidder.IntegralGreedyBidder object at 0x0000028086D3FE80>,5,True,13,6.805234838123468,6.0,6.0,0.5,0.42857142857142855,5.85,0.0,0.0,0,0.0008160703075957355,0.0,0.0,0.0008160703075957355,0.005553550087608634,7.0,5.85,6.4651505038142245,sim_input.json
95,3,16,<bidder.IntegralGreedyBidder object at 0x0000028086D3FE80>,5,True,14,5.756858235781497,3.0,3.0,1,0.75,5.85,0.0,0.0,0,0.0008160703075957355,0.0,0.0,0.0008160703075957355,0.004698001071259249,7.0,5.85,6.4651505038142245,sim_input.json
95,3,16,<bidder.IntegralGreedyBidder object at 0x0000028086D3FE80>,5,True,15,7.863995899440893,3.0,3.0,1,0.75,5.85,0.0,0.0,0,0.00157384987893462,0.0,0.0,0.00157384987893462,0.012376748994277398,7.0,5.85,6.4651505038142245,sim_input.json
95,3,16,<bidder.IntegralGreedyBidder object at 0x0000028086D3FE80>,5,True,16,2.8908346378078837,3.0,3.0,1,0.75,5.85,0.0,0.0,0,0.0,0.0,0.0,0.0,0.0,7.0,5.85,6.4651505038142245,sim_input.json
95,3,16,<bidder.IntegralGreedyBidder object at 0x0000028086D3FE80>,5,True,17,7.452289646933988,4.0,4.0,0.75,0.6,5.85,0.0,0.0,0,0.004114019463230452,0.0,0.0,0.004114019463230452,0.03065886465311722,7.0,5.85,6.4651505038142245,sim_input.json
95,3,16,<bidder.IntegralGreedyBidder object at 0x0000028086D3FE80>,5,True,18,0.0,6.0,6.0,0.5,0.42857142857142855,5.85,0.0,0.0,0,0.0,0.0,0.0,0.0,0.0,7.0,5.85,6.4651505038142245,sim_input.json
95,3,16,<bidder.IntegralGreedyBidder object at 0x0000028086D3FE80>,5,True,19,5.753088138020702,2.0,2.0,1,1,5.85,0.0,0.0,0,0.02203389830508476,0.0,0.0,0.02203389830508476,0.12676295897333759,7.0,5.85,6.4651505038142245,sim_input.json
95,3,16,<bidder.IntegralGreedyBidder object at 0x0000028086D3FE80>,5,True,20,5.875493384560753,1.0,1.0,1,1,5.85,0.0,0.0,0,0.04406779661016952,0.0,0.0,0.04406779661016952,0.2589200474552198,7.0,5.85,6.4651505038142245,sim_input.json
95,3,16,<bidder.IntegralGreedyBidder object at 0x0000028086D3FE80>,5,True,21,5.969850620917461,1.0,1.0,1,1,5.85,0.0,0.0,0,0.04406779661016952,0.0,0.0,0.04406779661016952,0.26307816295568487,7.0,5.85,6.4651505038142245,sim_input.json
95,3,16,<bidder.IntegralGreedyBidder object at 0x0000028086D3FE80>,5,True,22,3.386700554364418,3.0,3.0,1,0.75,5.85,0.0,0.0,0,0.0038532186691158116,0.0,0.0,0.0038532186691158116,0.013049697802781845,7.0,5.85,6.4651505038142245,sim_input.json
95,3,16,<bidder.IntegralGreedyBidder object at 0x0000028086D3FE80>,5,True,23,6.92372988168097,3.0,3.0,1,0.75,5.85,0.0,0.0,0,0.00157384987893462,0.0,0.0,0.00157384987893462,0.010896911436059606,7.0,5.85,6.4651505038142245,sim_input.json
95,3,16,<bidder.IntegralGreedyBidder object at 0x0000028086D3FE80>,5,True,24,6.285786188730583,4.0,4.0,0.75,0.6,5.85,0.0,0.0,0,0.0006120527306967967,0.0,0.0,0.0006120527306967967,0.0038472326013887633,7.0,5.85,6.4651505038142245,sim_input.json
95,3,16,<bidder.IntegralGreedyBidder object at 0x0000028086D3FE80>,5,True,25,6.497316001268824,2.0,2.0,1,1,5.85,0.0,0.0,0,0.022849968612680495,0.0,0.0,0.022849968612680495,0.14846346669565938,7.0,5.85,6.4651505038142245,sim_input.json
95,3,16,<bidder.IntegralGreedyBidder object at 0x0000028086D3FE80>,5,True,26,7.844227676691577,1.0,1.0,1,1,5.85,0.0,0.0,0,0.04406779661016952,0.0,0.0,0.04406779661016952,0.345677829820307,7.0,5.85,6.4651505038142245,sim_input.json
95,3,16,<bidder.IntegralGreedyBidder object at 0x0000028086D3FE80>,5,True,27,2.423552597821547,0.0,0.0,1,1,5.85,0.0,0.0,0,0.06610169491525428,0.0,0.0,0.06610169491525428,0.16020093443227185,7.0,5.85,6.4651505038142245,sim_input.json
95,3,16,<bidder.IntegralGreedyBidder object at 0x0000028086D3FE80>,5,True,28,2.5293174807000653,4.0,4.0,0.75,0.6,5.85,0.0,0.0,0,0.0017924401398977715,0.0,0.0,0.0017924401398977715,0.004533650178951904,7.0,5.85,6.4651505038142245,sim_input.json
95,3,16,<bidder.IntegralGreedyBidder object at 0x0000028086D3FE80>,5,True,29,3.441773191946515,3.0,3.0,1,0.75,5.85,0.0,0.0,0,0.0008160703075957355,0.0,0.0,0.0008160703075957355,0.0028087289074265488,7.0,5.85,6.4651505038142245,sim_input.json
95,3,16,<bidder.IntegralGreedyBidder object at 0x0000028086D3FE80>,5,True,30,2.1675791882935753,4.0,4.0,0.75,0.6,5.85,0.0,0.0,0,0.0006120527306967967,0.0,0.0,0.0006120527306967967,0.0013266727611966288,7.0,5.85,6.4651505038142245,sim_input.json
95,3,16,<bidder.IntegralGreedyBidder object at 0x0000028086D3FE80>,5,True,31,0.4850701805357791,4.0,4.0,0.75,0.75,5.85,1.0,1.0,1,0.75,0.75,0.75,0.75,0.36380263540183433,7.0,5.85,6.4651505038142245,sim_input.json
95,3,16,<bidder.IntegralGreedyBidder object at 0x0000028086D3FE80>,5,True,32,3.3662695685491295,4.0,4.0,0.75,0.6,5.85,0.0,0.0,0,0.0012241054613935933,0.0,0.0,0.0012241054613935933,0.0041206689633840445,7.0,5.85,6.4651505038142245,sim_input.json
95,3,16,<bidder.IntegralGreedyBidder object at 0x0000028086D3FE80>,5,True,33,2.36615554054778,2.0,2.0,1,1,5.85,0.0,0.0,0,0.02203389830508476,0.0,0.0,0.02203389830508476,0.05213563055444264,7.0,5.85,6.4651505038142245,sim_input.json
95,3,16,<bidder.IntegralGreedyBidder object at 0x0000028086D3FE80>,5,True,34,0.2954912346307875,4.0,4.0,0.75,0.75,5.85,1.0,1.0,1,0.75,0.75,0.75,0.75,0.22161842597309064,7.0,5.85,6.4651505038142245,sim_input.json
95,3,16,<bidder.IntegralGreedyBidder object at 0x0000028086D3FE80>,5,True,35,3.466791810385674,4.0,4.0,0.75,0.6,5.85,0.0,0.0,0,0.0017924401398977715,0.0,0.0,0.0017924401398977715,0.006214016797604146,7.0,5.85,6.4651505038142245,sim_input.json
95,3,16,<bidder.IntegralGreedyBidder object at 0x0000028086D3FE80>,5,True,36,6.648059387219762,3.0,3.0,1,0.75,5.85,0.0,0.0,0,0.0024482109227871966,0.0,0.0,0.0024482109227871966,0.01627585160712938,7.0,5.85,6.4651505038142245,sim_input.json
95,3,16,<bidder.IntegralGreedyBidder object at 0x0000028086D3FE80>,5,True,37,0.0,6.0,6.0,0.5,0.42857142857142855,5.85,0.0,0.0,0,0.0,0.0,0.0,0.0,0.0,7.0,5.85,6.4651505038142245,sim_input.json
95,3,16,<bidder.IntegralGreedyBidder object at 0x0000028086D3FE80>,5,True,38,2.6232769887538243,3.0,3.0,1,0.75,5.85,0.0,0.0,0,0.0008160703075957355,0.0,0.0,0.0008160703075957355,0.002140778459121148,7.0,5.85,6.4651505038142245,sim_input.json
95,3,16,<bidder.IntegralGreedyBidder object at 0x0000028086D3FE80>,5,True,39,1.453847925627153,3.0,3.0,1,1,5.85,1.0,1.0,1,1.0,1.0,1.0,1.0,1.453847925627153,7.0,5.85,6.4651505038142245,sim_input.json
95,3,16,<bidder.IntegralGreedyBidder object at 0x0000028086D3FE80>,5,True,40,3.5029402907821865,4.0,4.0,0.75,0.6,5.85,0.0,0.0,0,0.002404492870594568,0.0,0.0,0.002404492870594568,0.00842279495530423,7.0,5.85,6.4651505038142245,sim_input.json
95,3,16,<bidder.IntegralGreedyBidder object at 0x0000028086D3FE80>,5,True,41,5.937055810505364,1.0,1.0,1,1,5.85,0.0,0.0,0,0.04406779661016952,0.0,0.0,0.04406779661016952,0.26163296792057555,7.0,5.85,6.4651505038142245,sim_input.json
95,3,16,<bidder.IntegralGreedyBidder object at 0x0000028086D3FE80>,5,True,42,6.228460587486674,4.0,4.0,0.75,0.6,5.85,0.0,0.0,0,0.0017095265926358838,0.0,0.0,0.0017095265926358838,0.010647719005492988,7.0,5.85,6.4651505038142245,sim_input.json
95,3,16,<bidder.IntegralGreedyBidder object at 0x0000028086D3FE80>,5,True,43,5.394368908040479,4.0,4.0,0.75,0.6,5.85,0.0,0.0,0,0.0,0.0,0.0,0.0,0.0,7.0,5.85,6.4651505038142245,sim_input.json
95,3,16,<bidder.IntegralGreedyBidder object at 0x0000028086D3FE80>,5,True,44,1.5993336092469608,3.0,3.0,1,0.75,5.85,0.0,0.0,0,0.003095439097776917,0.0,0.0,0.003095439097776917,0.0049506397844517125,7.0,5.85,6.4651505038142245,sim_input.json
95,3,16,<bidder.IntegralGreedyBidder object at 0x0000028086D3FE80>,5,True,45,4.07262299425526,1.0,1.0,1,1,5.85,0.0,0.0,0,0.04406779661016952,0.0,0.0,0.04406779661016952,0.17947152178074038,7.0,5.85,6.4651505038142245,sim_input.json
95,3,16,<bidder.IntegralGreedyBidder object at 0x0000028086D3FE80>,5,True,46,1.5501681227240263,0.0,1.0,1,1,5.85,0.0,1.0,1,1.0,1.0,1.0,1.0,1.5501681227240263,7.0,5.85,6.4651505038142245,sim_input.json
95,3,16,<bidder.IntegralGreedyBidder object at 0x0000028086D3FE80>,5,True,47,0.0,4.0,4.0,0.75,0.6,5.85,0.0,0.0,0,0.0,0.0,0.0,0.0,0.0,7.0,5.85,6.4651505038142245,sim_input.json
95,3,16,<bidder.IntegralGreedyBidder object at 0x0000028086D3FE80>,5,True,48,4.876035406154335,2.0,2.0,1,1,5.85,0.0,0.0,0,0.02203389830508476,0.0,0.0,0.02203389830508476,0.10743806827119727,7.0,5.85,6.4651505038142245,sim_input.json
95,3,16,<bidder.IntegralGreedyBidder object at 0x0000028086D3FE80>,5,True,49,3.745196907268741,3.0,3.0,1,0.75,5.85,0.0,0.0,0,0.0022793687901811817,0.0,0.0,0.0022793687901811817,0.008536684943511454,7.0,5.85,6.4651505038142245,sim_input.json
95,3,16,<bidder.IntegralGreedyBidder object at 0x0000028086D3FE80>,5,True,50,5.744288246559743,1.0,1.0,1,1,5.85,0.0,0.0,0,0.04564164648910414,0.0,0.0,0.04564164648910414,0.26217877348099566,7.0,5.85,6.4651505038142245,sim_input.json
95,3,16,<bidder.IntegralGreedyBidder object at 0x0000028086D3FE80>,5,True,51,0.1669107295172838,4.0,4.0,0.75,0.75,5.85,1.0,1.0,1,0.7517095265926359,0.75,0.75,0.7517095265926359,0.1254683854686689,7.0,5.85,6.4651505038142245,sim_input.json
95,3,17,<bidder.IntegralGreedyBidder object at 0x0000028086D3F748>,5,True,0,5.540694490943024,6.0,6.0,0.5,0.42857142857142855,5.25,0.0,0.0,0,0.0015133171912832875,0.0,0.0,0.0015133171912832875,0.008384828224792681,6.0,5.25,7.310277065880176,sim_input.json
95,3,17,<bidder.IntegralGreedyBidder object at 0x0000028086D3F748>,5,True,1,6.346971345698213,1.0,1.0,1,1,5.25,0.0,0.0,0,0.0891291642314436,0.0,0.0,0.0891291642314436,0.5657002514430026,6.0,5.25,7.310277065880176,sim_input.json
95,3,17,<bidder.IntegralGreedyBidder object at 0x0000028086D3F748>,5,True,2,0.4254335171566437,4.0,4.0,0.75,0.75,5.25,1.0,1.0,1,0.7534470002690342,0.75,0.75,0.7534470002690342,0.3205416073155779,6.0,5.25,7.310277065880176,sim_input.json
95,3,17,<bidder.IntegralGreedyBidder object at 0x0000028086D3F748>,5,True,3,0.1386213635717347,3.0,3.0,1,1,5.25,1.0,1.0,1,1.0,1.0,1.0,1.0,0.1386213635717347,6.0,5.25,7.310277065880176,sim_input.json
95,3,17,<bidder.IntegralGreedyBidder object at 0x0000028086D3F748>,5,True,4,6.836084408303661,5.0,5.0,0.6,0.5,5.25,0.0,0.0,0,0.0,0.0,0.0,0.0,0.0,6.0,5.25,7.310277065880176,sim_input.json
95,3,17,<bidder.IntegralGreedyBidder object at 0x0000028086D3F748>,5,True,5,3.168324696556514,3.0,3.0,1,0.75,5.25,0.0,0.0,0,0.003026634382566575,0.0,0.0,0.003026634382566575,0.009589360461732756,6.0,5.25,7.310277065880176,sim_input.json
95,3,17,<bidder.IntegralGreedyBidder object at 0x0000028086D3F748>,5,True,6,0.0,1.0,1.0,1,1,5.25,0.0,0.0,0,0.0,0.0,0.0,0.0,0.0,6.0,5.25,7.310277065880176,sim_input.json
95,3,17,<bidder.IntegralGreedyBidder object at 0x0000028086D3F748>,5,True,7,0.6251537732622916,3.0,3.0,1,1,5.25,1.0,1.0,1,1.0,1.0,1.0,1.0,0.6251537732622916,6.0,5.25,7.310277065880176,sim_input.json
95,3,17,<bidder.IntegralGreedyBidder object at 0x0000028086D3F748>,5,True,8,4.105508855826478,2.0,2.0,1,1,5.25,0.0,0.0,0,0.0423728813559322,0.0,0.0,0.0423728813559322,0.1739622396536643,6.0,5.25,7.310277065880176,sim_input.json
95,3,17,<bidder.IntegralGreedyBidder object at 0x0000028086D3F748>,5,True,9,0.0,4.0,4.0,0.75,0.6,5.25,0.0,0.0,0,0.0,0.0,0.0,0.0,0.0,6.0,5.25,7.310277065880176,sim_input.json
95,3,17,<bidder.IntegralGreedyBidder object at 0x0000028086D3F748>,5,True,10,0.0,3.0,3.0,1,0.75,5.25,0.0,0.0,0,0.0,0.0,0.0,0.0,0.0,6.0,5.25,7.310277065880176,sim_input.json
95,3,17,<bidder.IntegralGreedyBidder object at 0x0000028086D3F748>,5,True,11,3.106828226078964,2.0,2.0,1,1,5.25,0.0,0.0,0,0.045399515738498784,0.0,0.0,0.045399515738498784,0.1410484969466842,6.0,5.25,7.310277065880176,sim_input.json
95,3,17,<bidder.IntegralGreedyBidder object at 0x0000028086D3F748>,5,True,12,3.5749513960409343,3.0,3.0,1,0.75,5.25,0.0,0.0,0,0.003026634382566575,0.0,0.0,0.003026634382566575,0.010820070811261868,6.0,5.25,7.310277065880176,sim_input.json
95,3,17,<bidder.IntegralGreedyBidder object at 0x0000028086D3F748>,5,True,13,0.9711369880381268,6.0,6.0,0.5,0.42857142857142855,5.25,0.0,0.0,0,0.001569365976145644,0.0,0.0,0.001569365976145644,0.0015240693472035954,6.0,5.25,7.310277065880176,sim_input.json
95,3,17,<bidder.IntegralGreedyBidder object at 0x0000028086D3F748>,5,True,14,4.488703170896482,3.0,3.0,1,0.75,5.25,0.0,0.0,0,0.001569365976145644,0.0,0.0,0.001569365976145644,0.007044418033422005,6.0,5.25,7.310277065880176,sim_input.json
95,3,17,<bidder.IntegralGreedyBidder object at 0x0000028086D3F748>,5,True,15,6.676768892238261,3.0,3.0,1,0.75,5.25,0.0,0.0,0,0.003026634382566575,0.0,0.0,0.003026634382566575,0.020208138293699263,6.0,5.25,7.310277065880176,sim_input.json
95,3,17,<bidder.IntegralGreedyBidder object at 0x0000028086D3F748>,5,True,16,1.3280859247967145,3.0,3.0,1,0.75,5.25,0.0,0.0,0,0.0,0.0,0.0,0.0,0.0,6.0,5.25,7.310277065880176,sim_input.json
95,3,17,<bidder.IntegralGreedyBidder object at 0x0000028086D3F748>,5,True,17,1.8425136404791544,4.0,4.0,0.75,0.6,5.25,0.0,0.0,0,0.007911575890827787,0.0,0.0,0.007911575890827787,0.014577186496536216,6.0,5.25,7.310277065880176,sim_input.json
95,3,17,<bidder.IntegralGreedyBidder object at 0x0000028086D3F748>,5,True,18,0.9488180137044702,6.0,6.0,0.5,0.42857142857142855,5.25,0.0,0.0,0,0.005218335142356181,0.0,0.0,0.005218335142356181,0.004951250384614625,6.0,5.25,7.310277065880176,sim_input.json
95,3,17,<bidder.IntegralGreedyBidder object at 0x0000028086D3F748>,5,True,19,1.5912986807754885,2.0,2.0,1,1,5.25,0.0,0.0,0,0.0423728813559322,0.0,0.0,0.0423728813559322,0.0674279102023512,6.0,5.25,7.310277065880176,sim_input.json
95,3,17,<bidder.IntegralGreedyBidder object at 0x0000028086D3F748>,5,True,20,5.86924067369399,1.0,1.0,1,1,5.25,0.0,0.0,0,0.0847457627118644,0.0,0.0,0.0847457627118644,0.49739327743169404,6.0,5.25,7.310277065880176,sim_input.json
95,3,17,<bidder.IntegralGreedyBidder object at 0x0000028086D3F748>,5,True,21,2.6283669853655525,1.0,1.0,1,1,5.25,0.0,0.0,0,0.0847457627118644,0.0,0.0,0.0847457627118644,0.22274296486148748,6.0,5.25,7.310277065880176,sim_input.json
95,3,17,<bidder.IntegralGreedyBidder object at 0x0000028086D3F748>,5,True,22,2.21713008103358,3.0,3.0,1,0.75,5.25,0.0,0.0,0,0.007410035902145787,0.0,0.0,0.007410035902145787,0.016429013500186225,6.0,5.25,7.310277065880176,sim_input.json
95,3,17,<bidder.IntegralGreedyBidder object at 0x0000028086D3F748>,5,True,23,3.9521034308033056,3.0,3.0,1,0.75,5.25,0.0,0.0,0,0.003026634382566575,0.0,0.0,0.003026634382566575,0.011961572127128606,6.0,5.25,7.310277065880176,sim_input.json
95,3,17,<bidder.IntegralGreedyBidder object at 0x0000028086D3F748>,5,True,24,0.0,4.0,4.0,0.75,0.6,5.25,0.0,0.0,0,0.0,0.0,0.0,0.0,0.0,6.0,5.25,7.310277065880176,sim_input.json
95,3,17,<bidder.IntegralGreedyBidder object at 0x0000028086D3F748>,5,True,25,5.151688214241768,2.0,2.0,1,1,5.25,0.0,0.0,0,0.04394224733207785,0.0,0.0,0.04394224733207785,0.22637675768796223,6.0,5.25,7.310277065880176,sim_input.json
95,3,17,<bidder.IntegralGreedyBidder object at 0x0000028086D3F748>,5,True,26,2.714004185526957,1.0,1.0,1,1,5.25,0.0,0.0,0,0.0847457627118644,0.0,0.0,0.0847457627118644,0.23000035470567431,6.0,5.25,7.310277065880176,sim_input.json
95,3,17,<bidder.IntegralGreedyBidder object at 0x0000028086D3F748>,5,True,27,1.685796802399973,0.0,0.0,1,1,5.25,0.0,0.0,0,0.1271186440677966,0.0,0.0,0.1271186440677966,0.2142962036949118,6.0,5.25,7.310277065880176,sim_input.json
95,3,17,<bidder.IntegralGreedyBidder object at 0x0000028086D3F748>,5,True,28,5.223668188852944,4.0,4.0,0.75,0.6,5.25,0.0,0.0,0,0.003447000269034174,0.0,0.0,0.003447000269034174,0.018005985652321352,6.0,5.25,7.310277065880176,sim_input.json
95,3,17,<bidder.IntegralGreedyBidder object at 0x0000028086D3F748>,5,True,29,1.2520942769867554,3.0,3.0,1,1,5.25,1.0,1.0,1,1.0,1.0,1.0,1.0,1.2520942769867554,6.0,5.25,7.310277065880176,sim_input.json
95,3,17,<bidder.IntegralGreedyBidder object at 0x0000028086D3F748>,5,True,30,1.7085810392544183,4.0,4.0,0.75,0.6,5.25,0.0,0.0,0,0.0011770244821092237,0.0,0.0,0.0011770244821092237,0.002011041712870071,6.0,5.25,7.310277065880176,sim_input.json
95,3,17,<bidder.IntegralGreedyBidder object at 0x0000028086D3F748>,5,True,31,4.00945270246815,4.0,4.0,0.75,0.6,5.25,0.0,0.0,0,0.0,0.0,0.0,0.0,0.0,6.0,5.25,7.310277065880176,sim_input.json
95,3,17,<bidder.IntegralGreedyBidder object at 0x0000028086D3F748>,5,True,32,0.7845766469401908,4.0,4.0,0.75,0.6,5.25,0.0,0.0,0,0.0023540489642184474,0.0,0.0,0.0023540489642184474,0.0018469318430795387,6.0,5.25,7.310277065880176,sim_input.json
95,3,17,<bidder.IntegralGreedyBidder object at 0x0000028086D3F748>,5,True,33,3.405464216362656,2.0,2.0,1,1,5.25,0.0,0.0,0,0.0423728813559322,0.0,0.0,0.0423728813559322,0.14429933120180746,6.0,5.25,7.310277065880176,sim_input.json
95,3,17,<bidder.IntegralGreedyBidder object at 0x0000028086D3F748>,5,True,34,1.9369985746352907,4.0,4.0,0.75,0.6,5.25,0.0,0.0,0,0.0,0.0,0.0,0.0,0.0,6.0,5.25,7.310277065880176,sim_input.json
95,3,17,<bidder.IntegralGreedyBidder object at 0x0000028086D3F748>,5,True,35,0.6233309305070838,4.0,4.0,0.75,0.75,5.25,1.0,1.0,1,0.7534470002690342,0.75,0.75,0.7534470002690342,0.46964681976546807,6.0,5.25,7.310277065880176,sim_input.json
95,3,17,<bidder.IntegralGreedyBidder object at 0x0000028086D3F748>,5,True,36,3.7089578811072714,3.0,3.0,1,0.75,5.25,0.0,0.0,0,0.004708097928436914,0.0,0.0,0.004708097928436914,0.01746213691670091,6.0,5.25,7.310277065880176,sim_input.json
95,3,17,<bidder.IntegralGreedyBidder object at 0x0000028086D3F748>,5,True,37,1.1070802790406242,6.0,6.0,0.5,0.42857142857142855,5.25,0.0,0.0,0,0.0029763837478624278,0.0,0.0,0.0029763837478624278,0.0032950957501155153,6.0,5.25,7.310277065880176,sim_input.json
95,3,17,<bidder.IntegralGreedyBidder object at 0x0000028086D3F748>,5,True,38,1.7348677127198064,3.0,3.0,1,0.75,5.25,0.0,0.0,0,0.001569365976145644,0.0,0.0,0.001569365976145644,0.00272264236145608,6.0,5.25,7.310277065880176,sim_input.json
95,3,17,<bidder.IntegralGreedyBidder object at 0x0000028086D3F748>,5,True,39,6.794781081886243,3.0,3.0,1,0.75,5.25,0.0,0.0,0,0.0,0.0,0.0,0.0,0.0,6.0,5.25,7.310277065880176,sim_input.json
95,3,17,<bidder.IntegralGreedyBidder object at 0x0000028086D3F748>,5,True,40,2.0703560338576503,4.0,4.0,0.75,0.6,5.25,0.0,0.0,0,0.0046240247511433975,0.0,0.0,0.0046240247511433975,0.009573377544236853,6.0,5.25,7.310277065880176,sim_input.json
95,3,17,<bidder.IntegralGreedyBidder object at 0x0000028086D3F748>,5,True,41,1.9422880817438422,1.0,1.0,1,1,5.25,0.0,0.0,0,0.0847457627118644,0.0,0.0,0.0847457627118644,0.16460068489354593,6.0,5.25,7.310277065880176,sim_input.json
95,3,17,<bidder.IntegralGreedyBidder object at 0x0000028086D3F748>,5,True,42,4.1714776606195,4.0,4.0,0.75,0.6,5.25,0.0,0.0,0,0.0032875511396843896,0.0,0.0,0.0032875511396843896,0.013713946137337608,6.0,5.25,7.310277065880176,sim_input.json
95,3,17,<bidder.IntegralGreedyBidder object at 0x0000028086D3F748>,5,True,43,1.3161774379028772,4.0,4.0,0.75,0.6,5.25,0.0,0.0,0,0.0,0.0,0.0,0.0,0.0,6.0,5.25,7.310277065880176,sim_input.json
95,3,17,<bidder.IntegralGreedyBidder object at 0x0000028086D3F748>,5,True,44,5.114880376454063,3.0,3.0,1,0.75,5.25,0.0,0.0,0,0.0059527674957248365,0.0,0.0,0.0059527674957248365,0.03044769364947656,6.0,5.25,7.310277065880176,sim_input.json
95,3,17,<bidder.IntegralGreedyBidder object at 0x0000028086D3F748>,5,True,45,4.044406952717281,1.0,1.0,1,1,5.25,0.0,0.0,0,0.0847457627118644,0.0,0.0,0.0847457627118644,0.34274635192519326,6.0,5.25,7.310277065880176,sim_input.json
95,3,17,<bidder.IntegralGreedyBidder object at 0x0000028086D3F748>,5,True,46,4.246151403277059,0.0,1.0,1,1,5.25,0.0,0.0,0,0.0847457627118644,0.0,0.0,0.0847457627118644,0.3598433392607677,6.0,5.25,7.310277065880176,sim_input.json
95,3,17,<bidder.IntegralGreedyBidder object at 0x0000028086D3F748>,5,True,47,0.7553868124283984,4.0,4.0,0.75,0.75,5.25,1.0,1.0,1,0.7523540489642184,0.75,0.75,0.7523540489642184,0.5683183268646802,6.0,5.25,7.310277065880176,sim_input.json
95,3,17,<bidder.IntegralGreedyBidder object at 0x0000028086D3F748>,5,True,48,2.141641498795855,2.0,2.0,1,1,5.25,0.0,0.0,0,0.0423728813559322,0.0,0.0,0.0423728813559322,0.09074752113541759,6.0,5.25,7.310277065880176,sim_input.json
95,3,17,<bidder.IntegralGreedyBidder object at 0x0000028086D3F748>,5,True,49,5.5852154914982,3.0,3.0,1,0.75,5.25,0.0,0.0,0,0.0043834015195791925,0.0,0.0,0.0043834015195791925,0.024482242072610457,6.0,5.25,7.310277065880176,sim_input.json
95,3,17,<bidder.IntegralGreedyBidder object at 0x0000028086D3F748>,5,True,50,2.850878271463842,1.0,1.0,1,1,5.25,0.0,0.0,0,0.08777239709443098,0.0,0.0,0.08777239709443098,0.25022841971080934,6.0,5.25,7.310277065880176,sim_input.json
95,3,17,<bidder.IntegralGreedyBidder object at 0x0000028086D3F748>,5,True,51,4.695224920332061,4.0,4.0,0.75,0.6,5.25,0.0,0.0,0,0.0032875511396843896,0.0,0.0,0.0032875511396843896,0.015435792037912214,6.0,5.25,7.310277065880176,sim_input.json
95,3,18,<bidder.UniformBidder object at 0x0000028086D3F198>,5,True,0,0.45812567126379355,6.0,6.0,0.5,0.5,4.0,1.0,1.0,1,0.5030266343825666,0.5,0.5,0.5030266343825666,0.23044941454008017,5.0,4.0,11.351131850580098,sim_input.json
95,3,18,<bidder.UniformBidder object at 0x0000028086D3F198>,5,True,1,4.090250263851833,1.0,1.0,1,1,4.0,0.0,0.0,0,0.1782583284628872,0.0,0.0,0.1782583284628872,0.7291211750291111,5.0,4.0,11.351131850580098,sim_input.json
95,3,18,<bidder.UniformBidder object at 0x0000028086D3F198>,5,True,2,2.9341135915193393,4.0,4.0,0.75,0.6,4.0,0.0,0.0,0,0.006894000538068348,0.0,0.0,0.006894000538068348,0.020227780678687978,5.0,4.0,11.351131850580098,sim_input.json
95,3,18,<bidder.UniformBidder object at 0x0000028086D3F198>,5,True,3,4.879393924712614,3.0,3.0,1,0.75,4.0,0.0,0.0,0,0.0,0.0,0.0,0.0,0.0,5.0,4.0,11.351131850580098,sim_input.json
95,3,18,<bidder.UniformBidder object at 0x0000028086D3F198>,5,True,4,0.8569350059278343,5.0,5.0,0.6,0.5,4.0,0.0,0.0,0,0.0,0.0,0.0,0.0,0.0,5.0,4.0,11.351131850580098,sim_input.json
95,3,18,<bidder.UniformBidder object at 0x0000028086D3F198>,5,True,5,5.322074085709088,3.0,3.0,1,0.75,4.0,0.0,0.0,0,0.00605326876513315,0.0,0.0,0.00605326876513315,0.032215944828747387,5.0,4.0,11.351131850580098,sim_input.json
95,3,18,<bidder.UniformBidder object at 0x0000028086D3F198>,5,True,6,3.6634305802926583,1.0,1.0,1,1,4.0,0.0,0.0,0,0.17263025737602009,0.0,0.0,0.17263025737602009,0.6324189639551042,5.0,4.0,11.351131850580098,sim_input.json
95,3,18,<bidder.UniformBidder object at 0x0000028086D3F198>,5,True,7,6.187686064707789,3.0,3.0,1,0.75,4.0,0.0,0.0,0,0.0,0.0,0.0,0.0,0.0,5.0,4.0,11.351131850580098,sim_input.json
95,3,18,<bidder.UniformBidder object at 0x0000028086D3F198>,5,True,8,2.6526398130799143,2.0,2.0,1,1,4.0,0.0,0.0,0,0.0847457627118644,0.0,0.0,0.0847457627118644,0.22479998415931476,5.0,4.0,11.351131850580098,sim_input.json
95,3,18,<bidder.UniformBidder object at 0x0000028086D3F198>,5,True,9,0.0,4.0,4.0,0.75,0.6,4.0,0.0,0.0,0,0.0,0.0,0.0,0.0,0.0,5.0,4.0,11.351131850580098,sim_input.json
95,3,18,<bidder.UniformBidder object at 0x0000028086D3F198>,5,True,10,3.1777616886574416,3.0,3.0,1,0.75,4.0,0.0,0.0,0,0.00605326876513315,0.0,0.0,0.00605326876513315,0.019235845572986864,5.0,4.0,11.351131850580098,sim_input.json
95,3,18,<bidder.UniformBidder object at 0x0000028086D3F198>,5,True,11,6.772932010954214,2.0,2.0,1,1,4.0,0.0,0.0,0,0.09079903147699757,0.0,0.0,0.09079903147699757,0.6149756668541961,5.0,4.0,11.351131850580098,sim_input.json
95,3,18,<bidder.UniformBidder object at 0x0000028086D3F198>,5,True,12,0.7535016840773264,3.0,3.0,1,0.75,4.0,0.0,0.0,0,0.00605326876513315,0.0,0.0,0.00605326876513315,0.004561148208700507,5.0,4.0,11.351131850580098,sim_input.json
95,3,18,<bidder.UniformBidder object at 0x0000028086D3F198>,5,True,13,3.0652311146306013,6.0,6.0,0.5,0.42857142857142855,4.0,0.0,0.0,0,0.003138731952291288,0.0,0.0,0.003138731952291288,0.009620938840648508,5.0,4.0,11.351131850580098,sim_input.json
95,3,18,<bidder.UniformBidder object at 0x0000028086D3F198>,5,True,14,2.9734037128455437,3.0,3.0,1,0.75,4.0,0.0,0.0,0,0.003138731952291288,0.0,0.0,0.003138731952291288,0.009332717240569858,5.0,4.0,11.351131850580098,sim_input.json
95,3,18,<bidder.UniformBidder object at 0x0000028086D3F198>,5,True,15,0.09907119470313441,3.0,3.0,1,1,4.0,1.0,1.0,1,1.0,1.0,1.0,1.0,0.09907119470313441,5.0,4.0,11.351131850580098,sim_input.json
95,3,18,<bidder.UniformBidder object at 0x0000028086D3F198>,5,True,16,6.075054969220377,3.0,3.0,1,0.75,4.0,0.0,0.0,0,0.0,0.0,0.0,0.0,0.0,5.0,4.0,11.351131850580098,sim_input.json
95,3,18,<bidder.UniformBidder object at 0x0000028086D3F198>,5,True,17,3.725718367563799,4.0,4.0,0.75,0.6,4.0,0.0,0.0,0,0.015823151781655574,0.0,0.0,0.015823151781655574,0.058952607225664026,5.0,4.0,11.351131850580098,sim_input.json
95,3,18,<bidder.UniformBidder object at 0x0000028086D3F198>,5,True,18,0.649608675546381,6.0,6.0,0.5,0.5,4.0,1.0,1.0,1,0.5104366702847124,0.5,0.5,0.5104366702847124,0.3315840893339568,5.0,4.0,11.351131850580098,sim_input.json
95,3,18,<bidder.UniformBidder object at 0x0000028086D3F198>,5,True,19,6.22899204483826,2.0,2.0,1,1,4.0,0.0,0.0,0,0.0847457627118644,0.0,0.0,0.0847457627118644,0.5278806817659543,5.0,4.0,11.351131850580098,sim_input.json
95,3,18,<bidder.UniformBidder object at 0x0000028086D3F198>,5,True,20,5.543066098577727,1.0,1.0,1,1,4.0,0.0,0.0,0,0.1694915254237288,0.0,0.0,0.1694915254237288,0.9395027285724961,5.0,4.0,11.351131850580098,sim_input.json
95,3,18,<bidder.UniformBidder object at 0x0000028086D3F198>,5,True,21,3.3954197489841063,1.0,1.0,1,1,4.0,0.0,0.0,0,0.1694915254237288,0.0,0.0,0.1694915254237288,0.5754948727091705,5.0,4.0,11.351131850580098,sim_input.json
95,3,18,<bidder.UniformBidder object at 0x0000028086D3F198>,5,True,22,4.415988677046791,3.0,3.0,1,0.75,4.0,0.0,0.0,0,0.014820071804291573,0.0,0.0,0.014820071804291573,0.06544526928077199,5.0,4.0,11.351131850580098,sim_input.json
95,3,18,<bidder.UniformBidder object at 0x0000028086D3F198>,5,True,23,0.47037491529036013,3.0,3.0,1,1,4.0,1.0,1.0,1,1.0,1.0,1.0,1.0,0.47037491529036013,5.0,4.0,11.351131850580098,sim_input.json
95,3,18,<bidder.UniformBidder object at 0x0000028086D3F198>,5,True,24,0.0,4.0,4.0,0.75,0.6,4.0,0.0,0.0,0,0.0,0.0,0.0,0.0,0.0,5.0,4.0,11.351131850580098,sim_input.json
95,3,18,<bidder.UniformBidder object at 0x0000028086D3F198>,5,True,25,6.781631780294847,2.0,2.0,1,1,4.0,0.0,0.0,0,0.0878844946641557,0.0,0.0,0.0878844946641557,0.5960002820095912,5.0,4.0,11.351131850580098,sim_input.json
95,3,18,<bidder.UniformBidder object at 0x0000028086D3F198>,5,True,26,2.740237223185332,1.0,1.0,1,1,4.0,0.0,0.0,0,0.1694915254237288,0.0,0.0,0.1694915254237288,0.46444698698056475,5.0,4.0,11.351131850580098,sim_input.json
95,3,18,<bidder.UniformBidder object at 0x0000028086D3F198>,5,True,27,2.932125399741386,0.0,0.0,1,1,4.0,0.0,0.0,0,0.2542372881355932,0.0,0.0,0.2542372881355932,0.7454556101037422,5.0,4.0,11.351131850580098,sim_input.json
95,3,18,<bidder.UniformBidder object at 0x0000028086D3F198>,5,True,28,3.813683133782712,4.0,4.0,0.75,0.6,4.0,0.0,0.0,0,0.006894000538068348,0.0,0.0,0.006894000538068348,0.0262915335763202,5.0,4.0,11.351131850580098,sim_input.json
95,3,18,<bidder.UniformBidder object at 0x0000028086D3F198>,5,True,29,2.283722665999573,3.0,3.0,1,0.75,4.0,0.0,0.0,0,0.003138731952291288,0.0,0.0,0.003138731952291288,0.007167993301944705,5.0,4.0,11.351131850580098,sim_input.json
95,3,18,<bidder.UniformBidder object at 0x0000028086D3F198>,5,True,30,2.948881520710911,4.0,4.0,0.75,0.6,4.0,0.0,0.0,0,0.0023540489642184474,0.0,0.0,0.0023540489642184474,0.00694181148943244,5.0,4.0,11.351131850580098,sim_input.json
95,3,18,<bidder.UniformBidder object at 0x0000028086D3F198>,5,True,31,3.8762138675402453,4.0,4.0,0.75,0.6,4.0,0.0,0.0,0,0.0,0.0,0.0,0.0,0.0,5.0,4.0,11.351131850580098,sim_input.json
95,3,18,<bidder.UniformBidder object at 0x0000028086D3F198>,5,True,32,2.5399093727773465,4.0,4.0,0.75,0.6,4.0,0.0,0.0,0,0.004708097928436895,0.0,0.0,0.004708097928436895,0.011958142056390477,5.0,4.0,11.351131850580098,sim_input.json
95,3,18,<bidder.UniformBidder object at 0x0000028086D3F198>,5,True,33,0.517666921553038,2.0,2.0,1,1,4.0,1.0,1.0,1,1.0,1.0,1.0,1.0,0.517666921553038,5.0,4.0,11.351131850580098,sim_input.json
95,3,18,<bidder.UniformBidder object at 0x0000028086D3F198>,5,True,34,3.7943960604246136,4.0,4.0,0.75,0.6,4.0,0.0,0.0,0,0.0,0.0,0.0,0.0,0.0,5.0,4.0,11.351131850580098,sim_input.json
95,3,18,<bidder.UniformBidder object at 0x0000028086D3F198>,5,True,35,7.388967106061471,4.0,4.0,0.75,0.6,4.0,0.0,0.0,0,0.006894000538068348,0.0,0.0,0.006894000538068348,0.050939543204957104,5.0,4.0,11.351131850580098,sim_input.json
95,3,18,<bidder.UniformBidder object at 0x0000028086D3F198>,5,True,36,2.4248262464006887,3.0,3.0,1,0.75,4.0,0.0,0.0,0,0.009416195856873828,0.0,0.0,0.009416195856873828,0.02283263885499708,5.0,4.0,11.351131850580098,sim_input.json
95,3,18,<bidder.UniformBidder object at 0x0000028086D3F198>,5,True,37,6.1417904856348615,6.0,6.0,0.5,0.42857142857142855,4.0,0.0,0.0,0,0.0059527674957248556,0.0,0.0,0.0059527674957248556,0.03656065076843938,5.0,4.0,11.351131850580098,sim_input.json
95,3,18,<bidder.UniformBidder object at 0x0000028086D3F198>,5,True,38,5.564386490147965,3.0,3.0,1,0.75,4.0,0.0,0.0,0,0.003138731952291288,0.0,0.0,0.003138731952291288,0.01746511767152539,5.0,4.0,11.351131850580098,sim_input.json
95,3,18,<bidder.UniformBidder object at 0x0000028086D3F198>,5,True,39,4.697458460770707,3.0,3.0,1,0.75,4.0,0.0,0.0,0,0.0,0.0,0.0,0.0,0.0,5.0,4.0,11.351131850580098,sim_input.json
95,3,18,<bidder.UniformBidder object at 0x0000028086D3F198>,5,True,40,5.486031852451068,4.0,4.0,0.75,0.6,4.0,0.0,0.0,0,0.009248049502286795,0.0,0.0,0.009248049502286795,0.0507350941425896,5.0,4.0,11.351131850580098,sim_input.json
95,3,18,<bidder.UniformBidder object at 0x0000028086D3F198>,5,True,41,6.534718406162843,1.0,1.0,1,1,4.0,0.0,0.0,0,0.1694915254237288,0.0,0.0,0.1694915254237288,1.107579390875058,5.0,4.0,11.351131850580098,sim_input.json
95,3,18,<bidder.UniformBidder object at 0x0000028086D3F198>,5,True,42,6.187463125985335,4.0,4.0,0.75,0.6,4.0,0.0,0.0,0,0.006575102279368779,0.0,0.0,0.006575102279368779,0.04068320290317645,5.0,4.0,11.351131850580098,sim_input.json
95,3,18,<bidder.UniformBidder object at 0x0000028086D3F198>,5,True,43,4.802074788190765,4.0,4.0,0.75,0.6,4.0,0.0,0.0,0,0.0,0.0,0.0,0.0,0.0,5.0,4.0,11.351131850580098,sim_input.json
95,3,18,<bidder.UniformBidder object at 0x0000028086D3F198>,5,True,44,5.9975549270013335,3.0,3.0,1,0.75,4.0,0.0,0.0,0,0.011905534991449673,0.0,0.0,0.011905534991449673,0.07140410004655577,5.0,4.0,11.351131850580098,sim_input.json
95,3,18,<bidder.UniformBidder object at 0x0000028086D3F198>,5,True,45,0.8683196894438171,1.0,1.0,1,1,4.0,0.0,0.0,0,0.1694915254237288,0.0,0.0,0.1694915254237288,0.14717282871929102,5.0,4.0,11.351131850580098,sim_input.json
95,3,18,<bidder.UniformBidder object at 0x0000028086D3F198>,5,True,46,4.44115169707584,0.0,1.0,1,1,4.0,0.0,0.0,0,0.1694915254237288,0.0,0.0,0.1694915254237288,0.7527375757755661,5.0,4.0,11.351131850580098,sim_input.json
95,3,18,<bidder.UniformBidder object at 0x0000028086D3F198>,5,True,47,4.685102647021263,4.0,4.0,0.75,0.6,4.0,0.0,0.0,0,0.004708097928436895,0.0,0.0,0.004708097928436895,0.02205792206695502,5.0,4.0,11.351131850580098,sim_input.json
95,3,18,<bidder.UniformBidder object at 0x0000028086D3F198>,5,True,48,0.8947630817802316,2.0,2.0,1,1,4.0,0.0,0.0,0,0.0847457627118644,0.0,0.0,0.0847457627118644,0.07582737981188403,5.0,4.0,11.351131850580098,sim_input.json
95,3,18,<bidder.UniformBidder object at 0x0000028086D3F198>,5,True,49,3.886219553114949,3.0,3.0,1,0.75,4.0,0.0,0.0,0,0.008766803039158385,0.0,0.0,0.008766803039158385,0.03406972138908487,5.0,4.0,11.351131850580098,sim_input.json
95,3,18,<bidder.UniformBidder object at 0x0000028086D3F198>,5,True,50,5.380574908961501,1.0,1.0,1,1,4.0,0.0,0.0,0,0.17554479418886196,0.0,0.0,0.17554479418886196,0.9445319150114013,5.0,4.0,11.351131850580098,sim_input.json
95,3,18,<bidder.UniformBidder object at 0x0000028086D3F198>,5,True,51,0.8120861472669128,4.0,4.0,0.75,0.6,4.0,0.0,0.0,0,0.006575102279368779,0.0,0.0,0.006575102279368779,0.005339549477938488,5.0,4.0,11.351131850580098,sim_input.json
95,3,19,<bidder.IntegralGreedyBidder object at 0x0000028086CB7978>,5,True,0,1.4157928004130482,6.0,6.0,0.5,0.42857142857142855,7.25,0.0,0.0,0,0.0,0.0,0.0,0.0,0.0,9.0,7.25,2.582302478875868,sim_input.json
95,3,19,<bidder.IntegralGreedyBidder object at 0x0000028086CB7978>,5,True,1,0.20863669155046538,1.0,1.0,1,1,7.25,1.0,1.0,1,0.896551724137931,1.0,0.896551724137931,0.896551724137931,0.18705358552800344,9.0,7.25,2.582302478875868,sim_input.json
95,3,19,<bidder.IntegralGreedyBidder object at 0x0000028086CB7978>,5,True,2,0.0,4.0,4.0,0.75,0.6,7.25,0.0,0.0,0,0.0,0.0,0.0,0.0,0.0,9.0,7.25,2.582302478875868,sim_input.json
95,3,19,<bidder.IntegralGreedyBidder object at 0x0000028086CB7978>,5,True,3,1.2045893710885411,3.0,3.0,1,0.75,7.25,0.0,0.0,0,0.0,0.0,0.0,0.0,0.0,9.0,7.25,2.582302478875868,sim_input.json
95,3,19,<bidder.IntegralGreedyBidder object at 0x0000028086CB7978>,5,True,4,0.8802454041456405,5.0,5.0,0.6,0.5,7.25,0.0,0.0,0,0.0,0.0,0.0,0.0,0.0,9.0,7.25,2.582302478875868,sim_input.json
95,3,19,<bidder.IntegralGreedyBidder object at 0x0000028086CB7978>,5,True,5,5.187502091952422,3.0,3.0,1,0.75,7.25,0.0,0.0,0,0.0,0.0,0.0,0.0,0.0,9.0,7.25,2.582302478875868,sim_input.json
95,3,19,<bidder.IntegralGreedyBidder object at 0x0000028086CB7978>,5,True,6,1.5342798180679653,1.0,1.0,1,1,7.25,0.0,0.0,0,0.0,0.0,0.0,0.0,0.0,9.0,7.25,2.582302478875868,sim_input.json
95,3,19,<bidder.IntegralGreedyBidder object at 0x0000028086CB7978>,5,True,7,1.5529883540214444,3.0,3.0,1,0.75,7.25,0.0,0.0,0,0.0,0.0,0.0,0.0,0.0,9.0,7.25,2.582302478875868,sim_input.json
95,3,19,<bidder.IntegralGreedyBidder object at 0x0000028086CB7978>,5,True,8,4.28209308319677,2.0,2.0,1,1,7.25,0.0,0.0,0,0.0,0.0,0.0,0.0,0.0,9.0,7.25,2.582302478875868,sim_input.json
95,3,19,<bidder.IntegralGreedyBidder object at 0x0000028086CB7978>,5,True,9,1.6764188074362696,4.0,4.0,0.75,0.6,7.25,0.0,0.0,0,0.0,0.0,0.0,0.0,0.0,9.0,7.25,2.582302478875868,sim_input.json
95,3,19,<bidder.IntegralGreedyBidder object at 0x0000028086CB7978>,5,True,10,7.307708216858034,3.0,3.0,1,0.75,7.25,0.0,0.0,0,0.0,0.0,0.0,0.0,0.0,9.0,7.25,2.582302478875868,sim_input.json
95,3,19,<bidder.IntegralGreedyBidder object at 0x0000028086CB7978>,5,True,11,3.6341886695013086,2.0,2.0,1,1,7.25,0.0,0.0,0,0.0,0.0,0.0,0.0,0.0,9.0,7.25,2.582302478875868,sim_input.json
95,3,19,<bidder.IntegralGreedyBidder object at 0x0000028086CB7978>,5,True,12,3.1304953552197703,3.0,3.0,1,0.75,7.25,0.0,0.0,0,0.0,0.0,0.0,0.0,0.0,9.0,7.25,2.582302478875868,sim_input.json
95,3,19,<bidder.IntegralGreedyBidder object at 0x0000028086CB7978>,5,True,13,6.2828773884673605,6.0,6.0,0.5,0.42857142857142855,7.25,0.0,0.0,0,0.0,0.0,0.0,0.0,0.0,9.0,7.25,2.582302478875868,sim_input.json
95,3,19,<bidder.IntegralGreedyBidder object at 0x0000028086CB7978>,5,True,14,2.426453903231897,3.0,3.0,1,0.75,7.25,0.0,0.0,0,0.0,0.0,0.0,0.0,0.0,9.0,7.25,2.582302478875868,sim_input.json
95,3,19,<bidder.IntegralGreedyBidder object at 0x0000028086CB7978>,5,True,15,0.5512839508735978,3.0,3.0,1,0.75,7.25,0.0,0.0,0,0.0,0.0,0.0,0.0,0.0,9.0,7.25,2.582302478875868,sim_input.json
95,3,19,<bidder.IntegralGreedyBidder object at 0x0000028086CB7978>,5,True,16,0.8161006938475508,3.0,3.0,1,0.75,7.25,0.0,0.0,0,0.0,0.0,0.0,0.0,0.0,9.0,7.25,2.582302478875868,sim_input.json
95,3,19,<bidder.IntegralGreedyBidder object at 0x0000028086CB7978>,5,True,17,0.5096046992983317,4.0,4.0,0.75,0.75,7.25,1.0,1.0,1,0.6724137931034483,0.75,0.6724137931034483,0.6724137931034483,0.3426652288385334,9.0,7.25,2.582302478875868,sim_input.json
95,3,19,<bidder.IntegralGreedyBidder object at 0x0000028086CB7978>,5,True,18,0.40930155961884407,6.0,6.0,0.5,0.5,7.25,1.0,1.0,1,0.4482758620689655,0.5,0.4482758620689655,0.4482758620689655,0.18348000948430943,9.0,7.25,2.582302478875868,sim_input.json
95,3,19,<bidder.IntegralGreedyBidder object at 0x0000028086CB7978>,5,True,19,1.9906892361847741,2.0,2.0,1,1,7.25,0.0,0.0,0,0.0,0.0,0.0,0.0,0.0,9.0,7.25,2.582302478875868,sim_input.json
95,3,19,<bidder.IntegralGreedyBidder object at 0x0000028086CB7978>,5,True,20,5.8630175098927815,1.0,1.0,1,1,7.25,0.0,0.0,0,0.0,0.0,0.0,0.0,0.0,9.0,7.25,2.582302478875868,sim_input.json
95,3,19,<bidder.IntegralGreedyBidder object at 0x0000028086CB7978>,5,True,21,5.812454894765089,1.0,1.0,1,1,7.25,0.0,0.0,0,0.0,0.0,0.0,0.0,0.0,9.0,7.25,2.582302478875868,sim_input.json
95,3,19,<bidder.IntegralGreedyBidder object at 0x0000028086CB7978>,5,True,22,0.29361300922597877,3.0,3.0,1,1,7.25,1.0,1.0,1,0.896551724137931,1.0,0.896551724137931,0.896551724137931,0.2632392496508775,9.0,7.25,2.582302478875868,sim_input.json
95,3,19,<bidder.IntegralGreedyBidder object at 0x0000028086CB7978>,5,True,23,5.459985341195626,3.0,3.0,1,0.75,7.25,0.0,0.0,0,0.0,0.0,0.0,0.0,0.0,9.0,7.25,2.582302478875868,sim_input.json
95,3,19,<bidder.IntegralGreedyBidder object at 0x0000028086CB7978>,5,True,24,1.9118530912138545,4.0,4.0,0.75,0.6,7.25,0.0,0.0,0,0.0,0.0,0.0,0.0,0.0,9.0,7.25,2.582302478875868,sim_input.json
95,3,19,<bidder.IntegralGreedyBidder object at 0x0000028086CB7978>,5,True,25,7.257790031321195,2.0,2.0,1,1,7.25,0.0,0.0,0,0.0,0.0,0.0,0.0,0.0,9.0,7.25,2.582302478875868,sim_input.json
95,3,19,<bidder.IntegralGreedyBidder object at 0x0000028086CB7978>,5,True,26,5.33914195567803,1.0,1.0,1,1,7.25,0.0,0.0,0,0.0,0.0,0.0,0.0,0.0,9.0,7.25,2.582302478875868,sim_input.json
95,3,19,<bidder.IntegralGreedyBidder object at 0x0000028086CB7978>,5,True,27,4.649634839306377,0.0,0.0,1,1,7.25,0.0,0.0,0,0.0,0.0,0.0,0.0,0.0,9.0,7.25,2.582302478875868,sim_input.json
95,3,19,<bidder.IntegralGreedyBidder object at 0x0000028086CB7978>,5,True,28,6.084039791881742,4.0,4.0,0.75,0.6,7.25,0.0,0.0,0,0.0,0.0,0.0,0.0,0.0,9.0,7.25,2.582302478875868,sim_input.json
95,3,19,<bidder.IntegralGreedyBidder object at 0x0000028086CB7978>,5,True,29,7.399157205195897,3.0,3.0,1,0.75,7.25,0.0,0.0,0,0.0,0.0,0.0,0.0,0.0,9.0,7.25,2.582302478875868,sim_input.json
95,3,19,<bidder.IntegralGreedyBidder object at 0x0000028086CB7978>,5,True,30,7.412315565111891,4.0,4.0,0.75,0.6,7.25,0.0,0.0,0,0.0,0.0,0.0,0.0,0.0,9.0,7.25,2.582302478875868,sim_input.json
95,3,19,<bidder.IntegralGreedyBidder object at 0x0000028086CB7978>,5,True,31,1.2524965362817482,4.0,4.0,0.75,0.6,7.25,0.0,0.0,0,0.0,0.0,0.0,0.0,0.0,9.0,7.25,2.582302478875868,sim_input.json
95,3,19,<bidder.IntegralGreedyBidder object at 0x0000028086CB7978>,5,True,32,7.927331916433518,4.0,4.0,0.75,0.6,7.25,0.0,0.0,0,0.0,0.0,0.0,0.0,0.0,9.0,7.25,2.582302478875868,sim_input.json
95,3,19,<bidder.IntegralGreedyBidder object at 0x0000028086CB7978>,5,True,33,6.105677109516412,2.0,2.0,1,1,7.25,0.0,0.0,0,0.0,0.0,0.0,0.0,0.0,9.0,7.25,2.582302478875868,sim_input.json
95,3,19,<bidder.IntegralGreedyBidder object at 0x0000028086CB7978>,5,True,34,3.9914369634149107,4.0,4.0,0.75,0.6,7.25,0.0,0.0,0,0.0,0.0,0.0,0.0,0.0,9.0,7.25,2.582302478875868,sim_input.json
95,3,19,<bidder.IntegralGreedyBidder object at 0x0000028086CB7978>,5,True,35,7.999132006562608,4.0,4.0,0.75,0.6,7.25,0.0,0.0,0,0.0,0.0,0.0,0.0,0.0,9.0,7.25,2.582302478875868,sim_input.json
95,3,19,<bidder.IntegralGreedyBidder object at 0x0000028086CB7978>,5,True,36,7.655372617612107,3.0,3.0,1,0.75,7.25,0.0,0.0,0,0.0,0.0,0.0,0.0,0.0,9.0,7.25,2.582302478875868,sim_input.json
95,3,19,<bidder.IntegralGreedyBidder object at 0x0000028086CB7978>,5,True,37,0.00862820621709659,6.0,6.0,0.5,0.5,7.25,1.0,1.0,1,0.4482758620689655,0.5,0.4482758620689655,0.4482758620689655,0.003867816580077782,9.0,7.25,2.582302478875868,sim_input.json
95,3,19,<bidder.IntegralGreedyBidder object at 0x0000028086CB7978>,5,True,38,5.154874028300172,3.0,3.0,1,0.75,7.25,0.0,0.0,0,0.0,0.0,0.0,0.0,0.0,9.0,7.25,2.582302478875868,sim_input.json
95,3,19,<bidder.IntegralGreedyBidder object at 0x0000028086CB7978>,5,True,39,5.236016160692637,3.0,3.0,1,0.75,7.25,0.0,0.0,0,0.0,0.0,0.0,0.0,0.0,9.0,7.25,2.582302478875868,sim_input.json
95,3,19,<bidder.IntegralGreedyBidder object at 0x0000028086CB7978>,5,True,40,7.7490419899084895,4.0,4.0,0.75,0.6,7.25,0.0,0.0,0,0.0,0.0,0.0,0.0,0.0,9.0,7.25,2.582302478875868,sim_input.json
95,3,19,<bidder.IntegralGreedyBidder object at 0x0000028086CB7978>,5,True,41,3.5539663222772195,1.0,1.0,1,1,7.25,0.0,0.0,0,0.0,0.0,0.0,0.0,0.0,9.0,7.25,2.582302478875868,sim_input.json
95,3,19,<bidder.IntegralGreedyBidder object at 0x0000028086CB7978>,5,True,42,0.4094239305813693,4.0,4.0,0.75,0.75,7.25,1.0,1.0,1,0.6724137931034483,0.75,0.6724137931034483,0.6724137931034483,0.27530229814954144,9.0,7.25,2.582302478875868,sim_input.json
95,3,19,<bidder.IntegralGreedyBidder object at 0x0000028086CB7978>,5,True,43,3.8540945471926147,4.0,4.0,0.75,0.6,7.25,0.0,0.0,0,0.0,0.0,0.0,0.0,0.0,9.0,7.25,2.582302478875868,sim_input.json
95,3,19,<bidder.IntegralGreedyBidder object at 0x0000028086CB7978>,5,True,44,0.5848189824863733,3.0,3.0,1,1,7.25,1.0,1.0,1,0.896551724137931,1.0,0.896551724137931,0.896551724137931,0.5243204670567485,9.0,7.25,2.582302478875868,sim_input.json
95,3,19,<bidder.IntegralGreedyBidder object at 0x0000028086CB7978>,5,True,45,5.11045616868767,1.0,1.0,1,1,7.25,0.0,0.0,0,0.0,0.0,0.0,0.0,0.0,9.0,7.25,2.582302478875868,sim_input.json
95,3,19,<bidder.IntegralGreedyBidder object at 0x0000028086CB7978>,5,True,46,6.632705092563487,0.0,1.0,1,1,7.25,0.0,0.0,0,0.0,0.0,0.0,0.0,0.0,9.0,7.25,2.582302478875868,sim_input.json
95,3,19,<bidder.IntegralGreedyBidder object at 0x0000028086CB7978>,5,True,47,5.010521120973906,4.0,4.0,0.75,0.6,7.25,0.0,0.0,0,0.0,0.0,0.0,0.0,0.0,9.0,7.25,2.582302478875868,sim_input.json
95,3,19,<bidder.IntegralGreedyBidder object at 0x0000028086CB7978>,5,True,48,6.242865642221441,2.0,2.0,1,1,7.25,0.0,0.0,0,0.0,0.0,0.0,0.0,0.0,9.0,7.25,2.582302478875868,sim_input.json
95,3,19,<bidder.IntegralGreedyBidder object at 0x0000028086CB7978>,5,True,49,0.6762184756004613,3.0,3.0,1,1,7.25,1.0,1.0,1,0.896551724137931,1.0,0.896551724137931,0.896551724137931,0.6062648401935171,9.0,7.25,2.582302478875868,sim_input.json
95,3,19,<bidder.IntegralGreedyBidder object at 0x0000028086CB7978>,5,True,50,5.358382335330373,1.0,1.0,1,1,7.25,0.0,0.0,0,0.0,0.0,0.0,0.0,0.0,9.0,7.25,2.582302478875868,sim_input.json
95,3,19,<bidder.IntegralGreedyBidder object at 0x0000028086CB7978>,5,True,51,0.29164925735556513,4.0,4.0,0.75,0.75,7.25,1.0,1.0,1,0.6724137931034483,0.75,0.6724137931034483,0.6724137931034483,0.1961089833942593,9.0,7.25,2.582302478875868,sim_input.json
95,3,20,<bidder.IntegralGreedyBidder object at 0x0000028086CB7F28>,5,True,0,2.3082114061087626,6.0,6.0,0.5,0.42857142857142855,6.75,0.0,0.0,0,0.0,0.0,0.0,0.0,0.0,9.0,6.75,3.0553535164985766,sim_input.json
95,3,20,<bidder.IntegralGreedyBidder object at 0x0000028086CB7F28>,5,True,1,7.5983576724912165,1.0,1.0,1,1,6.75,0.0,0.0,0,0.0,0.0,0.0,0.0,0.0,9.0,6.75,3.0553535164985766,sim_input.json
95,3,20,<bidder.IntegralGreedyBidder object at 0x0000028086CB7F28>,5,True,2,4.586373782381752,4.0,4.0,0.75,0.6,6.75,0.0,0.0,0,0.0,0.0,0.0,0.0,0.0,9.0,6.75,3.0553535164985766,sim_input.json
95,3,20,<bidder.IntegralGreedyBidder object at 0x0000028086CB7F28>,5,True,3,2.73211899796365,3.0,3.0,1,0.75,6.75,0.0,0.0,0,0.0,0.0,0.0,0.0,0.0,9.0,6.75,3.0553535164985766,sim_input.json
95,3,20,<bidder.IntegralGreedyBidder object at 0x0000028086CB7F28>,5,True,4,7.628739301554569,5.0,5.0,0.6,0.5,6.75,0.0,0.0,0,0.0,0.0,0.0,0.0,0.0,9.0,6.75,3.0553535164985766,sim_input.json
95,3,20,<bidder.IntegralGreedyBidder object at 0x0000028086CB7F28>,5,True,5,2.8135149706945812,3.0,3.0,1,0.75,6.75,0.0,0.0,0,0.0,0.0,0.0,0.0,0.0,9.0,6.75,3.0553535164985766,sim_input.json
95,3,20,<bidder.IntegralGreedyBidder object at 0x0000028086CB7F28>,5,True,6,0.9110305068020731,1.0,1.0,1,1,6.75,1.0,1.0,1,0.9629629629629629,1.0,0.9629629629629629,0.9629629629629629,0.877288636179774,9.0,6.75,3.0553535164985766,sim_input.json
95,3,20,<bidder.IntegralGreedyBidder object at 0x0000028086CB7F28>,5,True,7,6.9461075043101275,3.0,3.0,1,0.75,6.75,0.0,0.0,0,0.0,0.0,0.0,0.0,0.0,9.0,6.75,3.0553535164985766,sim_input.json
95,3,20,<bidder.IntegralGreedyBidder object at 0x0000028086CB7F28>,5,True,8,4.199528930200873,2.0,2.0,1,1,6.75,0.0,0.0,0,0.0,0.0,0.0,0.0,0.0,9.0,6.75,3.0553535164985766,sim_input.json
95,3,20,<bidder.IntegralGreedyBidder object at 0x0000028086CB7F28>,5,True,9,0.9321528488134967,4.0,4.0,0.75,0.6,6.75,0.0,0.0,0,0.0,0.0,0.0,0.0,0.0,9.0,6.75,3.0553535164985766,sim_input.json
95,3,20,<bidder.IntegralGreedyBidder object at 0x0000028086CB7F28>,5,True,10,5.981470125145101,3.0,3.0,1,0.75,6.75,0.0,0.0,0,0.0,0.0,0.0,0.0,0.0,9.0,6.75,3.0553535164985766,sim_input.json
95,3,20,<bidder.IntegralGreedyBidder object at 0x0000028086CB7F28>,5,True,11,2.7641966927968236,2.0,2.0,1,1,6.75,0.0,0.0,0,0.0,0.0,0.0,0.0,0.0,9.0,6.75,3.0553535164985766,sim_input.json
95,3,20,<bidder.IntegralGreedyBidder object at 0x0000028086CB7F28>,5,True,12,4.745138700373349,3.0,3.0,1,0.75,6.75,0.0,0.0,0,0.0,0.0,0.0,0.0,0.0,9.0,6.75,3.0553535164985766,sim_input.json
95,3,20,<bidder.IntegralGreedyBidder object at 0x0000028086CB7F28>,5,True,13,0.03198346086094983,6.0,6.0,0.5,0.5,6.75,1.0,1.0,1,0.48148148148148145,0.5,0.48148148148148145,0.48148148148148145,0.015399444118235102,9.0,6.75,3.0553535164985766,sim_input.json
95,3,20,<bidder.IntegralGreedyBidder object at 0x0000028086CB7F28>,5,True,14,0.0,3.0,3.0,1,0.75,6.75,0.0,0.0,0,0.0,0.0,0.0,0.0,0.0,9.0,6.75,3.0553535164985766,sim_input.json
95,3,20,<bidder.IntegralGreedyBidder object at 0x0000028086CB7F28>,5,True,15,3.98040435508564,3.0,3.0,1,0.75,6.75,0.0,0.0,0,0.0,0.0,0.0,0.0,0.0,9.0,6.75,3.0553535164985766,sim_input.json
95,3,20,<bidder.IntegralGreedyBidder object at 0x0000028086CB7F28>,5,True,16,0.0,3.0,3.0,1,0.75,6.75,0.0,0.0,0,0.0,0.0,0.0,0.0,0.0,9.0,6.75,3.0553535164985766,sim_input.json
95,3,20,<bidder.IntegralGreedyBidder object at 0x0000028086CB7F28>,5,True,17,0.30172571051996566,4.0,4.0,0.75,0.75,6.75,1.0,1.0,1,0.7222222222222222,0.75,0.7222222222222222,0.7222222222222222,0.21791301315330852,9.0,6.75,3.0553535164985766,sim_input.json
95,3,20,<bidder.IntegralGreedyBidder object at 0x0000028086CB7F28>,5,True,18,4.997392072613367,6.0,6.0,0.5,0.42857142857142855,6.75,0.0,0.0,0,0.0,0.0,0.0,0.0,0.0,9.0,6.75,3.0553535164985766,sim_input.json
95,3,20,<bidder.IntegralGreedyBidder object at 0x0000028086CB7F28>,5,True,19,5.927137081722592,2.0,2.0,1,1,6.75,0.0,0.0,0,0.0,0.0,0.0,0.0,0.0,9.0,6.75,3.0553535164985766,sim_input.json
95,3,20,<bidder.IntegralGreedyBidder object at 0x0000028086CB7F28>,5,True,20,4.023000920101753,1.0,1.0,1,1,6.75,0.0,0.0,0,0.0,0.0,0.0,0.0,0.0,9.0,6.75,3.0553535164985766,sim_input.json
95,3,20,<bidder.IntegralGreedyBidder object at 0x0000028086CB7F28>,5,True,21,5.0151032302944465,1.0,1.0,1,1,6.75,0.0,0.0,0,0.0,0.0,0.0,0.0,0.0,9.0,6.75,3.0553535164985766,sim_input.json
95,3,20,<bidder.IntegralGreedyBidder object at 0x0000028086CB7F28>,5,True,22,2.4179666266258693,3.0,3.0,1,0.75,6.75,0.0,0.0,0,0.0,0.0,0.0,0.0,0.0,9.0,6.75,3.0553535164985766,sim_input.json
95,3,20,<bidder.IntegralGreedyBidder object at 0x0000028086CB7F28>,5,True,23,4.511306002870674,3.0,3.0,1,0.75,6.75,0.0,0.0,0,0.0,0.0,0.0,0.0,0.0,9.0,6.75,3.0553535164985766,sim_input.json
95,3,20,<bidder.IntegralGreedyBidder object at 0x0000028086CB7F28>,5,True,24,0.8282501283487078,4.0,4.0,0.75,0.75,6.75,1.0,1.0,1,0.7222222222222222,0.75,0.7222222222222222,0.7222222222222222,0.5981806482518445,9.0,6.75,3.0553535164985766,sim_input.json
95,3,20,<bidder.IntegralGreedyBidder object at 0x0000028086CB7F28>,5,True,25,5.122351829531283,2.0,2.0,1,1,6.75,0.0,0.0,0,0.0,0.0,0.0,0.0,0.0,9.0,6.75,3.0553535164985766,sim_input.json
95,3,20,<bidder.IntegralGreedyBidder object at 0x0000028086CB7F28>,5,True,26,0.9799123150452158,1.0,1.0,1,1,6.75,0.0,0.0,0,0.0,0.0,0.0,0.0,0.0,9.0,6.75,3.0553535164985766,sim_input.json
95,3,20,<bidder.IntegralGreedyBidder object at 0x0000028086CB7F28>,5,True,27,0.0,0.0,0.0,1,1,6.75,0.0,0.0,0,0.0,0.0,0.0,0.0,0.0,9.0,6.75,3.0553535164985766,sim_input.json
95,3,20,<bidder.IntegralGreedyBidder object at 0x0000028086CB7F28>,5,True,28,0.0,4.0,4.0,0.75,0.6,6.75,0.0,0.0,0,0.0,0.0,0.0,0.0,0.0,9.0,6.75,3.0553535164985766,sim_input.json
95,3,20,<bidder.IntegralGreedyBidder object at 0x0000028086CB7F28>,5,True,29,0.0,3.0,3.0,1,0.75,6.75,0.0,0.0,0,0.0,0.0,0.0,0.0,0.0,9.0,6.75,3.0553535164985766,sim_input.json
95,3,20,<bidder.IntegralGreedyBidder object at 0x0000028086CB7F28>,5,True,30,0.3797543077999792,4.0,4.0,0.75,0.75,6.75,1.0,1.0,1,0.7222222222222222,0.75,0.7222222222222222,0.7222222222222222,0.2742670000777628,9.0,6.75,3.0553535164985766,sim_input.json
95,3,20,<bidder.IntegralGreedyBidder object at 0x0000028086CB7F28>,5,True,31,6.868613878853594,4.0,4.0,0.75,0.6,6.75,0.0,0.0,0,0.0,0.0,0.0,0.0,0.0,9.0,6.75,3.0553535164985766,sim_input.json
95,3,20,<bidder.IntegralGreedyBidder object at 0x0000028086CB7F28>,5,True,32,0.31534754102141715,4.0,4.0,0.75,0.75,6.75,1.0,1.0,1,0.7222222222222222,0.75,0.7222222222222222,0.7222222222222222,0.2277510018488013,9.0,6.75,3.0553535164985766,sim_input.json
95,3,20,<bidder.IntegralGreedyBidder object at 0x0000028086CB7F28>,5,True,33,6.512979584810474,2.0,2.0,1,1,6.75,0.0,0.0,0,0.0,0.0,0.0,0.0,0.0,9.0,6.75,3.0553535164985766,sim_input.json
95,3,20,<bidder.IntegralGreedyBidder object at 0x0000028086CB7F28>,5,True,34,0.756633011241033,4.0,4.0,0.75,0.6,6.75,0.0,0.0,0,0.0,0.0,0.0,0.0,0.0,9.0,6.75,3.0553535164985766,sim_input.json
95,3,20,<bidder.IntegralGreedyBidder object at 0x0000028086CB7F28>,5,True,35,5.9912604605036215,4.0,4.0,0.75,0.6,6.75,0.0,0.0,0,0.0,0.0,0.0,0.0,0.0,9.0,6.75,3.0553535164985766,sim_input.json
95,3,20,<bidder.IntegralGreedyBidder object at 0x0000028086CB7F28>,5,True,36,0.44393875235159264,3.0,3.0,1,1,6.75,1.0,1.0,1,0.9629629629629629,1.0,0.9629629629629629,0.9629629629629629,0.4274965763385707,9.0,6.75,3.0553535164985766,sim_input.json
95,3,20,<bidder.IntegralGreedyBidder object at 0x0000028086CB7F28>,5,True,37,0.24997831741307008,6.0,6.0,0.5,0.5,6.75,1.0,1.0,1,0.48148148148148145,0.5,0.48148148148148145,0.48148148148148145,0.12035993060629299,9.0,6.75,3.0553535164985766,sim_input.json
95,3,20,<bidder.IntegralGreedyBidder object at 0x0000028086CB7F28>,5,True,38,4.957311698439689,3.0,3.0,1,0.75,6.75,0.0,0.0,0,0.0,0.0,0.0,0.0,0.0,9.0,6.75,3.0553535164985766,sim_input.json
95,3,20,<bidder.IntegralGreedyBidder object at 0x0000028086CB7F28>,5,True,39,7.143826335892478,3.0,3.0,1,0.75,6.75,0.0,0.0,0,0.0,0.0,0.0,0.0,0.0,9.0,6.75,3.0553535164985766,sim_input.json
95,3,20,<bidder.IntegralGreedyBidder object at 0x0000028086CB7F28>,5,True,40,4.946155223207547,4.0,4.0,0.75,0.6,6.75,0.0,0.0,0,0.0,0.0,0.0,0.0,0.0,9.0,6.75,3.0553535164985766,sim_input.json
95,3,20,<bidder.IntegralGreedyBidder object at 0x0000028086CB7F28>,5,True,41,6.781805906866014,1.0,1.0,1,1,6.75,0.0,0.0,0,0.0,0.0,0.0,0.0,0.0,9.0,6.75,3.0553535164985766,sim_input.json
95,3,20,<bidder.IntegralGreedyBidder object at 0x0000028086CB7F28>,5,True,42,6.773775110094891,4.0,4.0,0.75,0.6,6.75,0.0,0.0,0,0.0,0.0,0.0,0.0,0.0,9.0,6.75,3.0553535164985766,sim_input.json
95,3,20,<bidder.IntegralGreedyBidder object at 0x0000028086CB7F28>,5,True,43,3.9679274217920555,4.0,4.0,0.75,0.6,6.75,0.0,0.0,0,0.0,0.0,0.0,0.0,0.0,9.0,6.75,3.0553535164985766,sim_input.json
95,3,20,<bidder.IntegralGreedyBidder object at 0x0000028086CB7F28>,5,True,44,7.648481152695934,3.0,3.0,1,0.75,6.75,0.0,0.0,0,0.0,0.0,0.0,0.0,0.0,9.0,6.75,3.0553535164985766,sim_input.json
95,3,20,<bidder.IntegralGreedyBidder object at 0x0000028086CB7F28>,5,True,45,0.9474071753350684,1.0,1.0,1,1,6.75,0.0,0.0,0,0.0,0.0,0.0,0.0,0.0,9.0,6.75,3.0553535164985766,sim_input.json
95,3,20,<bidder.IntegralGreedyBidder object at 0x0000028086CB7F28>,5,True,46,7.981651435416028,0.0,1.0,1,1,6.75,0.0,0.0,0,0.0,0.0,0.0,0.0,0.0,9.0,6.75,3.0553535164985766,sim_input.json
95,3,20,<bidder.IntegralGreedyBidder object at 0x0000028086CB7F28>,5,True,47,0.4108115989716732,4.0,4.0,0.75,0.75,6.75,1.0,1.0,1,0.7222222222222222,0.75,0.7222222222222222,0.7222222222222222,0.2966972659239862,9.0,6.75,3.0553535164985766,sim_input.json
95,3,20,<bidder.IntegralGreedyBidder object at 0x0000028086CB7F28>,5,True,48,2.094751816180569,2.0,2.0,1,1,6.75,0.0,0.0,0,0.0,0.0,0.0,0.0,0.0,9.0,6.75,3.0553535164985766,sim_input.json
95,3,20,<bidder.IntegralGreedyBidder object at 0x0000028086CB7F28>,5,True,49,4.61937015878077,3.0,3.0,1,0.75,6.75,0.0,0.0,0,0.0,0.0,0.0,0.0,0.0,9.0,6.75,3.0553535164985766,sim_input.json
95,3,20,<bidder.IntegralGreedyBidder object at 0x0000028086CB7F28>,5,True,50,2.83465198845406,1.0,1.0,1,1,6.75,0.0,0.0,0,0.0,0.0,0.0,0.0,0.0,9.0,6.75,3.0553535164985766,sim_input.json
95,3,20,<bidder.IntegralGreedyBidder object at 0x0000028086CB7F28>,5,True,51,3.5312615959606886,4.0,4.0,0.75,0.6,6.75,0.0,0.0,0,0.0,0.0,0.0,0.0,0.0,9.0,6.75,3.0553535164985766,sim_input.json
95,3,21,<bidder.IntegralGreedyBidder object at 0x0000028086CB7F98>,5,True,0,0.0,6.0,6.0,0.5,0.42857142857142855,7.0,0.0,0.0,0,0.0,0.0,0.0,0.0,0.0,8.0,7.0,4.288602473877114,sim_input.json
95,3,21,<bidder.IntegralGreedyBidder object at 0x0000028086CB7F98>,5,True,1,7.6229785552601745,1.0,1.0,1,1,7.0,0.0,0.0,0,0.0,0.0,0.0,0.0,0.0,8.0,7.0,4.288602473877114,sim_input.json
95,3,21,<bidder.IntegralGreedyBidder object at 0x0000028086CB7F98>,5,True,2,0.5922592005146028,4.0,4.0,0.75,0.75,7.0,1.0,1.0,1,0.6964285714285714,0.75,0.6964285714285714,0.6964285714285714,0.41246622892981266,8.0,7.0,4.288602473877114,sim_input.json
95,3,21,<bidder.IntegralGreedyBidder object at 0x0000028086CB7F98>,5,True,3,7.146553396117546,3.0,3.0,1,0.75,7.0,0.0,0.0,0,0.0,0.0,0.0,0.0,0.0,8.0,7.0,4.288602473877114,sim_input.json
95,3,21,<bidder.IntegralGreedyBidder object at 0x0000028086CB7F98>,5,True,4,7.658621796462693,5.0,5.0,0.6,0.5,7.0,0.0,0.0,0,0.0,0.0,0.0,0.0,0.0,8.0,7.0,4.288602473877114,sim_input.json
95,3,21,<bidder.IntegralGreedyBidder object at 0x0000028086CB7F98>,5,True,5,0.06150128985580272,3.0,3.0,1,1,7.0,1.0,1.0,1,0.9285714285714286,1.0,0.9285714285714286,0.9285714285714286,0.057108340580388245,8.0,7.0,4.288602473877114,sim_input.json
95,3,21,<bidder.IntegralGreedyBidder object at 0x0000028086CB7F98>,5,True,6,2.7904674053694,1.0,1.0,1,1,7.0,0.0,0.0,0,0.0,0.0,0.0,0.0,0.0,8.0,7.0,4.288602473877114,sim_input.json
95,3,21,<bidder.IntegralGreedyBidder object at 0x0000028086CB7F98>,5,True,7,5.227257267176301,3.0,3.0,1,0.75,7.0,0.0,0.0,0,0.0,0.0,0.0,0.0,0.0,8.0,7.0,4.288602473877114,sim_input.json
95,3,21,<bidder.IntegralGreedyBidder object at 0x0000028086CB7F98>,5,True,8,6.638345226917731,2.0,2.0,1,1,7.0,0.0,0.0,0,0.0,0.0,0.0,0.0,0.0,8.0,7.0,4.288602473877114,sim_input.json
95,3,21,<bidder.IntegralGreedyBidder object at 0x0000028086CB7F98>,5,True,9,0.0,4.0,4.0,0.75,0.6,7.0,0.0,0.0,0,0.0,0.0,0.0,0.0,0.0,8.0,7.0,4.288602473877114,sim_input.json
95,3,21,<bidder.IntegralGreedyBidder object at 0x0000028086CB7F98>,5,True,10,2.1384755153226838,3.0,3.0,1,0.75,7.0,0.0,0.0,0,0.0,0.0,0.0,0.0,0.0,8.0,7.0,4.288602473877114,sim_input.json
95,3,21,<bidder.IntegralGreedyBidder object at 0x0000028086CB7F98>,5,True,11,0.0,2.0,2.0,1,1,7.0,0.0,0.0,0,0.0,0.0,0.0,0.0,0.0,8.0,7.0,4.288602473877114,sim_input.json
95,3,21,<bidder.IntegralGreedyBidder object at 0x0000028086CB7F98>,5,True,12,0.05405603745832366,3.0,3.0,1,1,7.0,1.0,1.0,1,0.9285714285714286,1.0,0.9285714285714286,0.9285714285714286,0.05019489192558626,8.0,7.0,4.288602473877114,sim_input.json
95,3,21,<bidder.IntegralGreedyBidder object at 0x0000028086CB7F98>,5,True,13,0.0,6.0,6.0,0.5,0.42857142857142855,7.0,0.0,0.0,0,0.0,0.0,0.0,0.0,0.0,8.0,7.0,4.288602473877114,sim_input.json
95,3,21,<bidder.IntegralGreedyBidder object at 0x0000028086CB7F98>,5,True,14,1.1874518537256664,3.0,3.0,1,0.75,7.0,0.0,0.0,0,0.0,0.0,0.0,0.0,0.0,8.0,7.0,4.288602473877114,sim_input.json
95,3,21,<bidder.IntegralGreedyBidder object at 0x0000028086CB7F98>,5,True,15,0.4712340550287297,3.0,3.0,1,1,7.0,1.0,1.0,1,0.9285714285714286,1.0,0.9285714285714286,0.9285714285714286,0.4375744796695348,8.0,7.0,4.288602473877114,sim_input.json
95,3,21,<bidder.IntegralGreedyBidder object at 0x0000028086CB7F98>,5,True,16,0.0,3.0,3.0,1,0.75,7.0,0.0,0.0,0,0.0,0.0,0.0,0.0,0.0,8.0,7.0,4.288602473877114,sim_input.json
95,3,21,<bidder.IntegralGreedyBidder object at 0x0000028086CB7F98>,5,True,17,0.0,4.0,4.0,0.75,0.6,7.0,0.0,0.0,0,0.0,0.0,0.0,0.0,0.0,8.0,7.0,4.288602473877114,sim_input.json
95,3,21,<bidder.IntegralGreedyBidder object at 0x0000028086CB7F98>,5,True,18,0.8038666690620028,6.0,6.0,0.5,0.5,7.0,1.0,1.0,1,0.4642857142857143,0.5,0.4642857142857143,0.4642857142857143,0.37322381063592985,8.0,7.0,4.288602473877114,sim_input.json
95,3,21,<bidder.IntegralGreedyBidder object at 0x0000028086CB7F98>,5,True,19,2.1012247090220377,2.0,2.0,1,1,7.0,0.0,0.0,0,0.0,0.0,0.0,0.0,0.0,8.0,7.0,4.288602473877114,sim_input.json
95,3,21,<bidder.IntegralGreedyBidder object at 0x0000028086CB7F98>,5,True,20,2.15163078781743,1.0,1.0,1,1,7.0,0.0,0.0,0,0.0,0.0,0.0,0.0,0.0,8.0,7.0,4.288602473877114,sim_input.json
95,3,21,<bidder.IntegralGreedyBidder object at 0x0000028086CB7F98>,5,True,21,0.0,1.0,1.0,1,1,7.0,0.0,0.0,0,0.0,0.0,0.0,0.0,0.0,8.0,7.0,4.288602473877114,sim_input.json
95,3,21,<bidder.IntegralGreedyBidder object at 0x0000028086CB7F98>,5,True,22,2.6657281104725987,3.0,3.0,1,0.75,7.0,0.0,0.0,0,0.0,0.0,0.0,0.0,0.0,8.0,7.0,4.288602473877114,sim_input.json
95,3,21,<bidder.IntegralGreedyBidder object at 0x0000028086CB7F98>,5,True,23,1.2343816531685219,3.0,3.0,1,1,7.0,1.0,1.0,1,0.9285714285714286,1.0,0.9285714285714286,0.9285714285714286,1.1462115350850561,8.0,7.0,4.288602473877114,sim_input.json
95,3,21,<bidder.IntegralGreedyBidder object at 0x0000028086CB7F98>,5,True,24,6.056920904781192,4.0,4.0,0.75,0.6,7.0,0.0,0.0,0,0.0,0.0,0.0,0.0,0.0,8.0,7.0,4.288602473877114,sim_input.json
95,3,21,<bidder.IntegralGreedyBidder object at 0x0000028086CB7F98>,5,True,25,4.23162355749542,2.0,2.0,1,1,7.0,0.0,0.0,0,0.0,0.0,0.0,0.0,0.0,8.0,7.0,4.288602473877114,sim_input.json
95,3,21,<bidder.IntegralGreedyBidder object at 0x0000028086CB7F98>,5,True,26,7.704322774936507,1.0,1.0,1,1,7.0,0.0,0.0,0,0.0,0.0,0.0,0.0,0.0,8.0,7.0,4.288602473877114,sim_input.json
95,3,21,<bidder.IntegralGreedyBidder object at 0x0000028086CB7F98>,5,True,27,4.558038599782803,0.0,0.0,1,1,7.0,0.0,0.0,0,0.0,0.0,0.0,0.0,0.0,8.0,7.0,4.288602473877114,sim_input.json
95,3,21,<bidder.IntegralGreedyBidder object at 0x0000028086CB7F98>,5,True,28,6.624495129645584,4.0,4.0,0.75,0.6,7.0,0.0,0.0,0,0.0,0.0,0.0,0.0,0.0,8.0,7.0,4.288602473877114,sim_input.json
95,3,21,<bidder.IntegralGreedyBidder object at 0x0000028086CB7F98>,5,True,29,6.5511877649353725,3.0,3.0,1,0.75,7.0,0.0,0.0,0,0.0,0.0,0.0,0.0,0.0,8.0,7.0,4.288602473877114,sim_input.json
95,3,21,<bidder.IntegralGreedyBidder object at 0x0000028086CB7F98>,5,True,30,7.611193520577263,4.0,4.0,0.75,0.6,7.0,0.0,0.0,0,0.0,0.0,0.0,0.0,0.0,8.0,7.0,4.288602473877114,sim_input.json
95,3,21,<bidder.IntegralGreedyBidder object at 0x0000028086CB7F98>,5,True,31,4.940633546559601,4.0,4.0,0.75,0.6,7.0,0.0,0.0,0,0.0,0.0,0.0,0.0,0.0,8.0,7.0,4.288602473877114,sim_input.json
95,3,21,<bidder.IntegralGreedyBidder object at 0x0000028086CB7F98>,5,True,32,0.0,4.0,4.0,0.75,0.6,7.0,0.0,0.0,0,0.0,0.0,0.0,0.0,0.0,8.0,7.0,4.288602473877114,sim_input.json
95,3,21,<bidder.IntegralGreedyBidder object at 0x0000028086CB7F98>,5,True,33,6.925830241512566,2.0,2.0,1,1,7.0,0.0,0.0,0,0.0,0.0,0.0,0.0,0.0,8.0,7.0,4.288602473877114,sim_input.json
95,3,21,<bidder.IntegralGreedyBidder object at 0x0000028086CB7F98>,5,True,34,6.192919181568804,4.0,4.0,0.75,0.6,7.0,0.0,0.0,0,0.0,0.0,0.0,0.0,0.0,8.0,7.0,4.288602473877114,sim_input.json
95,3,21,<bidder.IntegralGreedyBidder object at 0x0000028086CB7F98>,5,True,35,0.9479686284402136,4.0,4.0,0.75,0.75,7.0,1.0,1.0,1,0.6964285714285714,0.75,0.6964285714285714,0.6964285714285714,0.6601924376637202,8.0,7.0,4.288602473877114,sim_input.json
95,3,21,<bidder.IntegralGreedyBidder object at 0x0000028086CB7F98>,5,True,36,0.0,3.0,3.0,1,0.75,7.0,0.0,0.0,0,0.0,0.0,0.0,0.0,0.0,8.0,7.0,4.288602473877114,sim_input.json
95,3,21,<bidder.IntegralGreedyBidder object at 0x0000028086CB7F98>,5,True,37,1.2965787514346152,6.0,6.0,0.5,0.42857142857142855,7.0,0.0,0.0,0,0.0,0.0,0.0,0.0,0.0,8.0,7.0,4.288602473877114,sim_input.json
95,3,21,<bidder.IntegralGreedyBidder object at 0x0000028086CB7F98>,5,True,38,1.2377809485890203,3.0,3.0,1,0.75,7.0,0.0,0.0,0,0.0,0.0,0.0,0.0,0.0,8.0,7.0,4.288602473877114,sim_input.json
95,3,21,<bidder.IntegralGreedyBidder object at 0x0000028086CB7F98>,5,True,39,5.447805302063117,3.0,3.0,1,0.75,7.0,0.0,0.0,0,0.0,0.0,0.0,0.0,0.0,8.0,7.0,4.288602473877114,sim_input.json
95,3,21,<bidder.IntegralGreedyBidder object at 0x0000028086CB7F98>,5,True,40,4.177076574576072,4.0,4.0,0.75,0.6,7.0,0.0,0.0,0,0.0,0.0,0.0,0.0,0.0,8.0,7.0,4.288602473877114,sim_input.json
95,3,21,<bidder.IntegralGreedyBidder object at 0x0000028086CB7F98>,5,True,41,6.086880876704409,1.0,1.0,1,1,7.0,0.0,0.0,0,0.0,0.0,0.0,0.0,0.0,8.0,7.0,4.288602473877114,sim_input.json
95,3,21,<bidder.IntegralGreedyBidder object at 0x0000028086CB7F98>,5,True,42,6.25982647541084,4.0,4.0,0.75,0.6,7.0,0.0,0.0,0,0.0,0.0,0.0,0.0,0.0,8.0,7.0,4.288602473877114,sim_input.json
95,3,21,<bidder.IntegralGreedyBidder object at 0x0000028086CB7F98>,5,True,43,1.167751993141401,4.0,4.0,0.75,0.6,7.0,0.0,0.0,0,0.0,0.0,0.0,0.0,0.0,8.0,7.0,4.288602473877114,sim_input.json
95,3,21,<bidder.IntegralGreedyBidder object at 0x0000028086CB7F98>,5,True,44,5.730378985511484,3.0,3.0,1,0.75,7.0,0.0,0.0,0,0.0,0.0,0.0,0.0,0.0,8.0,7.0,4.288602473877114,sim_input.json
95,3,21,<bidder.IntegralGreedyBidder object at 0x0000028086CB7F98>,5,True,45,2.970178880467194,1.0,1.0,1,1,7.0,0.0,0.0,0,0.0,0.0,0.0,0.0,0.0,8.0,7.0,4.288602473877114,sim_input.json
95,3,21,<bidder.IntegralGreedyBidder object at 0x0000028086CB7F98>,5,True,46,2.1984338555024934,0.0,1.0,1,1,7.0,0.0,0.0,0,0.0,0.0,0.0,0.0,0.0,8.0,7.0,4.288602473877114,sim_input.json
95,3,21,<bidder.IntegralGreedyBidder object at 0x0000028086CB7F98>,5,True,47,7.945572442533103,4.0,4.0,0.75,0.6,7.0,0.0,0.0,0,0.0,0.0,0.0,0.0,0.0,8.0,7.0,4.288602473877114,sim_input.json
95,3,21,<bidder.IntegralGreedyBidder object at 0x0000028086CB7F98>,5,True,48,6.818390049275289,2.0,2.0,1,1,7.0,0.0,0.0,0,0.0,0.0,0.0,0.0,0.0,8.0,7.0,4.288602473877114,sim_input.json
95,3,21,<bidder.IntegralGreedyBidder object at 0x0000028086CB7F98>,5,True,49,7.318023358651466,3.0,3.0,1,0.75,7.0,0.0,0.0,0,0.0,0.0,0.0,0.0,0.0,8.0,7.0,4.288602473877114,sim_input.json
95,3,21,<bidder.IntegralGreedyBidder object at 0x0000028086CB7F98>,5,True,50,1.240217730109169,1.0,1.0,1,1,7.0,1.0,1.0,1,0.9285714285714286,1.0,0.9285714285714286,0.9285714285714286,1.1516307493870857,8.0,7.0,4.288602473877114,sim_input.json
95,3,21,<bidder.IntegralGreedyBidder object at 0x0000028086CB7F98>,5,True,51,7.24243328727687,4.0,4.0,0.75,0.6,7.0,0.0,0.0,0,0.0,0.0,0.0,0.0,0.0,8.0,7.0,4.288602473877114,sim_input.json
95,3,22,<bidder.UniformBidder object at 0x0000028086CB7D68>,5,True,0,4.758219846509966,6.0,6.0,0.5,0.42857142857142855,4.75,0.0,0.0,0,0.002118644067796603,0.0,0.0,0.002118644067796603,0.0100809742510804,5.0,4.75,9.499407841555923,sim_input.json
95,3,22,<bidder.UniformBidder object at 0x0000028086CB7D68>,5,True,1,4.542294819389234,1.0,1.0,1,1,4.75,0.0,0.0,0,0.12478082992402104,0.0,0.0,0.12478082992402104,0.5667913173229698,5.0,4.75,9.499407841555923,sim_input.json
95,3,22,<bidder.UniformBidder object at 0x0000028086CB7D68>,5,True,2,4.7854435349846876,4.0,4.0,0.75,0.6,4.75,0.0,0.0,0,0.004825800376647844,0.0,0.0,0.004825800376647844,0.023093595213556094,5.0,4.75,9.499407841555923,sim_input.json
95,3,22,<bidder.UniformBidder object at 0x0000028086CB7D68>,5,True,3,3.299576955832204,3.0,3.0,1,0.75,4.75,0.0,0.0,0,0.0,0.0,0.0,0.0,0.0,5.0,4.75,9.499407841555923,sim_input.json
95,3,22,<bidder.UniformBidder object at 0x0000028086CB7D68>,5,True,4,0.948914506526623,5.0,5.0,0.6,0.5,4.75,0.0,0.0,0,0.0,0.0,0.0,0.0,0.0,5.0,4.75,9.499407841555923,sim_input.json
95,3,22,<bidder.UniformBidder object at 0x0000028086CB7D68>,5,True,5,0.5983306553972498,3.0,3.0,1,1,4.75,1.0,1.0,1,1.0,1.0,1.0,1.0,0.5983306553972498,5.0,4.75,9.499407841555923,sim_input.json
95,3,22,<bidder.UniformBidder object at 0x0000028086CB7D68>,5,True,6,4.821604461707216,1.0,1.0,1,1,4.75,0.0,0.0,0,0.12084118016321407,0.0,0.0,0.12084118016321407,0.5826483734329185,5.0,4.75,9.499407841555923,sim_input.json
95,3,22,<bidder.UniformBidder object at 0x0000028086CB7D68>,5,True,7,4.019130561798734,3.0,3.0,1,0.75,4.75,0.0,0.0,0,0.0,0.0,0.0,0.0,0.0,5.0,4.75,9.499407841555923,sim_input.json
95,3,22,<bidder.UniformBidder object at 0x0000028086CB7D68>,5,True,8,7.727427443298637,2.0,2.0,1,1,4.75,0.0,0.0,0,0.059322033898305086,0.0,0.0,0.059322033898305086,0.4584067127380548,5.0,4.75,9.499407841555923,sim_input.json
95,3,22,<bidder.UniformBidder object at 0x0000028086CB7D68>,5,True,9,1.1968195888226,4.0,4.0,0.75,0.6,4.75,0.0,0.0,0,0.00317796610169493,0.0,0.0,0.00317796610169493,0.0038034520831226877,5.0,4.75,9.499407841555923,sim_input.json
95,3,22,<bidder.UniformBidder object at 0x0000028086CB7D68>,5,True,10,1.8281230376423934,3.0,3.0,1,0.75,4.75,0.0,0.0,0,0.004237288135593206,0.0,0.0,0.004237288135593206,0.007746284057806725,5.0,4.75,9.499407841555923,sim_input.json
95,3,22,<bidder.UniformBidder object at 0x0000028086CB7D68>,5,True,11,2.5886274063563093,2.0,2.0,1,1,4.75,0.0,0.0,0,0.0635593220338983,0.0,0.0,0.0635593220338983,0.16453140294637558,5.0,4.75,9.499407841555923,sim_input.json
95,3,22,<bidder.UniformBidder object at 0x0000028086CB7D68>,5,True,12,5.24058988372829,3.0,3.0,1,0.75,4.75,0.0,0.0,0,0.004237288135593206,0.0,0.0,0.004237288135593206,0.022205889337831658,5.0,4.75,9.499407841555923,sim_input.json
95,3,22,<bidder.UniformBidder object at 0x0000028086CB7D68>,5,True,13,1.5719488850507684,6.0,6.0,0.5,0.42857142857142855,4.75,0.0,0.0,0,0.002197112366603902,0.0,0.0,0.002197112366603902,0.0034537483350142585,5.0,4.75,9.499407841555923,sim_input.json
95,3,22,<bidder.UniformBidder object at 0x0000028086CB7D68>,5,True,14,3.4324794683531943,3.0,3.0,1,0.75,4.75,0.0,0.0,0,0.002197112366603902,0.0,0.0,0.002197112366603902,0.00754154308803279,5.0,4.75,9.499407841555923,sim_input.json
95,3,22,<bidder.UniformBidder object at 0x0000028086CB7D68>,5,True,15,4.203446822009967,3.0,3.0,1,0.75,4.75,0.0,0.0,0,0.004237288135593206,0.0,0.0,0.004237288135593206,0.017811215347499798,5.0,4.75,9.499407841555923,sim_input.json
95,3,22,<bidder.UniformBidder object at 0x0000028086CB7D68>,5,True,16,0.09100889898220343,3.0,3.0,1,1,4.75,1.0,1.0,1,1.0,1.0,1.0,1.0,0.09100889898220343,5.0,4.75,9.499407841555923,sim_input.json
95,3,22,<bidder.UniformBidder object at 0x0000028086CB7D68>,5,True,17,5.590154149957437,4.0,4.0,0.75,0.6,4.75,0.0,0.0,0,0.011076206247158903,0.0,0.0,0.011076206247158903,0.061917700318339826,5.0,4.75,9.499407841555923,sim_input.json
95,3,22,<bidder.UniformBidder object at 0x0000028086CB7D68>,5,True,18,6.914762830430781,6.0,6.0,0.5,0.42857142857142855,4.75,0.0,0.0,0,0.007305669199298654,0.0,0.0,0.007305669199298654,0.05051696983073334,5.0,4.75,9.499407841555923,sim_input.json
95,3,22,<bidder.UniformBidder object at 0x0000028086CB7D68>,5,True,19,3.604507798563038,2.0,2.0,1,1,4.75,0.0,0.0,0,0.059322033898305086,0.0,0.0,0.059322033898305086,0.21382673381306158,5.0,4.75,9.499407841555923,sim_input.json
95,3,22,<bidder.UniformBidder object at 0x0000028086CB7D68>,5,True,20,1.9396787089929086,1.0,1.0,1,1,4.75,0.0,0.0,0,0.11864406779661017,0.0,0.0,0.11864406779661017,0.23013137225339594,5.0,4.75,9.499407841555923,sim_input.json
95,3,22,<bidder.UniformBidder object at 0x0000028086CB7D68>,5,True,21,2.5617835007040832,1.0,1.0,1,1,4.75,0.0,0.0,0,0.11864406779661017,0.0,0.0,0.11864406779661017,0.3039404153377726,5.0,4.75,9.499407841555923,sim_input.json
95,3,22,<bidder.UniformBidder object at 0x0000028086CB7D68>,5,True,22,4.4288676676404,3.0,3.0,1,0.75,4.75,0.0,0.0,0,0.010374050263004102,0.0,0.0,0.010374050263004102,0.04594529579229526,5.0,4.75,9.499407841555923,sim_input.json
95,3,22,<bidder.UniformBidder object at 0x0000028086CB7D68>,5,True,23,7.126968660833667,3.0,3.0,1,0.75,4.75,0.0,0.0,0,0.004237288135593206,0.0,0.0,0.004237288135593206,0.030199019749295092,5.0,4.75,9.499407841555923,sim_input.json
95,3,22,<bidder.UniformBidder object at 0x0000028086CB7D68>,5,True,24,4.51223084853991,4.0,4.0,0.75,0.6,4.75,0.0,0.0,0,0.0016478342749529132,0.0,0.0,0.0016478342749529132,0.0074354086487239315,5.0,4.75,9.499407841555923,sim_input.json
95,3,22,<bidder.UniformBidder object at 0x0000028086CB7D68>,5,True,25,5.255891738743326,2.0,2.0,1,1,4.75,0.0,0.0,0,0.06151914626490899,0.0,0.0,0.06151914626490899,0.3233379726282775,5.0,4.75,9.499407841555923,sim_input.json
95,3,22,<bidder.UniformBidder object at 0x0000028086CB7D68>,5,True,26,3.865678114546947,1.0,1.0,1,1,4.75,0.0,0.0,0,0.11864406779661017,0.0,0.0,0.11864406779661017,0.45863977630218017,5.0,4.75,9.499407841555923,sim_input.json
95,3,22,<bidder.UniformBidder object at 0x0000028086CB7D68>,5,True,27,6.950554886136633,0.0,0.0,1,1,4.75,0.0,0.0,0,0.17796610169491525,0.0,0.0,0.17796610169491525,1.2369631577022822,5.0,4.75,9.499407841555923,sim_input.json
95,3,22,<bidder.UniformBidder object at 0x0000028086CB7D68>,5,True,28,7.422052891841081,4.0,4.0,0.75,0.6,4.75,0.0,0.0,0,0.004825800376647844,0.0,0.0,0.004825800376647844,0.03581734564094691,5.0,4.75,9.499407841555923,sim_input.json
95,3,22,<bidder.UniformBidder object at 0x0000028086CB7D68>,5,True,29,6.16948978846499,3.0,3.0,1,0.75,4.75,0.0,0.0,0,0.002197112366603902,0.0,0.0,0.002197112366603902,0.01355506230987292,5.0,4.75,9.499407841555923,sim_input.json
95,3,22,<bidder.UniformBidder object at 0x0000028086CB7D68>,5,True,30,7.324371102144226,4.0,4.0,0.75,0.6,4.75,0.0,0.0,0,0.0016478342749529132,0.0,0.0,0.0016478342749529132,0.0120693497445879,5.0,4.75,9.499407841555923,sim_input.json
95,3,22,<bidder.UniformBidder object at 0x0000028086CB7D68>,5,True,31,2.751251735016547,4.0,4.0,0.75,0.6,4.75,0.0,0.0,0,0.0,0.0,0.0,0.0,0.0,5.0,4.75,9.499407841555923,sim_input.json
95,3,22,<bidder.UniformBidder object at 0x0000028086CB7D68>,5,True,32,0.6047783068661026,4.0,4.0,0.75,0.75,4.75,1.0,1.0,1,0.7532956685499058,0.75,0.75,0.7532956685499058,0.45557687899518085,5.0,4.75,9.499407841555923,sim_input.json
95,3,22,<bidder.UniformBidder object at 0x0000028086CB7D68>,5,True,33,1.8330719025542463,2.0,2.0,1,1,4.75,0.0,0.0,0,0.059322033898305086,0.0,0.0,0.059322033898305086,0.1087415535413536,5.0,4.75,9.499407841555923,sim_input.json
95,3,22,<bidder.UniformBidder object at 0x0000028086CB7D68>,5,True,34,1.4397275738106239,4.0,4.0,0.75,0.6,4.75,0.0,0.0,0,0.0,0.0,0.0,0.0,0.0,5.0,4.75,9.499407841555923,sim_input.json
95,3,22,<bidder.UniformBidder object at 0x0000028086CB7D68>,5,True,35,2.1853301852114932,4.0,4.0,0.75,0.6,4.75,0.0,0.0,0,0.004825800376647844,0.0,0.0,0.004825800376647844,0.010545967230893526,5.0,4.75,9.499407841555923,sim_input.json
95,3,22,<bidder.UniformBidder object at 0x0000028086CB7D68>,5,True,36,6.015341987774654,3.0,3.0,1,0.75,4.75,0.0,0.0,0,0.006591337099811679,0.0,0.0,0.006591337099811679,0.03964914681207401,5.0,4.75,9.499407841555923,sim_input.json
95,3,22,<bidder.UniformBidder object at 0x0000028086CB7D68>,5,True,37,5.887578902032378,6.0,6.0,0.5,0.42857142857142855,4.75,0.0,0.0,0,0.004166937247007399,0.0,0.0,0.004166937247007399,0.024533171821573642,5.0,4.75,9.499407841555923,sim_input.json
95,3,22,<bidder.UniformBidder object at 0x0000028086CB7D68>,5,True,38,3.3736824078749237,3.0,3.0,1,0.75,4.75,0.0,0.0,0,0.002197112366603902,0.0,0.0,0.002197112366603902,0.007412359339336024,5.0,4.75,9.499407841555923,sim_input.json
95,3,22,<bidder.UniformBidder object at 0x0000028086CB7D68>,5,True,39,0.5941790358582417,3.0,3.0,1,1,4.75,1.0,1.0,1,1.0,1.0,1.0,1.0,0.5941790358582417,5.0,4.75,9.499407841555923,sim_input.json
95,3,22,<bidder.UniformBidder object at 0x0000028086CB7D68>,5,True,40,6.8364909549281325,4.0,4.0,0.75,0.6,4.75,0.0,0.0,0,0.006473634651600757,0.0,0.0,0.006473634651600757,0.0442569447411779,5.0,4.75,9.499407841555923,sim_input.json
95,3,22,<bidder.UniformBidder object at 0x0000028086CB7D68>,5,True,41,5.751229453904242,1.0,1.0,1,1,4.75,0.0,0.0,0,0.11864406779661017,0.0,0.0,0.11864406779661017,0.6823492572428761,5.0,4.75,9.499407841555923,sim_input.json
95,3,22,<bidder.UniformBidder object at 0x0000028086CB7D68>,5,True,42,1.4709296692282592,4.0,4.0,0.75,0.6,4.75,0.0,0.0,0,0.004602571595558146,0.0,0.0,0.004602571595558146,0.006770059114653725,5.0,4.75,9.499407841555923,sim_input.json
95,3,22,<bidder.UniformBidder object at 0x0000028086CB7D68>,5,True,43,3.9203149057738695,4.0,4.0,0.75,0.6,4.75,0.0,0.0,0,0.0,0.0,0.0,0.0,0.0,5.0,4.75,9.499407841555923,sim_input.json
95,3,22,<bidder.UniformBidder object at 0x0000028086CB7D68>,5,True,44,4.221720002811179,3.0,3.0,1,0.75,4.75,0.0,0.0,0,0.008333874494014772,0.0,0.0,0.008333874494014772,0.035183284652300056,5.0,4.75,9.499407841555923,sim_input.json
95,3,22,<bidder.UniformBidder object at 0x0000028086CB7D68>,5,True,45,0.1616093155568934,1.0,1.0,1,1,4.75,1.0,1.0,1,1.0,1.0,1.0,1.0,0.1616093155568934,5.0,4.75,9.499407841555923,sim_input.json
95,3,22,<bidder.UniformBidder object at 0x0000028086CB7D68>,5,True,46,5.554517068127428,0.0,1.0,1,1,4.75,0.0,0.0,0,0.11864406779661017,0.0,0.0,0.11864406779661017,0.6590104996083389,5.0,4.75,9.499407841555923,sim_input.json
95,3,22,<bidder.UniformBidder object at 0x0000028086CB7D68>,5,True,47,6.228191849929317,4.0,4.0,0.75,0.6,4.75,0.0,0.0,0,0.0032956685499058265,0.0,0.0,0.0032956685499058265,0.020526056002591837,5.0,4.75,9.499407841555923,sim_input.json
95,3,22,<bidder.UniformBidder object at 0x0000028086CB7D68>,5,True,48,5.243502108030342,2.0,2.0,1,1,4.75,0.0,0.0,0,0.059322033898305086,0.0,0.0,0.059322033898305086,0.31105520979841017,5.0,4.75,9.499407841555923,sim_input.json
95,3,22,<bidder.UniformBidder object at 0x0000028086CB7D68>,5,True,49,4.217233065783269,3.0,3.0,1,0.75,4.75,0.0,0.0,0,0.0061367621274108705,0.0,0.0,0.0061367621274108705,0.025880156160563602,5.0,4.75,9.499407841555923,sim_input.json
95,3,22,<bidder.UniformBidder object at 0x0000028086CB7D68>,5,True,50,5.676662703096388,1.0,1.0,1,1,4.75,0.0,0.0,0,0.12288135593220338,0.0,0.0,0.12288135593220338,0.697556010126251,5.0,4.75,9.499407841555923,sim_input.json
95,3,22,<bidder.UniformBidder object at 0x0000028086CB7D68>,5,True,51,7.131511518345322,4.0,4.0,0.75,0.6,4.75,0.0,0.0,0,0.004602571595558146,0.0,0.0,0.004602571595558146,0.032823292347731924,5.0,4.75,9.499407841555923,sim_input.json
95,3,23,<bidder.IntegralGreedyBidder object at 0x0000028086CB7F60>,5,True,0,3.326465915416624,6.0,6.0,0.5,0.42857142857142855,5.35,0.0,0.0,0,0.001392251815980625,0.0,0.0,0.001392251815980625,0.004631278211536447,6.0,5.35,7.1346105957273185,sim_input.json
95,3,23,<bidder.IntegralGreedyBidder object at 0x0000028086CB7F60>,5,True,1,6.383578840874052,1.0,1.0,1,1,5.35,0.0,0.0,0,0.08199883109292813,0.0,0.0,0.08199883109292813,0.5234460031412214,6.0,5.35,7.1346105957273185,sim_input.json
95,3,23,<bidder.IntegralGreedyBidder object at 0x0000028086CB7F60>,5,True,2,5.777733865376913,4.0,4.0,0.75,0.6,5.35,0.0,0.0,0,0.0031712402475114407,0.0,0.0,0.0031712402475114407,0.018322582173293113,6.0,5.35,7.1346105957273185,sim_input.json
95,3,23,<bidder.IntegralGreedyBidder object at 0x0000028086CB7F60>,5,True,3,0.32183510594691145,3.0,3.0,1,1,5.35,1.0,1.0,1,1.0,1.0,1.0,1.0,0.32183510594691145,6.0,5.35,7.1346105957273185,sim_input.json
95,3,23,<bidder.IntegralGreedyBidder object at 0x0000028086CB7F60>,5,True,4,0.11203044487435265,5.0,5.0,0.6,0.6,5.35,1.0,1.0,1,0.6,0.6,0.6,0.6,0.0672182669246116,6.0,5.35,7.1346105957273185,sim_input.json
95,3,23,<bidder.IntegralGreedyBidder object at 0x0000028086CB7F60>,5,True,5,6.238051875517214,3.0,3.0,1,0.75,5.35,0.0,0.0,0,0.00278450363196125,0.0,0.0,0.00278450363196125,0.01736987810374037,6.0,5.35,7.1346105957273185,sim_input.json
95,3,23,<bidder.IntegralGreedyBidder object at 0x0000028086CB7F60>,5,True,6,1.0902216900730695,1.0,1.0,1,1,5.35,0.0,0.0,0,0.07940991839296926,0.0,0.0,0.07940991839296926,0.08657441543894748,6.0,5.35,7.1346105957273185,sim_input.json
95,3,23,<bidder.IntegralGreedyBidder object at 0x0000028086CB7F60>,5,True,7,5.934011249329166,3.0,3.0,1,0.75,5.35,0.0,0.0,0,0.0,0.0,0.0,0.0,0.0,6.0,5.35,7.1346105957273185,sim_input.json
95,3,23,<bidder.IntegralGreedyBidder object at 0x0000028086CB7F60>,5,True,8,1.6946956602228478,2.0,2.0,1,1,5.35,0.0,0.0,0,0.03898305084745764,0.0,0.0,0.03898305084745764,0.06606440709343307,6.0,5.35,7.1346105957273185,sim_input.json
95,3,23,<bidder.IntegralGreedyBidder object at 0x0000028086CB7F60>,5,True,9,0.0,4.0,4.0,0.75,0.6,5.35,0.0,0.0,0,0.0,0.0,0.0,0.0,0.0,6.0,5.35,7.1346105957273185,sim_input.json
95,3,23,<bidder.IntegralGreedyBidder object at 0x0000028086CB7F60>,5,True,10,0.7620691102456787,3.0,3.0,1,1,5.35,1.0,1.0,1,1.0,1.0,1.0,1.0,0.7620691102456787,6.0,5.35,7.1346105957273185,sim_input.json
95,3,23,<bidder.IntegralGreedyBidder object at 0x0000028086CB7F60>,5,True,11,2.281956461693687,2.0,2.0,1,1,5.35,0.0,0.0,0,0.0417675544794189,0.0,0.0,0.0417675544794189,0.09531174083345305,6.0,5.35,7.1346105957273185,sim_input.json
95,3,23,<bidder.IntegralGreedyBidder object at 0x0000028086CB7F60>,5,True,12,5.242870705752605,3.0,3.0,1,0.75,5.35,0.0,0.0,0,0.00278450363196125,0.0,0.0,0.00278450363196125,0.01459879252207137,6.0,5.35,7.1346105957273185,sim_input.json
95,3,23,<bidder.IntegralGreedyBidder object at 0x0000028086CB7F60>,5,True,13,6.625174290067435,6.0,6.0,0.5,0.42857142857142855,5.35,0.0,0.0,0,0.001443816698053993,0.0,0.0,0.001443816698053993,0.009565537267517372,6.0,5.35,7.1346105957273185,sim_input.json
95,3,23,<bidder.IntegralGreedyBidder object at 0x0000028086CB7F60>,5,True,14,4.875787558883553,3.0,3.0,1,0.75,5.35,0.0,0.0,0,0.001443816698053993,0.0,0.0,0.001443816698053993,0.0070397434936799895,6.0,5.35,7.1346105957273185,sim_input.json
95,3,23,<bidder.IntegralGreedyBidder object at 0x0000028086CB7F60>,5,True,15,4.917015568045109,3.0,3.0,1,0.75,5.35,0.0,0.0,0,0.00278450363196125,0.0,0.0,0.00278450363196125,0.013691447707631615,6.0,5.35,7.1346105957273185,sim_input.json
95,3,23,<bidder.IntegralGreedyBidder object at 0x0000028086CB7F60>,5,True,16,0.6065467268383707,3.0,3.0,1,1,5.35,1.0,1.0,1,1.0,1.0,1.0,1.0,0.6065467268383707,6.0,5.35,7.1346105957273185,sim_input.json
95,3,23,<bidder.IntegralGreedyBidder object at 0x0000028086CB7F60>,5,True,17,6.813525512416465,4.0,4.0,0.75,0.6,5.35,0.0,0.0,0,0.007278649819561566,0.0,0.0,0.007278649819561566,0.04959326624152823,6.0,5.35,7.1346105957273185,sim_input.json
95,3,23,<bidder.IntegralGreedyBidder object at 0x0000028086CB7F60>,5,True,18,4.661934232177896,6.0,6.0,0.5,0.42857142857142855,5.35,0.0,0.0,0,0.004800868330967688,0.0,0.0,0.004800868330967688,0.022381332416317026,6.0,5.35,7.1346105957273185,sim_input.json
95,3,23,<bidder.IntegralGreedyBidder object at 0x0000028086CB7F60>,5,True,19,4.110757354047453,2.0,2.0,1,1,5.35,0.0,0.0,0,0.03898305084745764,0.0,0.0,0.03898305084745764,0.16024986295439228,6.0,5.35,7.1346105957273185,sim_input.json
95,3,23,<bidder.IntegralGreedyBidder object at 0x0000028086CB7F60>,5,True,20,5.947635063017609,1.0,1.0,1,1,5.35,0.0,0.0,0,0.07796610169491527,0.0,0.0,0.07796610169491527,0.4637139201674747,6.0,5.35,7.1346105957273185,sim_input.json
95,3,23,<bidder.IntegralGreedyBidder object at 0x0000028086CB7F60>,5,True,21,4.079372470354275,1.0,1.0,1,1,5.35,0.0,0.0,0,0.07796610169491527,0.0,0.0,0.07796610169491527,0.31805276887507916,6.0,5.35,7.1346105957273185,sim_input.json
95,3,23,<bidder.IntegralGreedyBidder object at 0x0000028086CB7F60>,5,True,22,4.701169443442113,3.0,3.0,1,0.75,5.35,0.0,0.0,0,0.006817233029974125,0.0,0.0,0.006817233029974125,0.032048967609338654,6.0,5.35,7.1346105957273185,sim_input.json
95,3,23,<bidder.IntegralGreedyBidder object at 0x0000028086CB7F60>,5,True,23,2.13162806912714,3.0,3.0,1,0.75,5.35,0.0,0.0,0,0.00278450363196125,0.0,0.0,0.00278450363196125,0.005935526100475068,6.0,5.35,7.1346105957273185,sim_input.json
95,3,23,<bidder.IntegralGreedyBidder object at 0x0000028086CB7F60>,5,True,24,0.0,4.0,4.0,0.75,0.6,5.35,0.0,0.0,0,0.0,0.0,0.0,0.0,0.0,6.0,5.35,7.1346105957273185,sim_input.json
95,3,23,<bidder.IntegralGreedyBidder object at 0x0000028086CB7F60>,5,True,25,6.449650627635239,2.0,2.0,1,1,5.35,0.0,0.0,0,0.04042686754551163,0.0,0.0,0.04042686754551163,0.26073917163823573,6.0,5.35,7.1346105957273185,sim_input.json
95,3,23,<bidder.IntegralGreedyBidder object at 0x0000028086CB7F60>,5,True,26,5.400874198091677,1.0,1.0,1,1,5.35,0.0,0.0,0,0.07796610169491527,0.0,0.0,0.07796610169491527,0.4210851069698597,6.0,5.35,7.1346105957273185,sim_input.json
95,3,23,<bidder.IntegralGreedyBidder object at 0x0000028086CB7F60>,5,True,27,3.9530215047622277,0.0,0.0,1,1,5.35,0.0,0.0,0,0.11694915254237291,0.0,0.0,0.11694915254237291,0.46230251496371827,6.0,5.35,7.1346105957273185,sim_input.json
95,3,23,<bidder.IntegralGreedyBidder object at 0x0000028086CB7F60>,5,True,28,6.507904544732049,4.0,4.0,0.75,0.6,5.35,0.0,0.0,0,0.0031712402475114407,0.0,0.0,0.0031712402475114407,0.02063812881921689,6.0,5.35,7.1346105957273185,sim_input.json
95,3,23,<bidder.IntegralGreedyBidder object at 0x0000028086CB7F60>,5,True,29,6.017568576333193,3.0,3.0,1,0.75,5.35,0.0,0.0,0,0.001443816698053993,0.0,0.0,0.001443816698053993,0.008688265992194858,6.0,5.35,7.1346105957273185,sim_input.json
95,3,23,<bidder.IntegralGreedyBidder object at 0x0000028086CB7F60>,5,True,30,6.32680989330274,4.0,4.0,0.75,0.6,5.35,0.0,0.0,0,0.0010828625235404861,0.0,0.0,0.0010828625235404861,0.006851065327022719,6.0,5.35,7.1346105957273185,sim_input.json
95,3,23,<bidder.IntegralGreedyBidder object at 0x0000028086CB7F60>,5,True,31,1.0752070064975978,4.0,4.0,0.75,0.6,5.35,0.0,0.0,0,0.0,0.0,0.0,0.0,0.0,6.0,5.35,7.1346105957273185,sim_input.json
95,3,23,<bidder.IntegralGreedyBidder object at 0x0000028086CB7F60>,5,True,32,0.7045890662403079,4.0,4.0,0.75,0.6,5.35,0.0,0.0,0,0.0021657250470809722,0.0,0.0,0.0021657250470809722,0.0015259461886560292,6.0,5.35,7.1346105957273185,sim_input.json
95,3,23,<bidder.IntegralGreedyBidder object at 0x0000028086CB7F60>,5,True,33,4.760760508343476,2.0,2.0,1,1,5.35,0.0,0.0,0,0.03898305084745764,0.0,0.0,0.03898305084745764,0.185588968969322,6.0,5.35,7.1346105957273185,sim_input.json
95,3,23,<bidder.IntegralGreedyBidder object at 0x0000028086CB7F60>,5,True,34,1.8991742488318497,4.0,4.0,0.75,0.6,5.35,0.0,0.0,0,0.0,0.0,0.0,0.0,0.0,6.0,5.35,7.1346105957273185,sim_input.json
95,3,23,<bidder.IntegralGreedyBidder object at 0x0000028086CB7F60>,5,True,35,7.25928040889195,4.0,4.0,0.75,0.6,5.35,0.0,0.0,0,0.0031712402475114407,0.0,0.0,0.0031712402475114407,0.02302092220064946,6.0,5.35,7.1346105957273185,sim_input.json
95,3,23,<bidder.IntegralGreedyBidder object at 0x0000028086CB7F60>,5,True,36,7.613865651716596,3.0,3.0,1,0.75,5.35,0.0,0.0,0,0.004331450094161962,0.0,0.0,0.004331450094161962,0.032979079094064376,6.0,5.35,7.1346105957273185,sim_input.json
95,3,23,<bidder.IntegralGreedyBidder object at 0x0000028086CB7F60>,5,True,37,4.964431310154906,6.0,6.0,0.5,0.42857142857142855,5.35,0.0,0.0,0,0.0027382730480334343,0.0,0.0,0.0027382730480334343,0.013593968455410489,6.0,5.35,7.1346105957273185,sim_input.json
95,3,23,<bidder.IntegralGreedyBidder object at 0x0000028086CB7F60>,5,True,38,7.1979326238757455,3.0,3.0,1,0.75,5.35,0.0,0.0,0,0.001443816698053993,0.0,0.0,0.001443816698053993,0.010392495313819392,6.0,5.35,7.1346105957273185,sim_input.json
95,3,23,<bidder.IntegralGreedyBidder object at 0x0000028086CB7F60>,5,True,39,0.5500444014858574,3.0,3.0,1,1,5.35,1.0,1.0,1,1.0,1.0,1.0,1.0,0.5500444014858574,6.0,5.35,7.1346105957273185,sim_input.json
95,3,23,<bidder.IntegralGreedyBidder object at 0x0000028086CB7F60>,5,True,40,6.197291960927986,4.0,4.0,0.75,0.6,5.35,0.0,0.0,0,0.004254102771051927,0.0,0.0,0.004254102771051927,0.026363916904001576,6.0,5.35,7.1346105957273185,sim_input.json
95,3,23,<bidder.IntegralGreedyBidder object at 0x0000028086CB7F60>,5,True,41,4.379200942470751,1.0,1.0,1,1,5.35,0.0,0.0,0,0.07796610169491527,0.0,0.0,0.07796610169491527,0.3414292260231434,6.0,5.35,7.1346105957273185,sim_input.json
95,3,23,<bidder.IntegralGreedyBidder object at 0x0000028086CB7F60>,5,True,42,0.012712139893595209,4.0,4.0,0.75,0.75,5.35,1.0,1.0,1,0.7530245470485096,0.75,0.75,0.7530245470485096,0.009572553385391822,6.0,5.35,7.1346105957273185,sim_input.json
95,3,23,<bidder.IntegralGreedyBidder object at 0x0000028086CB7F60>,5,True,43,3.41120792447546,4.0,4.0,0.75,0.6,5.35,0.0,0.0,0,0.0,0.0,0.0,0.0,0.0,6.0,5.35,7.1346105957273185,sim_input.json
95,3,23,<bidder.IntegralGreedyBidder object at 0x0000028086CB7F60>,5,True,44,7.743568360056109,3.0,3.0,1,0.75,5.35,0.0,0.0,0,0.005476546096066851,0.0,0.0,0.005476546096066851,0.04240800907189207,6.0,5.35,7.1346105957273185,sim_input.json
95,3,23,<bidder.IntegralGreedyBidder object at 0x0000028086CB7F60>,5,True,45,0.9841760450907646,1.0,1.0,1,1,5.35,0.0,0.0,0,0.07796610169491527,0.0,0.0,0.07796610169491527,0.07673236961724607,6.0,5.35,7.1346105957273185,sim_input.json
95,3,23,<bidder.IntegralGreedyBidder object at 0x0000028086CB7F60>,5,True,46,4.770230357836953,0.0,1.0,1,1,5.35,0.0,0.0,0,0.07796610169491527,0.0,0.0,0.07796610169491527,0.37191626518728793,6.0,5.35,7.1346105957273185,sim_input.json
95,3,23,<bidder.IntegralGreedyBidder object at 0x0000028086CB7F60>,5,True,47,5.047120917808993,4.0,4.0,0.75,0.6,5.35,0.0,0.0,0,0.0021657250470809722,0.0,0.0,0.0021657250470809722,0.01093067618734524,6.0,5.35,7.1346105957273185,sim_input.json
95,3,23,<bidder.IntegralGreedyBidder object at 0x0000028086CB7F60>,5,True,48,1.5363609150047288,2.0,2.0,1,1,5.35,0.0,0.0,0,0.03898305084745764,0.0,0.0,0.03898305084745764,0.05989203566967589,6.0,5.35,7.1346105957273185,sim_input.json
95,3,23,<bidder.IntegralGreedyBidder object at 0x0000028086CB7F60>,5,True,49,5.0875585100423,3.0,3.0,1,0.75,5.35,0.0,0.0,0,0.0040327293980128584,0.0,0.0,0.0040327293980128584,0.020516746767558082,6.0,5.35,7.1346105957273185,sim_input.json
95,3,23,<bidder.IntegralGreedyBidder object at 0x0000028086CB7F60>,5,True,50,6.085866586225041,1.0,1.0,1,1,5.35,0.0,0.0,0,0.08075060532687653,0.0,0.0,0.08075060532687653,0.49143741077628367,6.0,5.35,7.1346105957273185,sim_input.json
95,3,23,<bidder.IntegralGreedyBidder object at 0x0000028086CB7F60>,5,True,51,6.513593637920466,4.0,4.0,0.75,0.6,5.35,0.0,0.0,0,0.0030245470485096393,0.0,0.0,0.0030245470485096393,0.01970067041276351,6.0,5.35,7.1346105957273185,sim_input.json
95,3,VB,VB,VB,VB,0,1,VB,VB,VB,VB,VB,VB,VB,VB,VB,0.0,0.03571428571428559,0.007627118644067732,0.007627118644067732,VB,VB,3.0099098117070047,sim_input.json
95,3,VB,VB,VB,VB,1,1,VB,VB,VB,VB,VB,VB,VB,VB,VB,2.0,2.103448275862069,0.16043249561659811,0.16043249561659811,VB,VB,3.0099098117070047,sim_input.json
95,3,VB,VB,VB,VB,2,1,VB,VB,VB,VB,VB,VB,VB,VB,VB,0.0,0.0813492063492065,-4.440892098500626e-16,-4.440892098500626e-16,VB,VB,3.0099098117070047,sim_input.json
95,3,VB,VB,VB,VB,3,1,VB,VB,VB,VB,VB,VB,VB,VB,VB,0.0,0.0,0.0,0.0,VB,VB,3.0099098117070047,sim_input.json
95,3,VB,VB,VB,VB,4,1,VB,VB,VB,VB,VB,VB,VB,VB,VB,0.0,0.0,0.0,0.0,VB,VB,3.0099098117070047,sim_input.json
95,3,VB,VB,VB,VB,5,1,VB,VB,VB,VB,VB,VB,VB,VB,VB,0.0,0.07142857142857117,0.007021791767554575,0.007021791767554575,VB,VB,3.0099098117070047,sim_input.json
95,3,VB,VB,VB,VB,6,1,VB,VB,VB,VB,VB,VB,VB,VB,VB,2.0,2.037037037037037,0.3728813559322033,0.3728813559322033,VB,VB,3.0099098117070047,sim_input.json
95,3,VB,VB,VB,VB,7,1,VB,VB,VB,VB,VB,VB,VB,VB,VB,0.0,0.0,0.0,0.0,VB,VB,3.0099098117070047,sim_input.json
95,3,VB,VB,VB,VB,8,1,VB,VB,VB,VB,VB,VB,VB,VB,VB,1.0,1.0,0.2288135593220333,0.2288135593220333,VB,VB,3.0099098117070047,sim_input.json
95,3,VB,VB,VB,VB,9,1,VB,VB,VB,VB,VB,VB,VB,VB,VB,0.0,0.053571428571428825,0.015254237288135908,0.015254237288135908,VB,VB,3.0099098117070047,sim_input.json
95,3,VB,VB,VB,VB,10,1,VB,VB,VB,VB,VB,VB,VB,VB,VB,0.0,0.07142857142857117,0.016222760290557137,0.016222760290557137,VB,VB,3.0099098117070047,sim_input.json
95,3,VB,VB,VB,VB,11,1,VB,VB,VB,VB,VB,VB,VB,VB,VB,1.0,1.0714285714285714,0.3014527845036321,0.3014527845036321,VB,VB,3.0099098117070047,sim_input.json
95,3,VB,VB,VB,VB,12,1,VB,VB,VB,VB,VB,VB,VB,VB,VB,0.0,0.07142857142857117,0.01271186440677985,0.01271186440677985,VB,VB,3.0099098117070047,sim_input.json
95,3,VB,VB,VB,VB,13,1,VB,VB,VB,VB,VB,VB,VB,VB,VB,0.0,0.0370370370370372,0.005649717514124131,0.005649717514124131,VB,VB,3.0099098117070047,sim_input.json
95,3,VB,VB,VB,VB,14,1,VB,VB,VB,VB,VB,VB,VB,VB,VB,0.0,0.0370370370370372,0.005649717514125019,0.005649717514125019,VB,VB,3.0099098117070047,sim_input.json
95,3,VB,VB,VB,VB,15,1,VB,VB,VB,VB,VB,VB,VB,VB,VB,0.0,0.07142857142857117,0.011501210653753535,0.011501210653753535,VB,VB,3.0099098117070047,sim_input.json
95,3,VB,VB,VB,VB,16,1,VB,VB,VB,VB,VB,VB,VB,VB,VB,0.0,0.0,0.0,0.0,VB,VB,3.0099098117070047,sim_input.json
95,3,VB,VB,VB,VB,17,1,VB,VB,VB,VB,VB,VB,VB,VB,VB,0.0,0.18671319102353579,0.06582431141168676,0.06582431141168676,VB,VB,3.0099098117070047,sim_input.json
95,3,VB,VB,VB,VB,18,1,VB,VB,VB,VB,VB,VB,VB,VB,VB,0.0,0.12315270935960587,0.026300409117474555,0.026300409117474555,VB,VB,3.0099098117070047,sim_input.json
95,3,VB,VB,VB,VB,19,1,VB,VB,VB,VB,VB,VB,VB,VB,VB,1.0,1.0,0.16101694915254194,0.16101694915254194,VB,VB,3.0099098117070047,sim_input.json
95,3,VB,VB,VB,VB,20,1,VB,VB,VB,VB,VB,VB,VB,VB,VB,2.0,2.0,0.04406779661016946,0.04406779661016946,VB,VB,3.0099098117070047,sim_input.json
95,3,VB,VB,VB,VB,21,1,VB,VB,VB,VB,VB,VB,VB,VB,VB,2.0,2.0,0.42372881355932224,0.42372881355932224,VB,VB,3.0099098117070047,sim_input.json
95,3,VB,VB,VB,VB,22,1,VB,VB,VB,VB,VB,VB,VB,VB,VB,0.0,0.17487684729064057,0.007410035902144951,0.007410035902144951,VB,VB,3.0099098117070047,sim_input.json
95,3,VB,VB,VB,VB,23,1,VB,VB,VB,VB,VB,VB,VB,VB,VB,0.0,0.07142857142857117,0.008474576271187306,0.008474576271187306,VB,VB,3.0099098117070047,sim_input.json
95,3,VB,VB,VB,VB,24,1,VB,VB,VB,VB,VB,VB,VB,VB,VB,0.0,0.02777777777777768,0.006732580037664526,0.006732580037664526,VB,VB,3.0099098117070047,sim_input.json
95,3,VB,VB,VB,VB,25,1,VB,VB,VB,VB,VB,VB,VB,VB,VB,1.0,1.0370370370370372,0.02284996861267974,0.02284996861267974,VB,VB,3.0099098117070047,sim_input.json
95,3,VB,VB,VB,VB,26,1,VB,VB,VB,VB,VB,VB,VB,VB,VB,2.0,2.0,0.08474576271186463,0.08474576271186463,VB,VB,3.0099098117070047,sim_input.json
95,3,VB,VB,VB,VB,27,1,VB,VB,VB,VB,VB,VB,VB,VB,VB,3.0,3.0,-4.440892098500626e-16,-4.440892098500626e-16,VB,VB,3.0099098117070047,sim_input.json
95,3,VB,VB,VB,VB,28,1,VB,VB,VB,VB,VB,VB,VB,VB,VB,0.0,0.0813492063492065,4.440892098500626e-16,4.440892098500626e-16,VB,VB,3.0099098117070047,sim_input.json
95,3,VB,VB,VB,VB,29,1,VB,VB,VB,VB,VB,VB,VB,VB,VB,0.0,0.0370370370370372,0.0028248587570627315,0.0028248587570627315,VB,VB,3.0099098117070047,sim_input.json
95,3,VB,VB,VB,VB,30,1,VB,VB,VB,VB,VB,VB,VB,VB,VB,0.0,0.02777777777777768,-4.440892098500626e-16,-4.440892098500626e-16,VB,VB,3.0099098117070047,sim_input.json
95,3,VB,VB,VB,VB,31,1,VB,VB,VB,VB,VB,VB,VB,VB,VB,0.0,0.0,0.0,0.0,VB,VB,3.0099098117070047,sim_input.json
95,3,VB,VB,VB,VB,32,1,VB,VB,VB,VB,VB,VB,VB,VB,VB,0.0,0.05555555555555536,0.008474576271186862,0.008474576271186862,VB,VB,3.0099098117070047,sim_input.json
95,3,VB,VB,VB,VB,33,1,VB,VB,VB,VB,VB,VB,VB,VB,VB,1.0,1.0,0.19491525423728806,0.19491525423728806,VB,VB,3.0099098117070047,sim_input.json
95,3,VB,VB,VB,VB,34,1,VB,VB,VB,VB,VB,VB,VB,VB,VB,0.0,0.0,0.0,0.0,VB,VB,3.0099098117070047,sim_input.json
95,3,VB,VB,VB,VB,35,1,VB,VB,VB,VB,VB,VB,VB,VB,VB,0.0,0.0813492063492065,0.006894000538067768,0.006894000538067768,VB,VB,3.0099098117070047,sim_input.json
95,3,VB,VB,VB,VB,36,1,VB,VB,VB,VB,VB,VB,VB,VB,VB,0.0,0.11111111111111116,0.008474576271186862,0.008474576271186862,VB,VB,3.0099098117070047,sim_input.json
95,3,VB,VB,VB,VB,37,1,VB,VB,VB,VB,VB,VB,VB,VB,VB,0.0,0.0702426564495533,0.007500487044613369,0.007500487044613369,VB,VB,3.0099098117070047,sim_input.json
95,3,VB,VB,VB,VB,38,1,VB,VB,VB,VB,VB,VB,VB,VB,VB,0.0,0.0370370370370372,0.00878844946641566,0.00878844946641566,VB,VB,3.0099098117070047,sim_input.json
95,3,VB,VB,VB,VB,39,1,VB,VB,VB,VB,VB,VB,VB,VB,VB,0.0,0.0,0.0,0.0,VB,VB,3.0099098117070047,sim_input.json
95,3,VB,VB,VB,VB,40,1,VB,VB,VB,VB,VB,VB,VB,VB,VB,0.0,0.10912698412698418,4.440892098500626e-16,4.440892098500626e-16,VB,VB,3.0099098117070047,sim_input.json
95,3,VB,VB,VB,VB,41,1,VB,VB,VB,VB,VB,VB,VB,VB,VB,2.0,2.0,0.17966101694915215,0.17966101694915215,VB,VB,3.0099098117070047,sim_input.json
95,3,VB,VB,VB,VB,42,1,VB,VB,VB,VB,VB,VB,VB,VB,VB,0.0,0.0775862068965516,0.0017095265926361236,0.0017095265926361236,VB,VB,3.0099098117070047,sim_input.json
95,3,VB,VB,VB,VB,43,1,VB,VB,VB,VB,VB,VB,VB,VB,VB,0.0,0.0,0.0,0.0,VB,VB,3.0099098117070047,sim_input.json
95,3,VB,VB,VB,VB,44,1,VB,VB,VB,VB,VB,VB,VB,VB,VB,0.0,0.14048531289910615,0.004762213996579501,0.004762213996579501,VB,VB,3.0099098117070047,sim_input.json
95,3,VB,VB,VB,VB,45,1,VB,VB,VB,VB,VB,VB,VB,VB,VB,2.0,2.0,0.1186440677966103,0.1186440677966103,VB,VB,3.0099098117070047,sim_input.json
95,3,VB,VB,VB,VB,46,1,VB,VB,VB,VB,VB,VB,VB,VB,VB,2.0,2.0,0.21355932203389782,0.21355932203389782,VB,VB,3.0099098117070047,sim_input.json
95,3,VB,VB,VB,VB,47,1,VB,VB,VB,VB,VB,VB,VB,VB,VB,0.0,0.05555555555555536,0.013088512241055117,0.013088512241055117,VB,VB,3.0099098117070047,sim_input.json
95,3,VB,VB,VB,VB,48,1,VB,VB,VB,VB,VB,VB,VB,VB,VB,1.0,1.0,0.2288135593220333,0.2288135593220333,VB,VB,3.0099098117070047,sim_input.json
95,3,VB,VB,VB,VB,49,1,VB,VB,VB,VB,VB,VB,VB,VB,VB,0.0,0.10344827586206895,0.015429573348918701,0.015429573348918701,VB,VB,3.0099098117070047,sim_input.json
95,3,VB,VB,VB,VB,50,1,VB,VB,VB,VB,VB,VB,VB,VB,VB,2.0,2.071428571428571,0.0,0.0,VB,VB,3.0099098117070047,sim_input.json
95,3,VB,VB,VB,VB,51,1,VB,VB,VB,VB,VB,VB,VB,VB,VB,0.0,0.0775862068965516,0.0,0.0,VB,VB,3.0099098117070047,sim_input.json
119,4,0,<bidder.IntegralGreedyBidder object at 0x00000280FFA40470>,5,True,0,0.40474492755964775,6.0,6.0,0.5,0.5,5.5,1.0,1.0,1,0.5012106537530266,0.5,0.5,0.5012106537530266,0.20286246974539246,7.0,5.5,7.394653986437055,sim_input.json
119,4,0,<bidder.IntegralGreedyBidder object at 0x00000280FFA40470>,5,True,1,3.1129788522040034,1.0,1.0,1,1,5.5,0.0,0.0,0,0.07130333138515488,0.0,0.0,0.07130333138515488,0.22196576269368112,7.0,5.5,7.394653986437055,sim_input.json
119,4,0,<bidder.IntegralGreedyBidder object at 0x00000280FFA40470>,5,True,2,7.152018098724376,4.0,4.0,0.75,0.6,5.5,0.0,0.0,0,0.0027576002152273392,0.0,0.0,0.0027576002152273392,0.019722406648352165,7.0,5.5,7.394653986437055,sim_input.json
119,4,0,<bidder.IntegralGreedyBidder object at 0x00000280FFA40470>,5,True,3,0.0,3.0,3.0,1,0.75,5.5,0.0,0.0,0,0.0,0.0,0.0,0.0,0.0,7.0,5.5,7.394653986437055,sim_input.json
119,4,0,<bidder.IntegralGreedyBidder object at 0x00000280FFA40470>,5,True,4,6.49370827357277,5.0,5.0,0.6,0.5,5.5,0.0,0.0,0,0.0,0.0,0.0,0.0,0.0,7.0,5.5,7.394653986437055,sim_input.json
119,4,0,<bidder.IntegralGreedyBidder object at 0x00000280FFA40470>,5,True,5,2.7104103122595786,3.0,3.0,1,0.75,5.5,0.0,0.0,0,0.00242130750605326,0.0,0.0,0.00242130750605326,0.006562736833558278,7.0,5.5,7.394653986437055,sim_input.json
119,4,0,<bidder.IntegralGreedyBidder object at 0x00000280FFA40470>,5,True,6,0.0,1.0,1.0,1,1,5.5,0.0,0.0,0,0.0,0.0,0.0,0.0,0.0,7.0,5.5,7.394653986437055,sim_input.json
119,4,0,<bidder.IntegralGreedyBidder object at 0x00000280FFA40470>,5,True,7,4.960833865930199,3.0,3.0,1,0.75,5.5,0.0,0.0,0,0.0,0.0,0.0,0.0,0.0,7.0,5.5,7.394653986437055,sim_input.json
119,4,0,<bidder.IntegralGreedyBidder object at 0x00000280FFA40470>,5,True,8,2.3005669076477755,2.0,2.0,1,1,5.5,0.0,0.0,0,0.03389830508474576,0.0,0.0,0.03389830508474576,0.07798531890331442,7.0,5.5,7.394653986437055,sim_input.json
119,4,0,<bidder.IntegralGreedyBidder object at 0x00000280FFA40470>,5,True,9,2.5157467121518,4.0,4.0,0.75,0.6,5.5,0.0,0.0,0,0.0018159806295399601,0.0,0.0,0.0018159806295399601,0.00456854729809651,7.0,5.5,7.394653986437055,sim_input.json
119,4,0,<bidder.IntegralGreedyBidder object at 0x00000280FFA40470>,5,True,10,3.7333861479385755,3.0,3.0,1,0.75,5.5,0.0,0.0,0,0.00242130750605326,0.0,0.0,0.00242130750605326,0.00903967590299894,7.0,5.5,7.394653986437055,sim_input.json
119,4,0,<bidder.IntegralGreedyBidder object at 0x00000280FFA40470>,5,True,11,0.0,2.0,2.0,1,1,5.5,0.0,0.0,0,0.0,0.0,0.0,0.0,0.0,7.0,5.5,7.394653986437055,sim_input.json
119,4,0,<bidder.IntegralGreedyBidder object at 0x00000280FFA40470>,5,True,12,4.341664884145883,3.0,3.0,1,0.75,5.5,0.0,0.0,0,0.00242130750605326,0.0,0.0,0.00242130750605326,0.010512505772750286,7.0,5.5,7.394653986437055,sim_input.json
119,4,0,<bidder.IntegralGreedyBidder object at 0x00000280FFA40470>,5,True,13,2.354394332059072,6.0,6.0,0.5,0.42857142857142855,5.5,0.0,0.0,0,0.0012554927809165152,0.0,0.0,0.0012554927809165152,0.0029559250873309258,7.0,5.5,7.394653986437055,sim_input.json
119,4,0,<bidder.IntegralGreedyBidder object at 0x00000280FFA40470>,5,True,14,1.1551207671020922,3.0,3.0,1,0.75,5.5,0.0,0.0,0,0.0012554927809165152,0.0,0.0,0.0012554927809165152,0.001450245784183424,7.0,5.5,7.394653986437055,sim_input.json
119,4,0,<bidder.IntegralGreedyBidder object at 0x00000280FFA40470>,5,True,15,7.859242434556574,3.0,3.0,1,0.75,5.5,0.0,0.0,0,0.00242130750605326,0.0,0.0,0.00242130750605326,0.01902964269868413,7.0,5.5,7.394653986437055,sim_input.json
119,4,0,<bidder.IntegralGreedyBidder object at 0x00000280FFA40470>,5,True,16,5.959086751932838,3.0,3.0,1,0.75,5.5,0.0,0.0,0,0.0,0.0,0.0,0.0,0.0,7.0,5.5,7.394653986437055,sim_input.json
119,4,0,<bidder.IntegralGreedyBidder object at 0x00000280FFA40470>,5,True,17,0.0,4.0,4.0,0.75,0.6,5.5,0.0,0.0,0,0.0,0.0,0.0,0.0,0.0,7.0,5.5,7.394653986437055,sim_input.json
119,4,0,<bidder.IntegralGreedyBidder object at 0x00000280FFA40470>,5,True,18,1.1240683238667308,6.0,6.0,0.5,0.42857142857142855,5.5,0.0,0.0,0,0.004174668113884945,0.0,0.0,0.004174668113884945,0.004692612189474537,7.0,5.5,7.394653986437055,sim_input.json
119,4,0,<bidder.IntegralGreedyBidder object at 0x00000280FFA40470>,5,True,19,7.53314764909758,2.0,2.0,1,1,5.5,0.0,0.0,0,0.03389830508474576,0.0,0.0,0.03389830508474576,0.25536093725754505,7.0,5.5,7.394653986437055,sim_input.json
119,4,0,<bidder.IntegralGreedyBidder object at 0x00000280FFA40470>,5,True,20,5.682050372792104,1.0,1.0,1,1,5.5,0.0,0.0,0,0.06779661016949153,0.0,0.0,0.06779661016949153,0.3852237540876003,7.0,5.5,7.394653986437055,sim_input.json
119,4,0,<bidder.IntegralGreedyBidder object at 0x00000280FFA40470>,5,True,21,3.9064689749940946,1.0,1.0,1,1,5.5,0.0,0.0,0,0.06779661016949153,0.0,0.0,0.06779661016949153,0.26484535423688776,7.0,5.5,7.394653986437055,sim_input.json
119,4,0,<bidder.IntegralGreedyBidder object at 0x00000280FFA40470>,5,True,22,4.566546377988473,3.0,3.0,1,0.75,5.5,0.0,0.0,0,0.005928028721716629,0.0,0.0,0.005928028721716629,0.02707061808776671,7.0,5.5,7.394653986437055,sim_input.json
119,4,0,<bidder.IntegralGreedyBidder object at 0x00000280FFA40470>,5,True,23,0.9258072951513721,3.0,3.0,1,1,5.5,1.0,1.0,1,1.0,1.0,1.0,1.0,0.9258072951513721,7.0,5.5,7.394653986437055,sim_input.json
119,4,0,<bidder.IntegralGreedyBidder object at 0x00000280FFA40470>,5,True,24,0.9364705880071014,4.0,4.0,0.75,0.6,5.5,0.0,0.0,0,0.0009416195856873789,0.0,0.0,0.0009416195856873789,0.0008817990470876629,7.0,5.5,7.394653986437055,sim_input.json
119,4,0,<bidder.IntegralGreedyBidder object at 0x00000280FFA40470>,5,True,25,6.175383469304375,2.0,2.0,1,1,5.5,0.0,0.0,0,0.03515379786566228,0.0,0.0,0.03515379786566228,0.21708818222287826,7.0,5.5,7.394653986437055,sim_input.json
119,4,0,<bidder.IntegralGreedyBidder object at 0x00000280FFA40470>,5,True,26,1.4765410374372685,1.0,1.0,1,1,5.5,0.0,0.0,0,0.06779661016949153,0.0,0.0,0.06779661016949153,0.10010447711439109,7.0,5.5,7.394653986437055,sim_input.json
119,4,0,<bidder.IntegralGreedyBidder object at 0x00000280FFA40470>,5,True,27,5.6512373002824035,0.0,0.0,1,1,5.5,0.0,0.0,0,0.1016949152542373,0.0,0.0,0.1016949152542373,0.5747020983338038,7.0,5.5,7.394653986437055,sim_input.json
119,4,0,<bidder.IntegralGreedyBidder object at 0x00000280FFA40470>,5,True,28,0.6072289426266817,4.0,4.0,0.75,0.75,5.5,1.0,1.0,1,0.7527576002152273,0.75,0.75,0.7527576002152273,0.4570962016328909,7.0,5.5,7.394653986437055,sim_input.json
119,4,0,<bidder.IntegralGreedyBidder object at 0x00000280FFA40470>,5,True,29,0.20756510208076884,3.0,3.0,1,1,5.5,1.0,1.0,1,1.0,1.0,1.0,1.0,0.20756510208076884,7.0,5.5,7.394653986437055,sim_input.json
119,4,0,<bidder.IntegralGreedyBidder object at 0x00000280FFA40470>,5,True,30,0.5807758003235093,4.0,4.0,0.75,0.75,5.5,1.0,1.0,1,0.7509416195856874,0.75,0.75,0.7509416195856874,0.43612872011110987,7.0,5.5,7.394653986437055,sim_input.json
119,4,0,<bidder.IntegralGreedyBidder object at 0x00000280FFA40470>,5,True,31,3.7539921814128077,4.0,4.0,0.75,0.6,5.5,0.0,0.0,0,0.0,0.0,0.0,0.0,0.0,7.0,5.5,7.394653986437055,sim_input.json
119,4,0,<bidder.IntegralGreedyBidder object at 0x00000280FFA40470>,5,True,32,0.6699161157667464,4.0,4.0,0.75,0.6,5.5,0.0,0.0,0,0.0018832391713747578,0.0,0.0,0.0018832391713747578,0.0012616122707471637,7.0,5.5,7.394653986437055,sim_input.json
119,4,0,<bidder.IntegralGreedyBidder object at 0x00000280FFA40470>,5,True,33,0.0,2.0,2.0,1,1,5.5,0.0,0.0,0,0.0,0.0,0.0,0.0,0.0,7.0,5.5,7.394653986437055,sim_input.json
119,4,0,<bidder.IntegralGreedyBidder object at 0x00000280FFA40470>,5,True,34,4.647040145707326,4.0,4.0,0.75,0.6,5.5,0.0,0.0,0,0.0,0.0,0.0,0.0,0.0,7.0,5.5,7.394653986437055,sim_input.json
119,4,0,<bidder.IntegralGreedyBidder object at 0x00000280FFA40470>,5,True,35,7.950926914239851,4.0,4.0,0.75,0.6,5.5,0.0,0.0,0,0.0027576002152273392,0.0,0.0,0.0027576002152273392,0.021925477769964657,7.0,5.5,7.394653986437055,sim_input.json
119,4,0,<bidder.IntegralGreedyBidder object at 0x00000280FFA40470>,5,True,36,7.459477340143826,3.0,3.0,1,0.75,5.5,0.0,0.0,0,0.0037664783427495308,0.0,0.0,0.0037664783427495308,0.028095959849882595,7.0,5.5,7.394653986437055,sim_input.json
119,4,0,<bidder.IntegralGreedyBidder object at 0x00000280FFA40470>,5,True,37,0.07174413530750723,6.0,6.0,0.5,0.5,5.5,1.0,1.0,1,0.50238110699829,0.5,0.5,0.50238110699829,0.036042898116420585,7.0,5.5,7.394653986437055,sim_input.json
119,4,0,<bidder.IntegralGreedyBidder object at 0x00000280FFA40470>,5,True,38,7.84138769731078,3.0,3.0,1,0.75,5.5,0.0,0.0,0,0.0012554927809165152,0.0,0.0,0.0012554927809165152,0.009844805646341262,7.0,5.5,7.394653986437055,sim_input.json
119,4,0,<bidder.IntegralGreedyBidder object at 0x00000280FFA40470>,5,True,39,6.5278345893843115,3.0,3.0,1,0.75,5.5,0.0,0.0,0,0.0,0.0,0.0,0.0,0.0,7.0,5.5,7.394653986437055,sim_input.json
119,4,0,<bidder.IntegralGreedyBidder object at 0x00000280FFA40470>,5,True,40,1.868903540700209,4.0,4.0,0.75,0.6,5.5,0.0,0.0,0,0.003699219800914718,0.0,0.0,0.003699219800914718,0.006913484983757838,7.0,5.5,7.394653986437055,sim_input.json
119,4,0,<bidder.IntegralGreedyBidder object at 0x00000280FFA40470>,5,True,41,5.802148773557635,1.0,1.0,1,1,5.5,0.0,0.0,0,0.06779661016949153,0.0,0.0,0.06779661016949153,0.39336601854628034,7.0,5.5,7.394653986437055,sim_input.json
119,4,0,<bidder.IntegralGreedyBidder object at 0x00000280FFA40470>,5,True,42,4.165462913760967,4.0,4.0,0.75,0.6,5.5,0.0,0.0,0,0.002630040911747512,0.0,0.0,0.002630040911747512,0.010955337879558342,7.0,5.5,7.394653986437055,sim_input.json
119,4,0,<bidder.IntegralGreedyBidder object at 0x00000280FFA40470>,5,True,43,7.836203455899966,4.0,4.0,0.75,0.6,5.5,0.0,0.0,0,0.0,0.0,0.0,0.0,0.0,7.0,5.5,7.394653986437055,sim_input.json
119,4,0,<bidder.IntegralGreedyBidder object at 0x00000280FFA40470>,5,True,44,0.8140080107956215,3.0,3.0,1,1,5.5,1.0,1.0,1,1.0,1.0,1.0,1.0,0.8140080107956215,7.0,5.5,7.394653986437055,sim_input.json
119,4,0,<bidder.IntegralGreedyBidder object at 0x00000280FFA40470>,5,True,45,5.976926182553732,1.0,1.0,1,1,5.5,0.0,0.0,0,0.06779661016949153,0.0,0.0,0.06779661016949153,0.4052153344104225,7.0,5.5,7.394653986437055,sim_input.json
119,4,0,<bidder.IntegralGreedyBidder object at 0x00000280FFA40470>,5,True,46,6.708591144122919,1.0,1.0,1,1,5.5,0.0,0.0,0,0.06779661016949153,0.0,0.0,0.06779661016949153,0.45481973858460467,7.0,5.5,7.394653986437055,sim_input.json
119,4,0,<bidder.IntegralGreedyBidder object at 0x00000280FFA40470>,5,True,47,6.862732664536702,4.0,4.0,0.75,0.6,5.5,0.0,0.0,0,0.0018832391713747578,0.0,0.0,0.0018832391713747578,0.012924166976528583,7.0,5.5,7.394653986437055,sim_input.json
119,4,0,<bidder.IntegralGreedyBidder object at 0x00000280FFA40470>,5,True,48,6.474166071590236,2.0,2.0,1,1,5.5,0.0,0.0,0,0.03389830508474576,0.0,0.0,0.03389830508474576,0.21946325666407582,7.0,5.5,7.394653986437055,sim_input.json
119,4,0,<bidder.IntegralGreedyBidder object at 0x00000280FFA40470>,5,True,49,2.9185189517340486,3.0,3.0,1,0.75,5.5,0.0,0.0,0,0.0035067212156633543,0.0,0.0,0.0035067212156633543,0.010234432326361361,7.0,5.5,7.394653986437055,sim_input.json
119,4,0,<bidder.IntegralGreedyBidder object at 0x00000280FFA40470>,5,True,50,7.528964491060475,1.0,1.0,1,1,5.5,0.0,0.0,0,0.07021791767554479,0.0,0.0,0.07021791767554479,0.5286682088153845,7.0,5.5,7.394653986437055,sim_input.json
119,4,0,<bidder.IntegralGreedyBidder object at 0x00000280FFA40470>,5,True,51,2.9249939971740844,4.0,4.0,0.75,0.6,5.5,0.0,0.0,0,0.002630040911747512,0.0,0.0,0.002630040911747512,0.007692853879183728,7.0,5.5,7.394653986437055,sim_input.json
119,4,1,<bidder.IntegralGreedyBidder object at 0x0000028086D3F9B0>,5,True,0,0.6575057478488306,6.0,6.0,0.5,0.5,7.0,1.0,1.0,1,0.4642857142857143,0.5,0.4642857142857143,0.4642857142857143,0.30527052578695707,9.0,7.0,4.983443395700174,sim_input.json
119,4,1,<bidder.IntegralGreedyBidder object at 0x0000028086D3F9B0>,5,True,1,5.2000224004375335,1.0,1.0,1,1,7.0,0.0,0.0,0,0.0,0.0,0.0,0.0,0.0,9.0,7.0,4.983443395700174,sim_input.json
119,4,1,<bidder.IntegralGreedyBidder object at 0x0000028086D3F9B0>,5,True,2,1.17871012897366,4.0,4.0,0.75,0.6,7.0,0.0,0.0,0,0.0,0.0,0.0,0.0,0.0,9.0,7.0,4.983443395700174,sim_input.json
119,4,1,<bidder.IntegralGreedyBidder object at 0x0000028086D3F9B0>,5,True,3,0.9777662818456491,3.0,3.0,1,0.75,7.0,0.0,0.0,0,0.0,0.0,0.0,0.0,0.0,9.0,7.0,4.983443395700174,sim_input.json
119,4,1,<bidder.IntegralGreedyBidder object at 0x0000028086D3F9B0>,5,True,4,3.989235697366923,5.0,5.0,0.6,0.5,7.0,0.0,0.0,0,0.0,0.0,0.0,0.0,0.0,9.0,7.0,4.983443395700174,sim_input.json
119,4,1,<bidder.IntegralGreedyBidder object at 0x0000028086D3F9B0>,5,True,5,5.102565209129395,3.0,3.0,1,0.75,7.0,0.0,0.0,0,0.0,0.0,0.0,0.0,0.0,9.0,7.0,4.983443395700174,sim_input.json
119,4,1,<bidder.IntegralGreedyBidder object at 0x0000028086D3F9B0>,5,True,6,6.40959758082949,1.0,1.0,1,1,7.0,0.0,0.0,0,0.0,0.0,0.0,0.0,0.0,9.0,7.0,4.983443395700174,sim_input.json
119,4,1,<bidder.IntegralGreedyBidder object at 0x0000028086D3F9B0>,5,True,7,4.839341439659255,3.0,3.0,1,0.75,7.0,0.0,0.0,0,0.0,0.0,0.0,0.0,0.0,9.0,7.0,4.983443395700174,sim_input.json
119,4,1,<bidder.IntegralGreedyBidder object at 0x0000028086D3F9B0>,5,True,8,7.601683711145476,2.0,2.0,1,1,7.0,0.0,0.0,0,0.0,0.0,0.0,0.0,0.0,9.0,7.0,4.983443395700174,sim_input.json
119,4,1,<bidder.IntegralGreedyBidder object at 0x0000028086D3F9B0>,5,True,9,0.268510241556113,4.0,4.0,0.75,0.75,7.0,1.0,1.0,1,0.6964285714285714,0.75,0.6964285714285714,0.6964285714285714,0.18699820394086442,9.0,7.0,4.983443395700174,sim_input.json
119,4,1,<bidder.IntegralGreedyBidder object at 0x0000028086D3F9B0>,5,True,10,1.4092108184134209,3.0,3.0,1,1,7.0,1.0,1.0,1,0.9285714285714286,1.0,0.9285714285714286,0.9285714285714286,1.3085529028124623,9.0,7.0,4.983443395700174,sim_input.json
119,4,1,<bidder.IntegralGreedyBidder object at 0x0000028086D3F9B0>,5,True,11,0.9488580586641294,2.0,2.0,1,1,7.0,1.0,1.0,1,0.9285714285714286,1.0,0.9285714285714286,0.9285714285714286,0.881082483045263,9.0,7.0,4.983443395700174,sim_input.json
119,4,1,<bidder.IntegralGreedyBidder object at 0x0000028086D3F9B0>,5,True,12,5.278105336859403,3.0,3.0,1,0.75,7.0,0.0,0.0,0,0.0,0.0,0.0,0.0,0.0,9.0,7.0,4.983443395700174,sim_input.json
119,4,1,<bidder.IntegralGreedyBidder object at 0x0000028086D3F9B0>,5,True,13,6.649402695398994,6.0,6.0,0.5,0.42857142857142855,7.0,0.0,0.0,0,0.0,0.0,0.0,0.0,0.0,9.0,7.0,4.983443395700174,sim_input.json
119,4,1,<bidder.IntegralGreedyBidder object at 0x0000028086D3F9B0>,5,True,14,4.369106829452829,3.0,3.0,1,0.75,7.0,0.0,0.0,0,0.0,0.0,0.0,0.0,0.0,9.0,7.0,4.983443395700174,sim_input.json
119,4,1,<bidder.IntegralGreedyBidder object at 0x0000028086D3F9B0>,5,True,15,7.156052518555271,3.0,3.0,1,0.75,7.0,0.0,0.0,0,0.0,0.0,0.0,0.0,0.0,9.0,7.0,4.983443395700174,sim_input.json
119,4,1,<bidder.IntegralGreedyBidder object at 0x0000028086D3F9B0>,5,True,16,3.3554711181286097,3.0,3.0,1,0.75,7.0,0.0,0.0,0,0.0,0.0,0.0,0.0,0.0,9.0,7.0,4.983443395700174,sim_input.json
119,4,1,<bidder.IntegralGreedyBidder object at 0x0000028086D3F9B0>,5,True,17,1.2233566067373052,4.0,4.0,0.75,0.75,7.0,1.0,1.0,1,0.6964285714285714,0.75,0.6964285714285714,0.6964285714285714,0.8519804939777661,9.0,7.0,4.983443395700174,sim_input.json
119,4,1,<bidder.IntegralGreedyBidder object at 0x0000028086D3F9B0>,5,True,18,0.2798323299377907,6.0,6.0,0.5,0.5,7.0,1.0,1.0,1,0.4642857142857143,0.5,0.4642857142857143,0.4642857142857143,0.12992215318540284,9.0,7.0,4.983443395700174,sim_input.json
119,4,1,<bidder.IntegralGreedyBidder object at 0x0000028086D3F9B0>,5,True,19,4.833507476488093,2.0,2.0,1,1,7.0,0.0,0.0,0,0.0,0.0,0.0,0.0,0.0,9.0,7.0,4.983443395700174,sim_input.json
119,4,1,<bidder.IntegralGreedyBidder object at 0x0000028086D3F9B0>,5,True,20,5.249551678033292,1.0,1.0,1,1,7.0,0.0,0.0,0,0.0,0.0,0.0,0.0,0.0,9.0,7.0,4.983443395700174,sim_input.json
119,4,1,<bidder.IntegralGreedyBidder object at 0x0000028086D3F9B0>,5,True,21,7.089943252234851,1.0,1.0,1,1,7.0,0.0,0.0,0,0.0,0.0,0.0,0.0,0.0,9.0,7.0,4.983443395700174,sim_input.json
119,4,1,<bidder.IntegralGreedyBidder object at 0x0000028086D3F9B0>,5,True,22,0.5995949761430923,3.0,3.0,1,1,7.0,1.0,1.0,1,0.9285714285714286,1.0,0.9285714285714286,0.9285714285714286,0.5567667635614428,9.0,7.0,4.983443395700174,sim_input.json
119,4,1,<bidder.IntegralGreedyBidder object at 0x0000028086D3F9B0>,5,True,23,5.300902595137463,3.0,3.0,1,0.75,7.0,0.0,0.0,0,0.0,0.0,0.0,0.0,0.0,9.0,7.0,4.983443395700174,sim_input.json
119,4,1,<bidder.IntegralGreedyBidder object at 0x0000028086D3F9B0>,5,True,24,5.040931535589814,4.0,4.0,0.75,0.6,7.0,0.0,0.0,0,0.0,0.0,0.0,0.0,0.0,9.0,7.0,4.983443395700174,sim_input.json
119,4,1,<bidder.IntegralGreedyBidder object at 0x0000028086D3F9B0>,5,True,25,4.830813096039857,2.0,2.0,1,1,7.0,0.0,0.0,0,0.0,0.0,0.0,0.0,0.0,9.0,7.0,4.983443395700174,sim_input.json
119,4,1,<bidder.IntegralGreedyBidder object at 0x0000028086D3F9B0>,5,True,26,4.682908887360497,1.0,1.0,1,1,7.0,0.0,0.0,0,0.0,0.0,0.0,0.0,0.0,9.0,7.0,4.983443395700174,sim_input.json
119,4,1,<bidder.IntegralGreedyBidder object at 0x0000028086D3F9B0>,5,True,27,2.4322850068261985,0.0,0.0,1,1,7.0,0.0,0.0,0,0.0,0.0,0.0,0.0,0.0,9.0,7.0,4.983443395700174,sim_input.json
119,4,1,<bidder.IntegralGreedyBidder object at 0x0000028086D3F9B0>,5,True,28,0.11795869413191562,4.0,4.0,0.75,0.75,7.0,1.0,1.0,1,0.6964285714285714,0.75,0.6964285714285714,0.6964285714285714,0.0821498048418698,9.0,7.0,4.983443395700174,sim_input.json
119,4,1,<bidder.IntegralGreedyBidder object at 0x0000028086D3F9B0>,5,True,29,1.6634714905431562,3.0,3.0,1,0.75,7.0,0.0,0.0,0,0.0,0.0,0.0,0.0,0.0,9.0,7.0,4.983443395700174,sim_input.json
119,4,1,<bidder.IntegralGreedyBidder object at 0x0000028086D3F9B0>,5,True,30,5.017933348306916,4.0,4.0,0.75,0.6,7.0,0.0,0.0,0,0.0,0.0,0.0,0.0,0.0,9.0,7.0,4.983443395700174,sim_input.json
119,4,1,<bidder.IntegralGreedyBidder object at 0x0000028086D3F9B0>,5,True,31,2.441631260418172,4.0,4.0,0.75,0.6,7.0,0.0,0.0,0,0.0,0.0,0.0,0.0,0.0,9.0,7.0,4.983443395700174,sim_input.json
119,4,1,<bidder.IntegralGreedyBidder object at 0x0000028086D3F9B0>,5,True,32,6.0412207485307095,4.0,4.0,0.75,0.6,7.0,0.0,0.0,0,0.0,0.0,0.0,0.0,0.0,9.0,7.0,4.983443395700174,sim_input.json
119,4,1,<bidder.IntegralGreedyBidder object at 0x0000028086D3F9B0>,5,True,33,3.2992885128576237,2.0,2.0,1,1,7.0,0.0,0.0,0,0.0,0.0,0.0,0.0,0.0,9.0,7.0,4.983443395700174,sim_input.json
119,4,1,<bidder.IntegralGreedyBidder object at 0x0000028086D3F9B0>,5,True,34,0.0,4.0,4.0,0.75,0.6,7.0,0.0,0.0,0,0.0,0.0,0.0,0.0,0.0,9.0,7.0,4.983443395700174,sim_input.json
119,4,1,<bidder.IntegralGreedyBidder object at 0x0000028086D3F9B0>,5,True,35,3.903307294819018,4.0,4.0,0.75,0.6,7.0,0.0,0.0,0,0.0,0.0,0.0,0.0,0.0,9.0,7.0,4.983443395700174,sim_input.json
119,4,1,<bidder.IntegralGreedyBidder object at 0x0000028086D3F9B0>,5,True,36,1.5609661350212996,3.0,3.0,1,0.75,7.0,0.0,0.0,0,0.0,0.0,0.0,0.0,0.0,9.0,7.0,4.983443395700174,sim_input.json
119,4,1,<bidder.IntegralGreedyBidder object at 0x0000028086D3F9B0>,5,True,37,7.857223288372322,6.0,6.0,0.5,0.42857142857142855,7.0,0.0,0.0,0,0.0,0.0,0.0,0.0,0.0,9.0,7.0,4.983443395700174,sim_input.json
119,4,1,<bidder.IntegralGreedyBidder object at 0x0000028086D3F9B0>,5,True,38,4.216588338667611,3.0,3.0,1,0.75,7.0,0.0,0.0,0,0.0,0.0,0.0,0.0,0.0,9.0,7.0,4.983443395700174,sim_input.json
119,4,1,<bidder.IntegralGreedyBidder object at 0x0000028086D3F9B0>,5,True,39,7.872234257446798,3.0,3.0,1,0.75,7.0,0.0,0.0,0,0.0,0.0,0.0,0.0,0.0,9.0,7.0,4.983443395700174,sim_input.json
119,4,1,<bidder.IntegralGreedyBidder object at 0x0000028086D3F9B0>,5,True,40,0.9774441952486184,4.0,4.0,0.75,0.75,7.0,1.0,1.0,1,0.6964285714285714,0.75,0.6964285714285714,0.6964285714285714,0.6807200645481449,9.0,7.0,4.983443395700174,sim_input.json
119,4,1,<bidder.IntegralGreedyBidder object at 0x0000028086D3F9B0>,5,True,41,6.58458421617252,1.0,1.0,1,1,7.0,0.0,0.0,0,0.0,0.0,0.0,0.0,0.0,9.0,7.0,4.983443395700174,sim_input.json
119,4,1,<bidder.IntegralGreedyBidder object at 0x0000028086D3F9B0>,5,True,42,4.826936213892162,4.0,4.0,0.75,0.6,7.0,0.0,0.0,0,0.0,0.0,0.0,0.0,0.0,9.0,7.0,4.983443395700174,sim_input.json
119,4,1,<bidder.IntegralGreedyBidder object at 0x0000028086D3F9B0>,5,True,43,2.754073533004644,4.0,4.0,0.75,0.6,7.0,0.0,0.0,0,0.0,0.0,0.0,0.0,0.0,9.0,7.0,4.983443395700174,sim_input.json
119,4,1,<bidder.IntegralGreedyBidder object at 0x0000028086D3F9B0>,5,True,44,6.036024093542144,3.0,3.0,1,0.75,7.0,0.0,0.0,0,0.0,0.0,0.0,0.0,0.0,9.0,7.0,4.983443395700174,sim_input.json
119,4,1,<bidder.IntegralGreedyBidder object at 0x0000028086D3F9B0>,5,True,45,2.420916884235319,1.0,1.0,1,1,7.0,0.0,0.0,0,0.0,0.0,0.0,0.0,0.0,9.0,7.0,4.983443395700174,sim_input.json
119,4,1,<bidder.IntegralGreedyBidder object at 0x0000028086D3F9B0>,5,True,46,4.613448907515634,1.0,1.0,1,1,7.0,0.0,0.0,0,0.0,0.0,0.0,0.0,0.0,9.0,7.0,4.983443395700174,sim_input.json
119,4,1,<bidder.IntegralGreedyBidder object at 0x0000028086D3F9B0>,5,True,47,2.6721318116013535,4.0,4.0,0.75,0.6,7.0,0.0,0.0,0,0.0,0.0,0.0,0.0,0.0,9.0,7.0,4.983443395700174,sim_input.json
119,4,1,<bidder.IntegralGreedyBidder object at 0x0000028086D3F9B0>,5,True,48,7.850237254865233,2.0,2.0,1,1,7.0,0.0,0.0,0,0.0,0.0,0.0,0.0,0.0,9.0,7.0,4.983443395700174,sim_input.json
119,4,1,<bidder.IntegralGreedyBidder object at 0x0000028086D3F9B0>,5,True,49,4.079458528264674,3.0,3.0,1,0.75,7.0,0.0,0.0,0,0.0,0.0,0.0,0.0,0.0,9.0,7.0,4.983443395700174,sim_input.json
119,4,1,<bidder.IntegralGreedyBidder object at 0x0000028086D3F9B0>,5,True,50,4.76302747424308,1.0,1.0,1,1,7.0,0.0,0.0,0,0.0,0.0,0.0,0.0,0.0,9.0,7.0,4.983443395700174,sim_input.json
119,4,1,<bidder.IntegralGreedyBidder object at 0x0000028086D3F9B0>,5,True,51,7.8802531805707865,4.0,4.0,0.75,0.6,7.0,0.0,0.0,0,0.0,0.0,0.0,0.0,0.0,9.0,7.0,4.983443395700174,sim_input.json
119,4,2,<bidder.UniformBidder object at 0x0000028086D3F6D8>,5,True,0,3.4874982891958286,6.0,6.0,0.5,0.42857142857142855,4.25,0.0,0.0,0,0.002723970944309918,0.0,0.0,0.002723970944309918,0.009499844008099985,5.0,4.25,14.723012853576934,sim_input.json
119,4,2,<bidder.UniformBidder object at 0x0000028086D3F6D8>,5,True,1,6.200198268438893,1.0,1.0,1,1,4.25,0.0,0.0,0,0.1604324956165985,0.0,0.0,0.1604324956165985,0.9947132815233642,5.0,4.25,14.723012853576934,sim_input.json
119,4,2,<bidder.UniformBidder object at 0x0000028086D3F6D8>,5,True,2,0.9815633010536252,4.0,4.0,0.75,0.75,4.25,1.0,1.0,1,0.7562046004842615,0.75,0.75,0.7562046004842615,0.7422626839232696,5.0,4.25,14.723012853576934,sim_input.json
119,4,2,<bidder.UniformBidder object at 0x0000028086D3F6D8>,5,True,3,4.013055990741604,3.0,3.0,1,0.75,4.25,0.0,0.0,0,0.0,0.0,0.0,0.0,0.0,5.0,4.25,14.723012853576934,sim_input.json
119,4,2,<bidder.UniformBidder object at 0x0000028086D3F6D8>,5,True,4,6.46153401755921,5.0,5.0,0.6,0.5,4.25,0.0,0.0,0,0.0,0.0,0.0,0.0,0.0,5.0,4.25,14.723012853576934,sim_input.json
119,4,2,<bidder.UniformBidder object at 0x0000028086D3F6D8>,5,True,5,6.75520722480911,3.0,3.0,1,0.75,4.25,0.0,0.0,0,0.005447941888619836,0.0,0.0,0.005447941888619836,0.03680197640634491,5.0,4.25,14.723012853576934,sim_input.json
119,4,2,<bidder.UniformBidder object at 0x0000028086D3F6D8>,5,True,6,6.340124428520772,1.0,1.0,1,1,4.25,0.0,0.0,0,0.1553672316384181,0.0,0.0,0.1553672316384181,0.98504758070238,5.0,4.25,14.723012853576934,sim_input.json
119,4,2,<bidder.UniformBidder object at 0x0000028086D3F6D8>,5,True,7,1.5312366807868287,3.0,3.0,1,0.75,4.25,0.0,0.0,0,0.0,0.0,0.0,0.0,0.0,5.0,4.25,14.723012853576934,sim_input.json
119,4,2,<bidder.UniformBidder object at 0x0000028086D3F6D8>,5,True,8,4.331717761866408,2.0,2.0,1,1,4.25,0.0,0.0,0,0.07627118644067797,0.0,0.0,0.07627118644067797,0.3303852530237091,5.0,4.25,14.723012853576934,sim_input.json
119,4,2,<bidder.UniformBidder object at 0x0000028086D3F6D8>,5,True,9,2.755797751770463,4.0,4.0,0.75,0.6,4.25,0.0,0.0,0,0.00408595641646491,0.0,0.0,0.00408595641646491,0.011260069506326097,5.0,4.25,14.723012853576934,sim_input.json
119,4,2,<bidder.UniformBidder object at 0x0000028086D3F6D8>,5,True,10,3.7449188230411927,3.0,3.0,1,0.75,4.25,0.0,0.0,0,0.005447941888619836,0.0,0.0,0.005447941888619836,0.02040210012552701,5.0,4.25,14.723012853576934,sim_input.json
119,4,2,<bidder.UniformBidder object at 0x0000028086D3F6D8>,5,True,11,5.922362804052556,2.0,2.0,1,1,4.25,0.0,0.0,0,0.08171912832929783,0.0,0.0,0.08171912832929783,0.48397032599703094,5.0,4.25,14.723012853576934,sim_input.json
119,4,2,<bidder.UniformBidder object at 0x0000028086D3F6D8>,5,True,12,0.9179070526887595,3.0,3.0,1,1,4.25,1.0,1.0,1,1.0,1.0,1.0,1.0,0.9179070526887595,5.0,4.25,14.723012853576934,sim_input.json
119,4,2,<bidder.UniformBidder object at 0x0000028086D3F6D8>,5,True,13,0.0,6.0,6.0,0.5,0.42857142857142855,4.25,0.0,0.0,0,0.0,0.0,0.0,0.0,0.0,5.0,4.25,14.723012853576934,sim_input.json
119,4,2,<bidder.UniformBidder object at 0x0000028086D3F6D8>,5,True,14,1.3599052607005282,3.0,3.0,1,1,4.25,1.0,1.0,1,1.0,1.0,1.0,1.0,1.3599052607005282,5.0,4.25,14.723012853576934,sim_input.json
119,4,2,<bidder.UniformBidder object at 0x0000028086D3F6D8>,5,True,15,0.4130229953056712,3.0,3.0,1,1,4.25,1.0,1.0,1,1.0,1.0,1.0,1.0,0.4130229953056712,5.0,4.25,14.723012853576934,sim_input.json
119,4,2,<bidder.UniformBidder object at 0x0000028086D3F6D8>,5,True,16,0.0,3.0,3.0,1,0.75,4.25,0.0,0.0,0,0.0,0.0,0.0,0.0,0.0,5.0,4.25,14.723012853576934,sim_input.json
119,4,2,<bidder.UniformBidder object at 0x0000028086D3F6D8>,5,True,17,0.0,4.0,4.0,0.75,0.6,4.25,0.0,0.0,0,0.0,0.0,0.0,0.0,0.0,5.0,4.25,14.723012853576934,sim_input.json
119,4,2,<bidder.UniformBidder object at 0x0000028086D3F6D8>,5,True,18,4.870140196816825,6.0,6.0,0.5,0.42857142857142855,4.25,0.0,0.0,0,0.009393003256241126,0.0,0.0,0.009393003256241126,0.04574524272705124,5.0,4.25,14.723012853576934,sim_input.json
119,4,2,<bidder.UniformBidder object at 0x0000028086D3F6D8>,5,True,19,2.3262699573745804,2.0,2.0,1,1,4.25,0.0,0.0,0,0.07627118644067797,0.0,0.0,0.07627118644067797,0.17742736963026462,5.0,4.25,14.723012853576934,sim_input.json
119,4,2,<bidder.UniformBidder object at 0x0000028086D3F6D8>,5,True,20,7.078765081773668,1.0,1.0,1,1,4.25,0.0,0.0,0,0.15254237288135594,0.0,0.0,0.15254237288135594,1.0798116226434409,5.0,4.25,14.723012853576934,sim_input.json
119,4,2,<bidder.UniformBidder object at 0x0000028086D3F6D8>,5,True,21,0.0,1.0,1.0,1,1,4.25,0.0,0.0,0,0.0,0.0,0.0,0.0,0.0,5.0,4.25,14.723012853576934,sim_input.json
119,4,2,<bidder.UniformBidder object at 0x0000028086D3F6D8>,5,True,22,3.1077588974646453,3.0,3.0,1,0.75,4.25,0.0,0.0,0,0.013338064623862417,0.0,0.0,0.013338064623862417,0.041451489009766855,5.0,4.25,14.723012853576934,sim_input.json
119,4,2,<bidder.UniformBidder object at 0x0000028086D3F6D8>,5,True,23,4.688056072305459,3.0,3.0,1,0.75,4.25,0.0,0.0,0,0.005447941888619836,0.0,0.0,0.005447941888619836,0.025540257052511492,5.0,4.25,14.723012853576934,sim_input.json
119,4,2,<bidder.UniformBidder object at 0x0000028086D3F6D8>,5,True,24,2.587217450304631,4.0,4.0,0.75,0.6,4.25,0.0,0.0,0,0.002118644067796603,0.0,0.0,0.002118644067796603,0.005481392903187758,5.0,4.25,14.723012853576934,sim_input.json
119,4,2,<bidder.UniformBidder object at 0x0000028086D3F6D8>,5,True,25,3.577294882586507,2.0,2.0,1,1,4.25,0.0,0.0,0,0.07909604519774013,0.0,0.0,0.07909604519774013,0.28294987771870683,5.0,4.25,14.723012853576934,sim_input.json
119,4,2,<bidder.UniformBidder object at 0x0000028086D3F6D8>,5,True,26,4.803994172886424,1.0,1.0,1,1,4.25,0.0,0.0,0,0.15254237288135594,0.0,0.0,0.15254237288135594,0.732812670440302,5.0,4.25,14.723012853576934,sim_input.json
119,4,2,<bidder.UniformBidder object at 0x0000028086D3F6D8>,5,True,27,4.897451455416844,0.0,0.0,1,1,4.25,0.0,0.0,0,0.2288135593220339,0.0,0.0,0.2288135593220339,1.1206032991208033,5.0,4.25,14.723012853576934,sim_input.json
119,4,2,<bidder.UniformBidder object at 0x0000028086D3F6D8>,5,True,28,5.596859274167985,4.0,4.0,0.75,0.6,4.25,0.0,0.0,0,0.006204600484261513,0.0,0.0,0.006204600484261513,0.03472627576284622,5.0,4.25,14.723012853576934,sim_input.json
119,4,2,<bidder.UniformBidder object at 0x0000028086D3F6D8>,5,True,29,3.7692676022440406,3.0,3.0,1,0.75,4.25,0.0,0.0,0,0.0028248587570621595,0.0,0.0,0.0028248587570621595,0.010647648593909766,5.0,4.25,14.723012853576934,sim_input.json
119,4,2,<bidder.UniformBidder object at 0x0000028086D3F6D8>,5,True,30,2.6501441684518126,4.0,4.0,0.75,0.6,4.25,0.0,0.0,0,0.002118644067796603,0.0,0.0,0.002118644067796603,0.005614712221296193,5.0,4.25,14.723012853576934,sim_input.json
119,4,2,<bidder.UniformBidder object at 0x0000028086D3F6D8>,5,True,31,7.668105912575628,4.0,4.0,0.75,0.6,4.25,0.0,0.0,0,0.0,0.0,0.0,0.0,0.0,5.0,4.25,14.723012853576934,sim_input.json
119,4,2,<bidder.UniformBidder object at 0x0000028086D3F6D8>,5,True,32,0.0,4.0,4.0,0.75,0.6,4.25,0.0,0.0,0,0.0,0.0,0.0,0.0,0.0,5.0,4.25,14.723012853576934,sim_input.json
119,4,2,<bidder.UniformBidder object at 0x0000028086D3F6D8>,5,True,33,4.565751132868371,2.0,2.0,1,1,4.25,0.0,0.0,0,0.07627118644067797,0.0,0.0,0.07627118644067797,0.3482352558967402,5.0,4.25,14.723012853576934,sim_input.json
119,4,2,<bidder.UniformBidder object at 0x0000028086D3F6D8>,5,True,34,2.1147999733090757,4.0,4.0,0.75,0.6,4.25,0.0,0.0,0,0.0,0.0,0.0,0.0,0.0,5.0,4.25,14.723012853576934,sim_input.json
119,4,2,<bidder.UniformBidder object at 0x0000028086D3F6D8>,5,True,35,3.2948360114408697,4.0,4.0,0.75,0.6,4.25,0.0,0.0,0,0.006204600484261513,0.0,0.0,0.006204600484261513,0.020443141112148292,5.0,4.25,14.723012853576934,sim_input.json
119,4,2,<bidder.UniformBidder object at 0x0000028086D3F6D8>,5,True,36,3.0280799436529966,3.0,3.0,1,0.75,4.25,0.0,0.0,0,0.008474576271186446,0.0,0.0,0.008474576271186446,0.025661694437737276,5.0,4.25,14.723012853576934,sim_input.json
119,4,2,<bidder.UniformBidder object at 0x0000028086D3F6D8>,5,True,37,1.233474395553126,6.0,6.0,0.5,0.5,4.25,1.0,1.0,1,0.5053574907461523,0.5,0.5,0.5053574907461523,0.6233455254363547,5.0,4.25,14.723012853576934,sim_input.json
119,4,2,<bidder.UniformBidder object at 0x0000028086D3F6D8>,5,True,38,7.247012743739594,3.0,3.0,1,0.75,4.25,0.0,0.0,0,0.0028248587570621595,0.0,0.0,0.0028248587570621595,0.02047178741169386,5.0,4.25,14.723012853576934,sim_input.json
119,4,2,<bidder.UniformBidder object at 0x0000028086D3F6D8>,5,True,39,3.2189910966877715,3.0,3.0,1,0.75,4.25,0.0,0.0,0,0.0,0.0,0.0,0.0,0.0,5.0,4.25,14.723012853576934,sim_input.json
119,4,2,<bidder.UniformBidder object at 0x0000028086D3F6D8>,5,True,40,7.753218136342371,4.0,4.0,0.75,0.6,4.25,0.0,0.0,0,0.008323244552058117,0.0,0.0,0.008323244552058117,0.06453193061422982,5.0,4.25,14.723012853576934,sim_input.json
119,4,2,<bidder.UniformBidder object at 0x0000028086D3F6D8>,5,True,41,4.7997916176644075,1.0,1.0,1,1,4.25,0.0,0.0,0,0.15254237288135594,0.0,0.0,0.15254237288135594,0.7321716026945707,5.0,4.25,14.723012853576934,sim_input.json
119,4,2,<bidder.UniformBidder object at 0x0000028086D3F6D8>,5,True,42,7.434272576113679,4.0,4.0,0.75,0.6,4.25,0.0,0.0,0,0.005917592051431902,0.0,0.0,0.005917592051431902,0.04399299230458848,5.0,4.25,14.723012853576934,sim_input.json
119,4,2,<bidder.UniformBidder object at 0x0000028086D3F6D8>,5,True,43,5.141859802136029,4.0,4.0,0.75,0.6,4.25,0.0,0.0,0,0.0,0.0,0.0,0.0,0.0,5.0,4.25,14.723012853576934,sim_input.json
119,4,2,<bidder.UniformBidder object at 0x0000028086D3F6D8>,5,True,44,6.713578911349173,3.0,3.0,1,0.75,4.25,0.0,0.0,0,0.010714981492304708,0.0,0.0,0.010714981492304708,0.07193587378223358,5.0,4.25,14.723012853576934,sim_input.json
119,4,2,<bidder.UniformBidder object at 0x0000028086D3F6D8>,5,True,45,7.9565744021401414,1.0,1.0,1,1,4.25,0.0,0.0,0,0.15254237288135594,0.0,0.0,0.15254237288135594,1.2137147393095131,5.0,4.25,14.723012853576934,sim_input.json
119,4,2,<bidder.UniformBidder object at 0x0000028086D3F6D8>,5,True,46,1.994479138355957,1.0,1.0,1,1,4.25,0.0,0.0,0,0.15254237288135594,0.0,0.0,0.15254237288135594,0.3042425804271799,5.0,4.25,14.723012853576934,sim_input.json
119,4,2,<bidder.UniformBidder object at 0x0000028086D3F6D8>,5,True,47,7.14282567874152,4.0,4.0,0.75,0.6,4.25,0.0,0.0,0,0.004237288135593206,0.0,0.0,0.004237288135593206,0.03026621050314193,5.0,4.25,14.723012853576934,sim_input.json
119,4,2,<bidder.UniformBidder object at 0x0000028086D3F6D8>,5,True,48,5.74540850294712,2.0,2.0,1,1,4.25,0.0,0.0,0,0.07627118644067797,0.0,0.0,0.07627118644067797,0.4382091231061363,5.0,4.25,14.723012853576934,sim_input.json
119,4,2,<bidder.UniformBidder object at 0x0000028086D3F6D8>,5,True,49,1.4684277214453978,3.0,3.0,1,0.75,4.25,0.0,0.0,0,0.007890122735242547,0.0,0.0,0.007890122735242547,0.011586074950036742,5.0,4.25,14.723012853576934,sim_input.json
119,4,2,<bidder.UniformBidder object at 0x0000028086D3F6D8>,5,True,50,5.675628464145661,1.0,1.0,1,1,4.25,0.0,0.0,0,0.15799031476997577,0.0,0.0,0.15799031476997577,0.8966943275678071,5.0,4.25,14.723012853576934,sim_input.json
119,4,2,<bidder.UniformBidder object at 0x0000028086D3F6D8>,5,True,51,1.6087138493134163,4.0,4.0,0.75,0.6,4.25,0.0,0.0,0,0.005917592051431902,0.0,0.0,0.005917592051431902,0.00951971228772549,5.0,4.25,14.723012853576934,sim_input.json
119,4,3,<bidder.IntegralGreedyBidder object at 0x0000028086D3FC88>,5,True,0,6.741544306571647,6.0,6.0,0.5,0.42857142857142855,6.75,0.0,0.0,0,0.0,0.0,0.0,0.0,0.0,8.0,6.75,1.4887947143876659,sim_input.json
119,4,3,<bidder.IntegralGreedyBidder object at 0x0000028086D3FC88>,5,True,1,0.0,1.0,1.0,1,1,6.75,0.0,0.0,0,0.0,0.0,0.0,0.0,0.0,8.0,6.75,1.4887947143876659,sim_input.json
119,4,3,<bidder.IntegralGreedyBidder object at 0x0000028086D3FC88>,5,True,2,0.032981919666189574,4.0,4.0,0.75,0.75,6.75,1.0,1.0,1,0.7222222222222222,0.75,0.7222222222222222,0.7222222222222222,0.023820275314470247,8.0,6.75,1.4887947143876659,sim_input.json
119,4,3,<bidder.IntegralGreedyBidder object at 0x0000028086D3FC88>,5,True,3,0.3876883648082703,3.0,3.0,1,0.75,6.75,0.0,0.0,0,0.0,0.0,0.0,0.0,0.0,8.0,6.75,1.4887947143876659,sim_input.json
119,4,3,<bidder.IntegralGreedyBidder object at 0x0000028086D3FC88>,5,True,4,3.7673283637432733,5.0,5.0,0.6,0.5,6.75,0.0,0.0,0,0.0,0.0,0.0,0.0,0.0,8.0,6.75,1.4887947143876659,sim_input.json
119,4,3,<bidder.IntegralGreedyBidder object at 0x0000028086D3FC88>,5,True,5,7.236949648384954,3.0,3.0,1,0.75,6.75,0.0,0.0,0,0.0,0.0,0.0,0.0,0.0,8.0,6.75,1.4887947143876659,sim_input.json
119,4,3,<bidder.IntegralGreedyBidder object at 0x0000028086D3FC88>,5,True,6,0.7835421863396062,1.0,1.0,1,1,6.75,0.0,0.0,0,0.0,0.0,0.0,0.0,0.0,8.0,6.75,1.4887947143876659,sim_input.json
119,4,3,<bidder.IntegralGreedyBidder object at 0x0000028086D3FC88>,5,True,7,2.757388239325172,3.0,3.0,1,0.75,6.75,0.0,0.0,0,0.0,0.0,0.0,0.0,0.0,8.0,6.75,1.4887947143876659,sim_input.json
119,4,3,<bidder.IntegralGreedyBidder object at 0x0000028086D3FC88>,5,True,8,1.3595409024040297,2.0,2.0,1,1,6.75,0.0,0.0,0,0.0,0.0,0.0,0.0,0.0,8.0,6.75,1.4887947143876659,sim_input.json
119,4,3,<bidder.IntegralGreedyBidder object at 0x0000028086D3FC88>,5,True,9,0.0,4.0,4.0,0.75,0.6,6.75,0.0,0.0,0,0.0,0.0,0.0,0.0,0.0,8.0,6.75,1.4887947143876659,sim_input.json
119,4,3,<bidder.IntegralGreedyBidder object at 0x0000028086D3FC88>,5,True,10,3.0550869345204603,3.0,3.0,1,0.75,6.75,0.0,0.0,0,0.0,0.0,0.0,0.0,0.0,8.0,6.75,1.4887947143876659,sim_input.json
119,4,3,<bidder.IntegralGreedyBidder object at 0x0000028086D3FC88>,5,True,11,1.267588713003254,2.0,2.0,1,1,6.75,0.0,0.0,0,0.0,0.0,0.0,0.0,0.0,8.0,6.75,1.4887947143876659,sim_input.json
119,4,3,<bidder.IntegralGreedyBidder object at 0x0000028086D3FC88>,5,True,12,5.921359754191728,3.0,3.0,1,0.75,6.75,0.0,0.0,0,0.0,0.0,0.0,0.0,0.0,8.0,6.75,1.4887947143876659,sim_input.json
119,4,3,<bidder.IntegralGreedyBidder object at 0x0000028086D3FC88>,5,True,13,0.0,6.0,6.0,0.5,0.42857142857142855,6.75,0.0,0.0,0,0.0,0.0,0.0,0.0,0.0,8.0,6.75,1.4887947143876659,sim_input.json
119,4,3,<bidder.IntegralGreedyBidder object at 0x0000028086D3FC88>,5,True,14,0.0,3.0,3.0,1,0.75,6.75,0.0,0.0,0,0.0,0.0,0.0,0.0,0.0,8.0,6.75,1.4887947143876659,sim_input.json
119,4,3,<bidder.IntegralGreedyBidder object at 0x0000028086D3FC88>,5,True,15,2.4664964029247605,3.0,3.0,1,0.75,6.75,0.0,0.0,0,0.0,0.0,0.0,0.0,0.0,8.0,6.75,1.4887947143876659,sim_input.json
119,4,3,<bidder.IntegralGreedyBidder object at 0x0000028086D3FC88>,5,True,16,0.0,3.0,3.0,1,0.75,6.75,0.0,0.0,0,0.0,0.0,0.0,0.0,0.0,8.0,6.75,1.4887947143876659,sim_input.json
119,4,3,<bidder.IntegralGreedyBidder object at 0x0000028086D3FC88>,5,True,17,1.932963352706536,4.0,4.0,0.75,0.6,6.75,0.0,0.0,0,0.0,0.0,0.0,0.0,0.0,8.0,6.75,1.4887947143876659,sim_input.json
119,4,3,<bidder.IntegralGreedyBidder object at 0x0000028086D3FC88>,5,True,18,1.66755228940045,6.0,6.0,0.5,0.42857142857142855,6.75,0.0,0.0,0,0.0,0.0,0.0,0.0,0.0,8.0,6.75,1.4887947143876659,sim_input.json
119,4,3,<bidder.IntegralGreedyBidder object at 0x0000028086D3FC88>,5,True,19,5.242637312218198,2.0,2.0,1,1,6.75,0.0,0.0,0,0.0,0.0,0.0,0.0,0.0,8.0,6.75,1.4887947143876659,sim_input.json
119,4,3,<bidder.IntegralGreedyBidder object at 0x0000028086D3FC88>,5,True,20,2.1094139100803098,1.0,1.0,1,1,6.75,0.0,0.0,0,0.0,0.0,0.0,0.0,0.0,8.0,6.75,1.4887947143876659,sim_input.json
119,4,3,<bidder.IntegralGreedyBidder object at 0x0000028086D3FC88>,5,True,21,2.971048807038738,1.0,1.0,1,1,6.75,0.0,0.0,0,0.0,0.0,0.0,0.0,0.0,8.0,6.75,1.4887947143876659,sim_input.json
119,4,3,<bidder.IntegralGreedyBidder object at 0x0000028086D3FC88>,5,True,22,4.4743523189334145,3.0,3.0,1,0.75,6.75,0.0,0.0,0,0.0,0.0,0.0,0.0,0.0,8.0,6.75,1.4887947143876659,sim_input.json
119,4,3,<bidder.IntegralGreedyBidder object at 0x0000028086D3FC88>,5,True,23,7.508557250965324,3.0,3.0,1,0.75,6.75,0.0,0.0,0,0.0,0.0,0.0,0.0,0.0,8.0,6.75,1.4887947143876659,sim_input.json
119,4,3,<bidder.IntegralGreedyBidder object at 0x0000028086D3FC88>,5,True,24,0.0,4.0,4.0,0.75,0.6,6.75,0.0,0.0,0,0.0,0.0,0.0,0.0,0.0,8.0,6.75,1.4887947143876659,sim_input.json
119,4,3,<bidder.IntegralGreedyBidder object at 0x0000028086D3FC88>,5,True,25,0.5017013674776616,2.0,2.0,1,1,6.75,1.0,1.0,1,0.9629629629629629,1.0,0.9629629629629629,0.9629629629629629,0.4831198353488593,8.0,6.75,1.4887947143876659,sim_input.json
119,4,3,<bidder.IntegralGreedyBidder object at 0x0000028086D3FC88>,5,True,26,0.0,1.0,1.0,1,1,6.75,0.0,0.0,0,0.0,0.0,0.0,0.0,0.0,8.0,6.75,1.4887947143876659,sim_input.json
119,4,3,<bidder.IntegralGreedyBidder object at 0x0000028086D3FC88>,5,True,27,0.0,0.0,0.0,1,1,6.75,0.0,0.0,0,0.0,0.0,0.0,0.0,0.0,8.0,6.75,1.4887947143876659,sim_input.json
119,4,3,<bidder.IntegralGreedyBidder object at 0x0000028086D3FC88>,5,True,28,0.0,4.0,4.0,0.75,0.6,6.75,0.0,0.0,0,0.0,0.0,0.0,0.0,0.0,8.0,6.75,1.4887947143876659,sim_input.json
119,4,3,<bidder.IntegralGreedyBidder object at 0x0000028086D3FC88>,5,True,29,0.0,3.0,3.0,1,0.75,6.75,0.0,0.0,0,0.0,0.0,0.0,0.0,0.0,8.0,6.75,1.4887947143876659,sim_input.json
119,4,3,<bidder.IntegralGreedyBidder object at 0x0000028086D3FC88>,5,True,30,0.0,4.0,4.0,0.75,0.6,6.75,0.0,0.0,0,0.0,0.0,0.0,0.0,0.0,8.0,6.75,1.4887947143876659,sim_input.json
119,4,3,<bidder.IntegralGreedyBidder object at 0x0000028086D3FC88>,5,True,31,1.189447714047669,4.0,4.0,0.75,0.6,6.75,0.0,0.0,0,0.0,0.0,0.0,0.0,0.0,8.0,6.75,1.4887947143876659,sim_input.json
119,4,3,<bidder.IntegralGreedyBidder object at 0x0000028086D3FC88>,5,True,32,0.11731771725792361,4.0,4.0,0.75,0.75,6.75,1.0,1.0,1,0.7222222222222222,0.75,0.7222222222222222,0.7222222222222222,0.08472946246405594,8.0,6.75,1.4887947143876659,sim_input.json
119,4,3,<bidder.IntegralGreedyBidder object at 0x0000028086D3FC88>,5,True,33,7.672344500198829,2.0,2.0,1,1,6.75,0.0,0.0,0,0.0,0.0,0.0,0.0,0.0,8.0,6.75,1.4887947143876659,sim_input.json
119,4,3,<bidder.IntegralGreedyBidder object at 0x0000028086D3FC88>,5,True,34,3.1879966558546418,4.0,4.0,0.75,0.6,6.75,0.0,0.0,0,0.0,0.0,0.0,0.0,0.0,8.0,6.75,1.4887947143876659,sim_input.json
119,4,3,<bidder.IntegralGreedyBidder object at 0x0000028086D3FC88>,5,True,35,0.32878322821187234,4.0,4.0,0.75,0.75,6.75,1.0,1.0,1,0.7222222222222222,0.75,0.7222222222222222,0.7222222222222222,0.23745455370857446,8.0,6.75,1.4887947143876659,sim_input.json
119,4,3,<bidder.IntegralGreedyBidder object at 0x0000028086D3FC88>,5,True,36,0.4998254028064625,3.0,3.0,1,1,6.75,1.0,1.0,1,0.9629629629629629,1.0,0.9629629629629629,0.9629629629629629,0.48131335085066757,8.0,6.75,1.4887947143876659,sim_input.json
119,4,3,<bidder.IntegralGreedyBidder object at 0x0000028086D3FC88>,5,True,37,0.8681535692194006,6.0,6.0,0.5,0.42857142857142855,6.75,0.0,0.0,0,0.0,0.0,0.0,0.0,0.0,8.0,6.75,1.4887947143876659,sim_input.json
119,4,3,<bidder.IntegralGreedyBidder object at 0x0000028086D3FC88>,5,True,38,0.07976082140304619,3.0,3.0,1,1,6.75,1.0,1.0,1,0.9629629629629629,1.0,0.9629629629629629,0.9629629629629629,0.07680671690663707,8.0,6.75,1.4887947143876659,sim_input.json
119,4,3,<bidder.IntegralGreedyBidder object at 0x0000028086D3FC88>,5,True,39,6.18171099785614,3.0,3.0,1,0.75,6.75,0.0,0.0,0,0.0,0.0,0.0,0.0,0.0,8.0,6.75,1.4887947143876659,sim_input.json
119,4,3,<bidder.IntegralGreedyBidder object at 0x0000028086D3FC88>,5,True,40,0.05923762623039952,4.0,4.0,0.75,0.75,6.75,1.0,1.0,1,0.7222222222222222,0.75,0.7222222222222222,0.7222222222222222,0.04278273005528854,8.0,6.75,1.4887947143876659,sim_input.json
119,4,3,<bidder.IntegralGreedyBidder object at 0x0000028086D3FC88>,5,True,41,1.7843369206448703,1.0,1.0,1,1,6.75,0.0,0.0,0,0.0,0.0,0.0,0.0,0.0,8.0,6.75,1.4887947143876659,sim_input.json
119,4,3,<bidder.IntegralGreedyBidder object at 0x0000028086D3FC88>,5,True,42,0.7300464727525946,4.0,4.0,0.75,0.6,6.75,0.0,0.0,0,0.0,0.0,0.0,0.0,0.0,8.0,6.75,1.4887947143876659,sim_input.json
119,4,3,<bidder.IntegralGreedyBidder object at 0x0000028086D3FC88>,5,True,43,1.5990269179440897,4.0,4.0,0.75,0.6,6.75,0.0,0.0,0,0.0,0.0,0.0,0.0,0.0,8.0,6.75,1.4887947143876659,sim_input.json
119,4,3,<bidder.IntegralGreedyBidder object at 0x0000028086D3FC88>,5,True,44,4.076616432543953,3.0,3.0,1,0.75,6.75,0.0,0.0,0,0.0,0.0,0.0,0.0,0.0,8.0,6.75,1.4887947143876659,sim_input.json
119,4,3,<bidder.IntegralGreedyBidder object at 0x0000028086D3FC88>,5,True,45,7.014439044162069,1.0,1.0,1,1,6.75,0.0,0.0,0,0.0,0.0,0.0,0.0,0.0,8.0,6.75,1.4887947143876659,sim_input.json
119,4,3,<bidder.IntegralGreedyBidder object at 0x0000028086D3FC88>,5,True,46,1.4990991577913115,1.0,1.0,1,1,6.75,0.0,0.0,0,0.0,0.0,0.0,0.0,0.0,8.0,6.75,1.4887947143876659,sim_input.json
119,4,3,<bidder.IntegralGreedyBidder object at 0x0000028086D3FC88>,5,True,47,0.0813707857926178,4.0,4.0,0.75,0.75,6.75,1.0,1.0,1,0.7222222222222222,0.75,0.7222222222222222,0.7222222222222222,0.05876778973911286,8.0,6.75,1.4887947143876659,sim_input.json
119,4,3,<bidder.IntegralGreedyBidder object at 0x0000028086D3FC88>,5,True,48,3.329135984266615,2.0,2.0,1,1,6.75,0.0,0.0,0,0.0,0.0,0.0,0.0,0.0,8.0,6.75,1.4887947143876659,sim_input.json
119,4,3,<bidder.IntegralGreedyBidder object at 0x0000028086D3FC88>,5,True,49,1.135540128143338,3.0,3.0,1,0.75,6.75,0.0,0.0,0,0.0,0.0,0.0,0.0,0.0,8.0,6.75,1.4887947143876659,sim_input.json
119,4,3,<bidder.IntegralGreedyBidder object at 0x0000028086D3FC88>,5,True,50,0.6417983820974061,1.0,1.0,1,1,6.75,0.0,0.0,0,0.0,0.0,0.0,0.0,0.0,8.0,6.75,1.4887947143876659,sim_input.json
119,4,3,<bidder.IntegralGreedyBidder object at 0x0000028086D3FC88>,5,True,51,1.7518865437856985,4.0,4.0,0.75,0.6,6.75,0.0,0.0,0,0.0,0.0,0.0,0.0,0.0,8.0,6.75,1.4887947143876659,sim_input.json
119,4,4,<bidder.IntegralGreedyBidder object at 0x0000028086D3FC18>,5,True,0,1.0135057376175625,6.0,6.0,0.5,0.5,5.35,1.0,1.0,1,0.5013922518159806,0.5,0.5,0.5013922518159806,0.508163924012486,7.0,5.35,9.296368977079533,sim_input.json
119,4,4,<bidder.IntegralGreedyBidder object at 0x0000028086D3FC18>,5,True,1,5.850381682740632,1.0,1.0,1,1,5.35,0.0,0.0,0,0.08199883109292813,0.0,0.0,0.08199883109292813,0.4797244594322097,7.0,5.35,9.296368977079533,sim_input.json
119,4,4,<bidder.IntegralGreedyBidder object at 0x0000028086D3FC18>,5,True,2,1.548459233296428,4.0,4.0,0.75,0.6,5.35,0.0,0.0,0,0.0031712402475114407,0.0,0.0,0.0031712402475114407,0.00491053624226034,7.0,5.35,9.296368977079533,sim_input.json
119,4,4,<bidder.IntegralGreedyBidder object at 0x0000028086D3FC18>,5,True,3,7.814663968939427,3.0,3.0,1,0.75,5.35,0.0,0.0,0,0.0,0.0,0.0,0.0,0.0,7.0,5.35,9.296368977079533,sim_input.json
119,4,4,<bidder.IntegralGreedyBidder object at 0x0000028086D3FC18>,5,True,4,0.13977371206374045,5.0,5.0,0.6,0.6,5.35,1.0,1.0,1,0.6,0.6,0.6,0.6,0.08386422723824427,7.0,5.35,9.296368977079533,sim_input.json
119,4,4,<bidder.IntegralGreedyBidder object at 0x0000028086D3FC18>,5,True,5,0.6281092382274119,3.0,3.0,1,1,5.35,1.0,1.0,1,1.0,1.0,1.0,1.0,0.6281092382274119,7.0,5.35,9.296368977079533,sim_input.json
119,4,4,<bidder.IntegralGreedyBidder object at 0x0000028086D3FC18>,5,True,6,4.636728561910443,1.0,1.0,1,1,5.35,0.0,0.0,0,0.07940991839296926,0.0,0.0,0.07940991839296926,0.368202236711658,7.0,5.35,9.296368977079533,sim_input.json
119,4,4,<bidder.IntegralGreedyBidder object at 0x0000028086D3FC18>,5,True,7,4.865264114947292,3.0,3.0,1,0.75,5.35,0.0,0.0,0,0.0,0.0,0.0,0.0,0.0,7.0,5.35,9.296368977079533,sim_input.json
119,4,4,<bidder.IntegralGreedyBidder object at 0x0000028086D3FC18>,5,True,8,2.656699629470654,2.0,2.0,1,1,5.35,0.0,0.0,0,0.03898305084745764,0.0,0.0,0.03898305084745764,0.10356625674207637,7.0,5.35,9.296368977079533,sim_input.json
119,4,4,<bidder.IntegralGreedyBidder object at 0x0000028086D3FC18>,5,True,9,7.4749301932613585,4.0,4.0,0.75,0.6,5.35,0.0,0.0,0,0.0020883777239709546,0.0,0.0,0.0020883777239709546,0.015610477703844924,7.0,5.35,9.296368977079533,sim_input.json
119,4,4,<bidder.IntegralGreedyBidder object at 0x0000028086D3FC18>,5,True,10,0.7943379889738635,3.0,3.0,1,1,5.35,1.0,1.0,1,1.0,1.0,1.0,1.0,0.7943379889738635,7.0,5.35,9.296368977079533,sim_input.json
119,4,4,<bidder.IntegralGreedyBidder object at 0x0000028086D3FC18>,5,True,11,2.754086332821963,2.0,2.0,1,1,5.35,0.0,0.0,0,0.0417675544794189,0.0,0.0,0.0417675544794189,0.11503145094716434,7.0,5.35,9.296368977079533,sim_input.json
119,4,4,<bidder.IntegralGreedyBidder object at 0x0000028086D3FC18>,5,True,12,2.1746852372898733,3.0,3.0,1,0.75,5.35,0.0,0.0,0,0.00278450363196125,0.0,0.0,0.00278450363196125,0.006055418941606165,7.0,5.35,9.296368977079533,sim_input.json
119,4,4,<bidder.IntegralGreedyBidder object at 0x0000028086D3FC18>,5,True,13,6.561020108527495,6.0,6.0,0.5,0.42857142857142855,5.35,0.0,0.0,0,0.001443816698053993,0.0,0.0,0.001443816698053993,0.009472910388960018,7.0,5.35,9.296368977079533,sim_input.json
119,4,4,<bidder.IntegralGreedyBidder object at 0x0000028086D3FC18>,5,True,14,2.643292972546533,3.0,3.0,1,0.75,5.35,0.0,0.0,0,0.001443816698053993,0.0,0.0,0.001443816698053993,0.003816430531611459,7.0,5.35,9.296368977079533,sim_input.json
119,4,4,<bidder.IntegralGreedyBidder object at 0x0000028086D3FC18>,5,True,15,6.418369464729285,3.0,3.0,1,0.75,5.35,0.0,0.0,0,0.00278450363196125,0.0,0.0,0.00278450363196125,0.017871973085807877,7.0,5.35,9.296368977079533,sim_input.json
119,4,4,<bidder.IntegralGreedyBidder object at 0x0000028086D3FC18>,5,True,16,1.1419718812212252,3.0,3.0,1,1,5.35,1.0,1.0,1,1.0,1.0,1.0,1.0,1.1419718812212252,7.0,5.35,9.296368977079533,sim_input.json
119,4,4,<bidder.IntegralGreedyBidder object at 0x0000028086D3FC18>,5,True,17,3.167515695247708,4.0,4.0,0.75,0.6,5.35,0.0,0.0,0,0.007278649819561566,0.0,0.0,0.007278649819561566,0.023055237543673158,7.0,5.35,9.296368977079533,sim_input.json
119,4,4,<bidder.IntegralGreedyBidder object at 0x0000028086D3FC18>,5,True,18,0.18690109386217035,6.0,6.0,0.5,0.5,5.35,1.0,1.0,1,0.5048008683309677,0.5,0.5,0.5048008683309677,0.09434783447363129,7.0,5.35,9.296368977079533,sim_input.json
119,4,4,<bidder.IntegralGreedyBidder object at 0x0000028086D3FC18>,5,True,19,6.393240997340507,2.0,2.0,1,1,5.35,0.0,0.0,0,0.03898305084745764,0.0,0.0,0.03898305084745764,0.24922803887937575,7.0,5.35,9.296368977079533,sim_input.json
119,4,4,<bidder.IntegralGreedyBidder object at 0x0000028086D3FC18>,5,True,20,6.954076575259914,1.0,1.0,1,1,5.35,0.0,0.0,0,0.07796610169491527,0.0,0.0,0.07796610169491527,0.5421822414609426,7.0,5.35,9.296368977079533,sim_input.json
119,4,4,<bidder.IntegralGreedyBidder object at 0x0000028086D3FC18>,5,True,21,2.2358821598848087,1.0,1.0,1,1,5.35,0.0,0.0,0,0.07796610169491527,0.0,0.0,0.07796610169491527,0.1743230158554258,7.0,5.35,9.296368977079533,sim_input.json
119,4,4,<bidder.IntegralGreedyBidder object at 0x0000028086D3FC18>,5,True,22,1.6558041015218743,3.0,3.0,1,0.75,5.35,0.0,0.0,0,0.006817233029974125,0.0,0.0,0.006817233029974125,0.011288002412061552,7.0,5.35,9.296368977079533,sim_input.json
119,4,4,<bidder.IntegralGreedyBidder object at 0x0000028086D3FC18>,5,True,23,5.858794660851899,3.0,3.0,1,0.75,5.35,0.0,0.0,0,0.00278450363196125,0.0,0.0,0.00278450363196125,0.016313835012057295,7.0,5.35,9.296368977079533,sim_input.json
119,4,4,<bidder.IntegralGreedyBidder object at 0x0000028086D3FC18>,5,True,24,2.8153860855088597,4.0,4.0,0.75,0.6,5.35,0.0,0.0,0,0.0010828625235404861,0.0,0.0,0.0010828625235404861,0.0030486760812948946,7.0,5.35,9.296368977079533,sim_input.json
119,4,4,<bidder.IntegralGreedyBidder object at 0x0000028086D3FC18>,5,True,25,4.8512376611201296,2.0,2.0,1,1,5.35,0.0,0.0,0,0.04042686754551163,0.0,0.0,0.04042686754551163,0.1961203423579011,7.0,5.35,9.296368977079533,sim_input.json
119,4,4,<bidder.IntegralGreedyBidder object at 0x0000028086D3FC18>,5,True,26,5.243695618972653,1.0,1.0,1,1,5.35,0.0,0.0,0,0.07796610169491527,0.0,0.0,0.07796610169491527,0.40883050588600356,7.0,5.35,9.296368977079533,sim_input.json
119,4,4,<bidder.IntegralGreedyBidder object at 0x0000028086D3FC18>,5,True,27,2.9320149071084463,0.0,0.0,1,1,5.35,0.0,0.0,0,0.11694915254237291,0.0,0.0,0.11694915254237291,0.342896658627937,7.0,5.35,9.296368977079533,sim_input.json
119,4,4,<bidder.IntegralGreedyBidder object at 0x0000028086D3FC18>,5,True,28,2.7548681425444075,4.0,4.0,0.75,0.6,5.35,0.0,0.0,0,0.0031712402475114407,0.0,0.0,0.0031712402475114407,0.008736348730223909,7.0,5.35,9.296368977079533,sim_input.json
119,4,4,<bidder.IntegralGreedyBidder object at 0x0000028086D3FC18>,5,True,29,7.081413686691462,3.0,3.0,1,0.75,5.35,0.0,0.0,0,0.001443816698053993,0.0,0.0,0.001443816698053993,0.01022426332667322,7.0,5.35,9.296368977079533,sim_input.json
119,4,4,<bidder.IntegralGreedyBidder object at 0x0000028086D3FC18>,5,True,30,2.5607042941407734,4.0,4.0,0.75,0.6,5.35,0.0,0.0,0,0.0010828625235404861,0.0,0.0,0.0010828625235404861,0.002772890713994237,7.0,5.35,9.296368977079533,sim_input.json
119,4,4,<bidder.IntegralGreedyBidder object at 0x0000028086D3FC18>,5,True,31,2.4314870508931516,4.0,4.0,0.75,0.6,5.35,0.0,0.0,0,0.0,0.0,0.0,0.0,0.0,7.0,5.35,9.296368977079533,sim_input.json
119,4,4,<bidder.IntegralGreedyBidder object at 0x0000028086D3FC18>,5,True,32,1.904593736409363,4.0,4.0,0.75,0.6,5.35,0.0,0.0,0,0.0021657250470809722,0.0,0.0,0.0021657250470809722,0.004124826359455293,7.0,5.35,9.296368977079533,sim_input.json
119,4,4,<bidder.IntegralGreedyBidder object at 0x0000028086D3FC18>,5,True,33,5.37007259264627,2.0,2.0,1,1,5.35,0.0,0.0,0,0.03898305084745764,0.0,0.0,0.03898305084745764,0.20934181293366821,7.0,5.35,9.296368977079533,sim_input.json
119,4,4,<bidder.IntegralGreedyBidder object at 0x0000028086D3FC18>,5,True,34,3.218045110988003,4.0,4.0,0.75,0.6,5.35,0.0,0.0,0,0.0,0.0,0.0,0.0,0.0,7.0,5.35,9.296368977079533,sim_input.json
119,4,4,<bidder.IntegralGreedyBidder object at 0x0000028086D3FC18>,5,True,35,2.9336809804496182,4.0,4.0,0.75,0.6,5.35,0.0,0.0,0,0.0031712402475114407,0.0,0.0,0.0031712402475114407,0.009303407198560654,7.0,5.35,9.296368977079533,sim_input.json
119,4,4,<bidder.IntegralGreedyBidder object at 0x0000028086D3FC18>,5,True,36,2.2510355140447142,3.0,3.0,1,0.75,5.35,0.0,0.0,0,0.004331450094161962,0.0,0.0,0.004331450094161962,0.009750247989270898,7.0,5.35,9.296368977079533,sim_input.json
119,4,4,<bidder.IntegralGreedyBidder object at 0x0000028086D3FC18>,5,True,37,5.838284291507506,6.0,6.0,0.5,0.42857142857142855,5.35,0.0,0.0,0,0.0027382730480334343,0.0,0.0,0.0027382730480334343,0.015986816522191978,7.0,5.35,9.296368977079533,sim_input.json
119,4,4,<bidder.IntegralGreedyBidder object at 0x0000028086D3FC18>,5,True,38,6.48898320614098,3.0,3.0,1,0.75,5.35,0.0,0.0,0,0.001443816698053993,0.0,0.0,0.001443816698053993,0.009368902306418283,7.0,5.35,9.296368977079533,sim_input.json
119,4,4,<bidder.IntegralGreedyBidder object at 0x0000028086D3FC18>,5,True,39,3.7153282775882426,3.0,3.0,1,0.75,5.35,0.0,0.0,0,0.0,0.0,0.0,0.0,0.0,7.0,5.35,9.296368977079533,sim_input.json
119,4,4,<bidder.IntegralGreedyBidder object at 0x0000028086D3FC18>,5,True,40,7.744860470938704,4.0,4.0,0.75,0.6,5.35,0.0,0.0,0,0.004254102771051927,0.0,0.0,0.004254102771051927,0.03294743239083087,7.0,5.35,9.296368977079533,sim_input.json
119,4,4,<bidder.IntegralGreedyBidder object at 0x0000028086D3FC18>,5,True,41,7.10387395394767,1.0,1.0,1,1,5.35,0.0,0.0,0,0.07796610169491527,0.0,0.0,0.07796610169491527,0.5538613591213439,7.0,5.35,9.296368977079533,sim_input.json
119,4,4,<bidder.IntegralGreedyBidder object at 0x0000028086D3FC18>,5,True,42,7.231438964259559,4.0,4.0,0.75,0.6,5.35,0.0,0.0,0,0.0030245470485096393,0.0,0.0,0.0030245470485096393,0.02187182737582885,7.0,5.35,9.296368977079533,sim_input.json
119,4,4,<bidder.IntegralGreedyBidder object at 0x0000028086D3FC18>,5,True,43,5.951084944240083,4.0,4.0,0.75,0.6,5.35,0.0,0.0,0,0.0,0.0,0.0,0.0,0.0,7.0,5.35,9.296368977079533,sim_input.json
119,4,4,<bidder.IntegralGreedyBidder object at 0x0000028086D3FC18>,5,True,44,5.399200740117754,3.0,3.0,1,0.75,5.35,0.0,0.0,0,0.005476546096066851,0.0,0.0,0.005476546096066851,0.02956897173517314,7.0,5.35,9.296368977079533,sim_input.json
119,4,4,<bidder.IntegralGreedyBidder object at 0x0000028086D3FC18>,5,True,45,4.8634449998191895,1.0,1.0,1,1,5.35,0.0,0.0,0,0.07796610169491527,0.0,0.0,0.07796610169491527,0.3791838474435301,7.0,5.35,9.296368977079533,sim_input.json
119,4,4,<bidder.IntegralGreedyBidder object at 0x0000028086D3FC18>,5,True,46,4.8511827475052085,1.0,1.0,1,1,5.35,0.0,0.0,0,0.07796610169491527,0.0,0.0,0.07796610169491527,0.3782278074326096,7.0,5.35,9.296368977079533,sim_input.json
119,4,4,<bidder.IntegralGreedyBidder object at 0x0000028086D3FC18>,5,True,47,1.6553284617285122,4.0,4.0,0.75,0.6,5.35,0.0,0.0,0,0.0021657250470809722,0.0,0.0,0.0021657250470809722,0.0035849863107114553,7.0,5.35,9.296368977079533,sim_input.json
119,4,4,<bidder.IntegralGreedyBidder object at 0x0000028086D3FC18>,5,True,48,6.592341936800601,2.0,2.0,1,1,5.35,0.0,0.0,0,0.03898305084745764,0.0,0.0,0.03898305084745764,0.25698960092612516,7.0,5.35,9.296368977079533,sim_input.json
119,4,4,<bidder.IntegralGreedyBidder object at 0x0000028086D3FC18>,5,True,49,3.638223897560707,3.0,3.0,1,0.75,5.35,0.0,0.0,0,0.0040327293980128584,0.0,0.0,0.0040327293980128584,0.014671972468245986,7.0,5.35,9.296368977079533,sim_input.json
119,4,4,<bidder.IntegralGreedyBidder object at 0x0000028086D3FC18>,5,True,50,7.294821838878862,1.0,1.0,1,1,5.35,0.0,0.0,0,0.08075060532687653,0.0,0.0,0.08075060532687653,0.5890612792411867,7.0,5.35,9.296368977079533,sim_input.json
119,4,4,<bidder.IntegralGreedyBidder object at 0x0000028086D3FC18>,5,True,51,0.5503759195994135,4.0,4.0,0.75,0.75,5.35,1.0,1.0,1,0.7530245470485096,0.75,0.75,0.7530245470485096,0.41444657756275527,7.0,5.35,9.296368977079533,sim_input.json
119,4,5,<bidder.UniformBidder object at 0x0000028086D3F4A8>,5,True,0,0.18368193926799636,6.0,6.0,0.5,0.5,3.75,1.0,1.0,1,0.5033292978208233,0.5,0.5,0.5033292978208233,0.0924525015141277,5.0,3.75,13.768918184856707,sim_input.json
119,4,5,<bidder.UniformBidder object at 0x0000028086D3F4A8>,5,True,1,5.265467012804321,1.0,1.0,1,1,3.75,0.0,0.0,0,0.19608416130917591,0.0,0.0,0.19608416130917591,1.0324746831068672,5.0,3.75,13.768918184856707,sim_input.json
119,4,5,<bidder.UniformBidder object at 0x0000028086D3F4A8>,5,True,2,1.6521816394467908,4.0,4.0,0.75,0.6,3.75,0.0,0.0,0,0.007583400591875183,0.0,0.0,0.007583400591875183,0.012529155222466103,5.0,3.75,13.768918184856707,sim_input.json
119,4,5,<bidder.UniformBidder object at 0x0000028086D3F4A8>,5,True,3,1.8984128859514506,3.0,3.0,1,0.75,3.75,0.0,0.0,0,0.0,0.0,0.0,0.0,0.0,5.0,3.75,13.768918184856707,sim_input.json
119,4,5,<bidder.UniformBidder object at 0x0000028086D3F4A8>,5,True,4,1.5928006711185954,5.0,5.0,0.6,0.5,3.75,0.0,0.0,0,0.0,0.0,0.0,0.0,0.0,5.0,3.75,13.768918184856707,sim_input.json
119,4,5,<bidder.UniformBidder object at 0x0000028086D3F4A8>,5,True,5,4.910524642025561,3.0,3.0,1,0.75,3.75,0.0,0.0,0,0.006658595641646466,0.0,0.0,0.006658595641646466,0.03269719797958898,5.0,3.75,13.768918184856707,sim_input.json
119,4,5,<bidder.UniformBidder object at 0x0000028086D3F4A8>,5,True,6,5.851221219861574,1.0,1.0,1,1,3.75,0.0,0.0,0,0.1898932831136221,0.0,0.0,0.1898932831136221,1.1111076076636073,5.0,3.75,13.768918184856707,sim_input.json
119,4,5,<bidder.UniformBidder object at 0x0000028086D3F4A8>,5,True,7,2.425461708816071,3.0,3.0,1,0.75,3.75,0.0,0.0,0,0.0,0.0,0.0,0.0,0.0,5.0,3.75,13.768918184856707,sim_input.json
119,4,5,<bidder.UniformBidder object at 0x0000028086D3F4A8>,5,True,8,0.3917863648925538,2.0,2.0,1,1,3.75,1.0,1.0,1,1.0,1.0,1.0,1.0,0.3917863648925538,5.0,3.75,13.768918184856707,sim_input.json
119,4,5,<bidder.UniformBidder object at 0x0000028086D3F4A8>,5,True,9,0.9732976995381614,4.0,4.0,0.75,0.6,3.75,0.0,0.0,0,0.00499394673123489,0.0,0.0,0.00499394673123489,0.0048605968651270395,5.0,3.75,13.768918184856707,sim_input.json
119,4,5,<bidder.UniformBidder object at 0x0000028086D3F4A8>,5,True,10,4.502108511790775,3.0,3.0,1,0.75,3.75,0.0,0.0,0,0.006658595641646466,0.0,0.0,0.006658595641646466,0.02997772011482951,5.0,3.75,13.768918184856707,sim_input.json
119,4,5,<bidder.UniformBidder object at 0x0000028086D3F4A8>,5,True,11,6.501752943670571,2.0,2.0,1,1,3.75,0.0,0.0,0,0.09987893462469734,0.0,0.0,0.09987893462469734,0.6493881572068064,5.0,3.75,13.768918184856707,sim_input.json
119,4,5,<bidder.UniformBidder object at 0x0000028086D3F4A8>,5,True,12,5.693742696449023,3.0,3.0,1,0.75,3.75,0.0,0.0,0,0.006658595641646466,0.0,0.0,0.006658595641646466,0.037912330303231864,5.0,3.75,13.768918184856707,sim_input.json
119,4,5,<bidder.UniformBidder object at 0x0000028086D3F4A8>,5,True,13,4.612054077377796,6.0,6.0,0.5,0.42857142857142855,3.75,0.0,0.0,0,0.003452605147520417,0.0,0.0,0.003452605147520417,0.015923601648197106,5.0,3.75,13.768918184856707,sim_input.json
119,4,5,<bidder.UniformBidder object at 0x0000028086D3F4A8>,5,True,14,6.885860304604163,3.0,3.0,1,0.75,3.75,0.0,0.0,0,0.003452605147520417,0.0,0.0,0.003452605147520417,0.02377415673278284,5.0,3.75,13.768918184856707,sim_input.json
119,4,5,<bidder.UniformBidder object at 0x0000028086D3F4A8>,5,True,15,3.163271739340688,3.0,3.0,1,0.75,3.75,0.0,0.0,0,0.006658595641646466,0.0,0.0,0.006658595641646466,0.021062947416917343,5.0,3.75,13.768918184856707,sim_input.json
119,4,5,<bidder.UniformBidder object at 0x0000028086D3F4A8>,5,True,16,6.073940278733316,3.0,3.0,1,0.75,3.75,0.0,0.0,0,0.0,0.0,0.0,0.0,0.0,5.0,3.75,13.768918184856707,sim_input.json
119,4,5,<bidder.UniformBidder object at 0x0000028086D3F4A8>,5,True,17,0.8631078181268228,4.0,4.0,0.75,0.6,3.75,0.0,0.0,0,0.017405466959821134,0.0,0.0,0.017405466959821134,0.015022794611169723,5.0,3.75,13.768918184856707,sim_input.json
119,4,5,<bidder.UniformBidder object at 0x0000028086D3F4A8>,5,True,18,4.565711890652305,6.0,6.0,0.5,0.42857142857142855,3.75,0.0,0.0,0,0.011480337313183599,0.0,0.0,0.011480337313183599,0.05241591257950169,5.0,3.75,13.768918184856707,sim_input.json
119,4,5,<bidder.UniformBidder object at 0x0000028086D3F4A8>,5,True,19,1.770169100842498,2.0,2.0,1,1,3.75,0.0,0.0,0,0.09322033898305085,0.0,0.0,0.09322033898305085,0.16501576363786,5.0,3.75,13.768918184856707,sim_input.json
119,4,5,<bidder.UniformBidder object at 0x0000028086D3F4A8>,5,True,20,2.9082035739053516,1.0,1.0,1,1,3.75,0.0,0.0,0,0.1864406779661017,0.0,0.0,0.1864406779661017,0.5422074459823537,5.0,3.75,13.768918184856707,sim_input.json
119,4,5,<bidder.UniformBidder object at 0x0000028086D3F4A8>,5,True,21,6.1801628805591955,1.0,1.0,1,1,3.75,0.0,0.0,0,0.1864406779661017,0.0,0.0,0.1864406779661017,1.1522337573923924,5.0,3.75,13.768918184856707,sim_input.json
119,4,5,<bidder.UniformBidder object at 0x0000028086D3F4A8>,5,True,22,1.9585843281420683,3.0,3.0,1,0.75,3.75,0.0,0.0,0,0.01630207898472073,0.0,0.0,0.01630207898472073,0.03192899641560818,5.0,3.75,13.768918184856707,sim_input.json
119,4,5,<bidder.UniformBidder object at 0x0000028086D3F4A8>,5,True,23,2.186930655782076,3.0,3.0,1,0.75,3.75,0.0,0.0,0,0.006658595641646466,0.0,0.0,0.006658595641646466,0.014561886933173578,5.0,3.75,13.768918184856707,sim_input.json
119,4,5,<bidder.UniformBidder object at 0x0000028086D3F4A8>,5,True,24,0.6889675214134975,4.0,4.0,0.75,0.75,3.75,1.0,1.0,1,0.7525894538606402,0.75,0.75,0.7525894538606402,0.518509690668303,5.0,3.75,13.768918184856707,sim_input.json
119,4,5,<bidder.UniformBidder object at 0x0000028086D3F4A8>,5,True,25,5.4120826711437955,2.0,2.0,1,1,3.75,0.0,0.0,0,0.09667294413057127,0.0,0.0,0.09667294413057127,0.5232019656975171,5.0,3.75,13.768918184856707,sim_input.json
119,4,5,<bidder.UniformBidder object at 0x0000028086D3F4A8>,5,True,26,2.3932979734301014,1.0,1.0,1,1,3.75,0.0,0.0,0,0.1864406779661017,0.0,0.0,0.1864406779661017,0.4462080967412054,5.0,3.75,13.768918184856707,sim_input.json
119,4,5,<bidder.UniformBidder object at 0x0000028086D3F4A8>,5,True,27,3.190986983065244,0.0,0.0,1,1,3.75,0.0,0.0,0,0.2796610169491526,0.0,0.0,0.2796610169491526,0.8923946647555344,5.0,3.75,13.768918184856707,sim_input.json
119,4,5,<bidder.UniformBidder object at 0x0000028086D3F4A8>,5,True,28,1.071064716752674,4.0,4.0,0.75,0.6,3.75,0.0,0.0,0,0.007583400591875183,0.0,0.0,0.007583400591875183,0.008122312806958852,5.0,3.75,13.768918184856707,sim_input.json
119,4,5,<bidder.UniformBidder object at 0x0000028086D3F4A8>,5,True,29,2.8096323635982143,3.0,3.0,1,0.75,3.75,0.0,0.0,0,0.003452605147520417,0.0,0.0,0.003452605147520417,0.009700551161199151,5.0,3.75,13.768918184856707,sim_input.json
119,4,5,<bidder.UniformBidder object at 0x0000028086D3F4A8>,5,True,30,3.1358007272200465,4.0,4.0,0.75,0.6,3.75,0.0,0.0,0,0.0025894538606402923,0.0,0.0,0.0025894538606402923,0.008120011299298586,5.0,3.75,13.768918184856707,sim_input.json
119,4,5,<bidder.UniformBidder object at 0x0000028086D3F4A8>,5,True,31,4.567337008594841,4.0,4.0,0.75,0.6,3.75,0.0,0.0,0,0.0,0.0,0.0,0.0,0.0,5.0,3.75,13.768918184856707,sim_input.json
119,4,5,<bidder.UniformBidder object at 0x0000028086D3F4A8>,5,True,32,4.016941760336675,4.0,4.0,0.75,0.6,3.75,0.0,0.0,0,0.005178907721280585,0.0,0.0,0.005178907721280585,0.020803370698542028,5.0,3.75,13.768918184856707,sim_input.json
119,4,5,<bidder.UniformBidder object at 0x0000028086D3F4A8>,5,True,33,3.5932248959184614,2.0,2.0,1,1,3.75,0.0,0.0,0,0.09322033898305085,0.0,0.0,0.09322033898305085,0.3349616428398566,5.0,3.75,13.768918184856707,sim_input.json
119,4,5,<bidder.UniformBidder object at 0x0000028086D3F4A8>,5,True,34,1.2950435601295696,4.0,4.0,0.75,0.6,3.75,0.0,0.0,0,0.0,0.0,0.0,0.0,0.0,5.0,3.75,13.768918184856707,sim_input.json
119,4,5,<bidder.UniformBidder object at 0x0000028086D3F4A8>,5,True,35,7.575054604078642,4.0,4.0,0.75,0.6,3.75,0.0,0.0,0,0.007583400591875183,0.0,0.0,0.007583400591875183,0.057444673568056805,5.0,3.75,13.768918184856707,sim_input.json
119,4,5,<bidder.UniformBidder object at 0x0000028086D3F4A8>,5,True,36,4.087782218974354,3.0,3.0,1,0.75,3.75,0.0,0.0,0,0.01035781544256121,0.0,0.0,0.01035781544256121,0.04234049379351969,5.0,3.75,13.768918184856707,sim_input.json
119,4,5,<bidder.UniformBidder object at 0x0000028086D3F4A8>,5,True,37,0.6180527959613906,6.0,6.0,0.5,0.5,3.75,1.0,1.0,1,0.5065480442452973,0.5,0.5,0.5065480442452973,0.3130734350345802,5.0,3.75,13.768918184856707,sim_input.json
119,4,5,<bidder.UniformBidder object at 0x0000028086D3F4A8>,5,True,38,6.13689495791064,3.0,3.0,1,0.75,3.75,0.0,0.0,0,0.003452605147520417,0.0,0.0,0.003452605147520417,0.021188275121474368,5.0,3.75,13.768918184856707,sim_input.json
119,4,5,<bidder.UniformBidder object at 0x0000028086D3F4A8>,5,True,39,1.3509383186214396,3.0,3.0,1,0.75,3.75,0.0,0.0,0,0.0,0.0,0.0,0.0,0.0,5.0,3.75,13.768918184856707,sim_input.json
119,4,5,<bidder.UniformBidder object at 0x0000028086D3F4A8>,5,True,40,4.68706292024865,4.0,4.0,0.75,0.6,3.75,0.0,0.0,0,0.010172854452515475,0.0,0.0,0.010172854452515475,0.047680808897471665,5.0,3.75,13.768918184856707,sim_input.json
119,4,5,<bidder.UniformBidder object at 0x0000028086D3F4A8>,5,True,41,7.824217270358661,1.0,1.0,1,1,3.75,0.0,0.0,0,0.1864406779661017,0.0,0.0,0.1864406779661017,1.4587523724397504,5.0,3.75,13.768918184856707,sim_input.json
119,4,5,<bidder.UniformBidder object at 0x0000028086D3F4A8>,5,True,42,6.972410195114083,4.0,4.0,0.75,0.6,3.75,0.0,0.0,0,0.007232612507305658,0.0,0.0,0.007232612507305658,0.0504287411832476,5.0,3.75,13.768918184856707,sim_input.json
119,4,5,<bidder.UniformBidder object at 0x0000028086D3F4A8>,5,True,43,3.5161361656704937,4.0,4.0,0.75,0.6,3.75,0.0,0.0,0,0.0,0.0,0.0,0.0,0.0,5.0,3.75,13.768918184856707,sim_input.json
119,4,5,<bidder.UniformBidder object at 0x0000028086D3F4A8>,5,True,44,5.399227862430765,3.0,3.0,1,0.75,3.75,0.0,0.0,0,0.013096088490594642,0.0,0.0,0.013096088490594642,0.07070876586727745,5.0,3.75,13.768918184856707,sim_input.json
119,4,5,<bidder.UniformBidder object at 0x0000028086D3F4A8>,5,True,45,6.469284010931048,1.0,1.0,1,1,3.75,0.0,0.0,0,0.1864406779661017,0.0,0.0,0.1864406779661017,1.2061376969532462,5.0,3.75,13.768918184856707,sim_input.json
119,4,5,<bidder.UniformBidder object at 0x0000028086D3F4A8>,5,True,46,3.5217855457309684,1.0,1.0,1,1,3.75,0.0,0.0,0,0.1864406779661017,0.0,0.0,0.1864406779661017,0.6566040847972991,5.0,3.75,13.768918184856707,sim_input.json
119,4,5,<bidder.UniformBidder object at 0x0000028086D3F4A8>,5,True,47,2.485296965769141,4.0,4.0,0.75,0.6,3.75,0.0,0.0,0,0.005178907721280585,0.0,0.0,0.005178907721280585,0.012871123645697013,5.0,3.75,13.768918184856707,sim_input.json
119,4,5,<bidder.UniformBidder object at 0x0000028086D3F4A8>,5,True,48,0.18033560900011292,2.0,2.0,1,1,3.75,1.0,1.0,1,1.0,1.0,1.0,1.0,0.18033560900011292,5.0,3.75,13.768918184856707,sim_input.json
119,4,5,<bidder.UniformBidder object at 0x0000028086D3F4A8>,5,True,49,1.0123701436986718,3.0,3.0,1,0.75,3.75,0.0,0.0,0,0.009643483343074225,0.0,0.0,0.009643483343074225,0.009762774617783802,5.0,3.75,13.768918184856707,sim_input.json
119,4,5,<bidder.UniformBidder object at 0x0000028086D3F4A8>,5,True,50,7.348536154903912,1.0,1.0,1,1,3.75,0.0,0.0,0,0.19309927360774817,0.0,0.0,0.19309927360774817,1.4189969935922202,5.0,3.75,13.768918184856707,sim_input.json
119,4,5,<bidder.UniformBidder object at 0x0000028086D3F4A8>,5,True,51,4.318833813623868,4.0,4.0,0.75,0.6,3.75,0.0,0.0,0,0.007232612507305658,0.0,0.0,0.007232612507305658,0.031236451457390582,5.0,3.75,13.768918184856707,sim_input.json
119,4,6,<bidder.UniformBidder object at 0x0000028086D3F5F8>,5,True,0,1.1664227615704832,6.0,6.0,0.5,0.42857142857142855,4.0,0.0,0.0,0,0.003026634382566575,0.0,0.0,0.003026634382566575,0.0035303352347774786,5.0,4.0,11.642714061171914,sim_input.json
119,4,6,<bidder.UniformBidder object at 0x0000028086D3F5F8>,5,True,1,5.8006645273076485,1.0,1.0,1,1,4.0,0.0,0.0,0,0.1782583284628872,0.0,0.0,0.1782583284628872,1.034016762611825,5.0,4.0,11.642714061171914,sim_input.json
119,4,6,<bidder.UniformBidder object at 0x0000028086D3F5F8>,5,True,2,1.5271983683736994,4.0,4.0,0.75,0.6,4.0,0.0,0.0,0,0.006894000538068348,0.0,0.0,0.006894000538068348,0.010528506373305387,5.0,4.0,11.642714061171914,sim_input.json
119,4,6,<bidder.UniformBidder object at 0x0000028086D3F5F8>,5,True,3,1.1831811687608722,3.0,3.0,1,0.75,4.0,0.0,0.0,0,0.0,0.0,0.0,0.0,0.0,5.0,4.0,11.642714061171914,sim_input.json
119,4,6,<bidder.UniformBidder object at 0x0000028086D3F5F8>,5,True,4,1.3692115498337063,5.0,5.0,0.6,0.5,4.0,0.0,0.0,0,0.0,0.0,0.0,0.0,0.0,5.0,4.0,11.642714061171914,sim_input.json
119,4,6,<bidder.UniformBidder object at 0x0000028086D3F5F8>,5,True,5,7.606223916387531,3.0,3.0,1,0.75,4.0,0.0,0.0,0,0.00605326876513315,0.0,0.0,0.00605326876513315,0.04604251765367738,5.0,4.0,11.642714061171914,sim_input.json
119,4,6,<bidder.UniformBidder object at 0x0000028086D3F5F8>,5,True,6,0.0,1.0,1.0,1,1,4.0,0.0,0.0,0,0.0,0.0,0.0,0.0,0.0,5.0,4.0,11.642714061171914,sim_input.json
119,4,6,<bidder.UniformBidder object at 0x0000028086D3F5F8>,5,True,7,3.664097501406115,3.0,3.0,1,0.75,4.0,0.0,0.0,0,0.0,0.0,0.0,0.0,0.0,5.0,4.0,11.642714061171914,sim_input.json
119,4,6,<bidder.UniformBidder object at 0x0000028086D3F5F8>,5,True,8,3.2601226837151875,2.0,2.0,1,1,4.0,0.0,0.0,0,0.0847457627118644,0.0,0.0,0.0847457627118644,0.27628158336569386,5.0,4.0,11.642714061171914,sim_input.json
119,4,6,<bidder.UniformBidder object at 0x0000028086D3F5F8>,5,True,9,1.4954164935300662,4.0,4.0,0.75,0.6,4.0,0.0,0.0,0,0.0045399515738499,0.0,0.0,0.0045399515738499,0.006789118463362924,5.0,4.0,11.642714061171914,sim_input.json
119,4,6,<bidder.UniformBidder object at 0x0000028086D3F5F8>,5,True,10,0.0,3.0,3.0,1,0.75,4.0,0.0,0.0,0,0.0,0.0,0.0,0.0,0.0,5.0,4.0,11.642714061171914,sim_input.json
119,4,6,<bidder.UniformBidder object at 0x0000028086D3F5F8>,5,True,11,6.110195880012527,2.0,2.0,1,1,4.0,0.0,0.0,0,0.09079903147699757,0.0,0.0,0.09079903147699757,0.5547998680398782,5.0,4.0,11.642714061171914,sim_input.json
119,4,6,<bidder.UniformBidder object at 0x0000028086D3F5F8>,5,True,12,5.131437756520082,3.0,3.0,1,0.75,4.0,0.0,0.0,0,0.00605326876513315,0.0,0.0,0.00605326876513315,0.03106197189176794,5.0,4.0,11.642714061171914,sim_input.json
119,4,6,<bidder.UniformBidder object at 0x0000028086D3F5F8>,5,True,13,5.930423052991093,6.0,6.0,0.5,0.42857142857142855,4.0,0.0,0.0,0,0.003138731952291288,0.0,0.0,0.003138731952291288,0.018614008327027993,5.0,4.0,11.642714061171914,sim_input.json
119,4,6,<bidder.UniformBidder object at 0x0000028086D3F5F8>,5,True,14,6.981192417347684,3.0,3.0,1,0.75,4.0,0.0,0.0,0,0.003138731952291288,0.0,0.0,0.003138731952291288,0.021912091705422833,5.0,4.0,11.642714061171914,sim_input.json
119,4,6,<bidder.UniformBidder object at 0x0000028086D3F5F8>,5,True,15,3.754127844921003,3.0,3.0,1,0.75,4.0,0.0,0.0,0,0.00605326876513315,0.0,0.0,0.00605326876513315,0.022724744823976933,5.0,4.0,11.642714061171914,sim_input.json
119,4,6,<bidder.UniformBidder object at 0x0000028086D3F5F8>,5,True,16,7.5760105141499405,3.0,3.0,1,0.75,4.0,0.0,0.0,0,0.0,0.0,0.0,0.0,0.0,5.0,4.0,11.642714061171914,sim_input.json
119,4,6,<bidder.UniformBidder object at 0x0000028086D3F5F8>,5,True,17,1.8781156929750424,4.0,4.0,0.75,0.6,4.0,0.0,0.0,0,0.015823151781655574,0.0,0.0,0.015823151781655574,0.029717709673453337,5.0,4.0,11.642714061171914,sim_input.json
119,4,6,<bidder.UniformBidder object at 0x0000028086D3F5F8>,5,True,18,0.551650813212094,6.0,6.0,0.5,0.5,4.0,1.0,1.0,1,0.5104366702847124,0.5,0.5,0.5104366702847124,0.2815828042558351,5.0,4.0,11.642714061171914,sim_input.json
119,4,6,<bidder.UniformBidder object at 0x0000028086D3F5F8>,5,True,19,0.5265116096310908,2.0,2.0,1,1,4.0,1.0,1.0,1,1.0,1.0,1.0,1.0,0.5265116096310908,5.0,4.0,11.642714061171914,sim_input.json
119,4,6,<bidder.UniformBidder object at 0x0000028086D3F5F8>,5,True,20,3.788473771395787,1.0,1.0,1,1,4.0,0.0,0.0,0,0.1694915254237288,0.0,0.0,0.1694915254237288,0.6421141985416587,5.0,4.0,11.642714061171914,sim_input.json
119,4,6,<bidder.UniformBidder object at 0x0000028086D3F5F8>,5,True,21,1.518333423136788,1.0,1.0,1,1,4.0,0.0,0.0,0,0.1694915254237288,0.0,0.0,0.1694915254237288,0.2573446479892861,5.0,4.0,11.642714061171914,sim_input.json
119,4,6,<bidder.UniformBidder object at 0x0000028086D3F5F8>,5,True,22,7.331646151784916,3.0,3.0,1,0.75,4.0,0.0,0.0,0,0.014820071804291573,0.0,0.0,0.014820071804291573,0.10865552241311045,5.0,4.0,11.642714061171914,sim_input.json
119,4,6,<bidder.UniformBidder object at 0x0000028086D3F5F8>,5,True,23,2.6674799890289194,3.0,3.0,1,0.75,4.0,0.0,0.0,0,0.00605326876513315,0.0,0.0,0.00605326876513315,0.016146973299206474,5.0,4.0,11.642714061171914,sim_input.json
119,4,6,<bidder.UniformBidder object at 0x0000028086D3F5F8>,5,True,24,1.7316067836249374,4.0,4.0,0.75,0.6,4.0,0.0,0.0,0,0.0023540489642184474,0.0,0.0,0.0023540489642184474,0.004076287155425921,5.0,4.0,11.642714061171914,sim_input.json
119,4,6,<bidder.UniformBidder object at 0x0000028086D3F5F8>,5,True,25,2.962639112727776,2.0,2.0,1,1,4.0,0.0,0.0,0,0.0878844946641557,0.0,0.0,0.0878844946641557,0.26037004129434316,5.0,4.0,11.642714061171914,sim_input.json
119,4,6,<bidder.UniformBidder object at 0x0000028086D3F5F8>,5,True,26,4.816360552470227,1.0,1.0,1,1,4.0,0.0,0.0,0,0.1694915254237288,0.0,0.0,0.1694915254237288,0.816332297028852,5.0,4.0,11.642714061171914,sim_input.json
119,4,6,<bidder.UniformBidder object at 0x0000028086D3F5F8>,5,True,27,5.0444895880217535,0.0,0.0,1,1,4.0,0.0,0.0,0,0.2542372881355932,0.0,0.0,0.2542372881355932,1.2824973528868864,5.0,4.0,11.642714061171914,sim_input.json
119,4,6,<bidder.UniformBidder object at 0x0000028086D3F5F8>,5,True,28,0.6958506487953531,4.0,4.0,0.75,0.75,4.0,1.0,1.0,1,0.7568940005380683,0.75,0.75,0.7568940005380683,0.5266851813437252,5.0,4.0,11.642714061171914,sim_input.json
119,4,6,<bidder.UniformBidder object at 0x0000028086D3F5F8>,5,True,29,1.4497248644199283,3.0,3.0,1,0.75,4.0,0.0,0.0,0,0.003138731952291288,0.0,0.0,0.003138731952291288,0.004550297753985985,5.0,4.0,11.642714061171914,sim_input.json
119,4,6,<bidder.UniformBidder object at 0x0000028086D3F5F8>,5,True,30,0.8229530317878327,4.0,4.0,0.75,0.75,4.0,1.0,1.0,1,0.7523540489642184,0.75,0.75,0.7523540489642184,0.6191520455729551,5.0,4.0,11.642714061171914,sim_input.json
119,4,6,<bidder.UniformBidder object at 0x0000028086D3F5F8>,5,True,31,1.9951782740667534,4.0,4.0,0.75,0.6,4.0,0.0,0.0,0,0.0,0.0,0.0,0.0,0.0,5.0,4.0,11.642714061171914,sim_input.json
119,4,6,<bidder.UniformBidder object at 0x0000028086D3F5F8>,5,True,32,6.4494395761304215,4.0,4.0,0.75,0.6,4.0,0.0,0.0,0,0.004708097928436895,0.0,0.0,0.004708097928436895,0.03036459310795856,5.0,4.0,11.642714061171914,sim_input.json
119,4,6,<bidder.UniformBidder object at 0x0000028086D3F5F8>,5,True,33,6.814580192873227,2.0,2.0,1,1,4.0,0.0,0.0,0,0.0847457627118644,0.0,0.0,0.0847457627118644,0.5775067960062057,5.0,4.0,11.642714061171914,sim_input.json
119,4,6,<bidder.UniformBidder object at 0x0000028086D3F5F8>,5,True,34,7.595490503309035,4.0,4.0,0.75,0.6,4.0,0.0,0.0,0,0.0,0.0,0.0,0.0,0.0,5.0,4.0,11.642714061171914,sim_input.json
119,4,6,<bidder.UniformBidder object at 0x0000028086D3F5F8>,5,True,35,0.0,4.0,4.0,0.75,0.6,4.0,0.0,0.0,0,0.0,0.0,0.0,0.0,0.0,5.0,4.0,11.642714061171914,sim_input.json
119,4,6,<bidder.UniformBidder object at 0x0000028086D3F5F8>,5,True,36,6.0382387885744215,3.0,3.0,1,0.75,4.0,0.0,0.0,0,0.009416195856873828,0.0,0.0,0.009416195856873828,0.05685723906378931,5.0,4.0,11.642714061171914,sim_input.json
119,4,6,<bidder.UniformBidder object at 0x0000028086D3F5F8>,5,True,37,0.0,6.0,6.0,0.5,0.42857142857142855,4.0,0.0,0.0,0,0.0,0.0,0.0,0.0,0.0,5.0,4.0,11.642714061171914,sim_input.json
119,4,6,<bidder.UniformBidder object at 0x0000028086D3F5F8>,5,True,38,0.0,3.0,3.0,1,0.75,4.0,0.0,0.0,0,0.0,0.0,0.0,0.0,0.0,5.0,4.0,11.642714061171914,sim_input.json
119,4,6,<bidder.UniformBidder object at 0x0000028086D3F5F8>,5,True,39,6.139758567417981,3.0,3.0,1,0.75,4.0,0.0,0.0,0,0.0,0.0,0.0,0.0,0.0,5.0,4.0,11.642714061171914,sim_input.json
119,4,6,<bidder.UniformBidder object at 0x0000028086D3F5F8>,5,True,40,2.6179792902974177,4.0,4.0,0.75,0.6,4.0,0.0,0.0,0,0.009248049502286795,0.0,0.0,0.009248049502286795,0.024211202072632172,5.0,4.0,11.642714061171914,sim_input.json
119,4,6,<bidder.UniformBidder object at 0x0000028086D3F5F8>,5,True,41,6.130875701691005,1.0,1.0,1,1,4.0,0.0,0.0,0,0.1694915254237288,0.0,0.0,0.1694915254237288,1.0391314748628822,5.0,4.0,11.642714061171914,sim_input.json
119,4,6,<bidder.UniformBidder object at 0x0000028086D3F5F8>,5,True,42,1.0112813846287065,4.0,4.0,0.75,0.6,4.0,0.0,0.0,0,0.006575102279368779,0.0,0.0,0.006575102279368779,0.006649278537155423,5.0,4.0,11.642714061171914,sim_input.json
119,4,6,<bidder.UniformBidder object at 0x0000028086D3F5F8>,5,True,43,0.0,4.0,4.0,0.75,0.6,4.0,0.0,0.0,0,0.0,0.0,0.0,0.0,0.0,5.0,4.0,11.642714061171914,sim_input.json
119,4,6,<bidder.UniformBidder object at 0x0000028086D3F5F8>,5,True,44,5.134829538283309,3.0,3.0,1,0.75,4.0,0.0,0.0,0,0.011905534991449673,0.0,0.0,0.011905534991449673,0.061132892743161305,5.0,4.0,11.642714061171914,sim_input.json
119,4,6,<bidder.UniformBidder object at 0x0000028086D3F5F8>,5,True,45,3.5919360188169676,1.0,1.0,1,1,4.0,0.0,0.0,0,0.1694915254237288,0.0,0.0,0.1694915254237288,0.6088027150537233,5.0,4.0,11.642714061171914,sim_input.json
119,4,6,<bidder.UniformBidder object at 0x0000028086D3F5F8>,5,True,46,0.0,1.0,1.0,1,1,4.0,0.0,0.0,0,0.0,0.0,0.0,0.0,0.0,5.0,4.0,11.642714061171914,sim_input.json
119,4,6,<bidder.UniformBidder object at 0x0000028086D3F5F8>,5,True,47,0.9079573961458457,4.0,4.0,0.75,0.6,4.0,0.0,0.0,0,0.004708097928436895,0.0,0.0,0.004708097928436895,0.004274752335903213,5.0,4.0,11.642714061171914,sim_input.json
119,4,6,<bidder.UniformBidder object at 0x0000028086D3F5F8>,5,True,48,6.882721108488586,2.0,2.0,1,1,4.0,0.0,0.0,0,0.0847457627118644,0.0,0.0,0.0847457627118644,0.5832814498719141,5.0,4.0,11.642714061171914,sim_input.json
119,4,6,<bidder.UniformBidder object at 0x0000028086D3F5F8>,5,True,49,0.48494346541663835,3.0,3.0,1,1,4.0,1.0,1.0,1,1.0,1.0,1.0,1.0,0.48494346541663835,5.0,4.0,11.642714061171914,sim_input.json
119,4,6,<bidder.UniformBidder object at 0x0000028086D3F5F8>,5,True,50,4.293920583009846,1.0,1.0,1,1,4.0,0.0,0.0,0,0.17554479418886196,0.0,0.0,0.17554479418886196,0.7537754050077815,5.0,4.0,11.642714061171914,sim_input.json
119,4,6,<bidder.UniformBidder object at 0x0000028086D3F5F8>,5,True,51,1.482002765525708,4.0,4.0,0.75,0.6,4.0,0.0,0.0,0,0.006575102279368779,0.0,0.0,0.006575102279368779,0.009744319761638916,5.0,4.0,11.642714061171914,sim_input.json
119,4,7,<bidder.IntegralGreedyBidder object at 0x0000028086D3FF60>,5,True,0,0.8322245455653587,6.0,6.0,0.5,0.42857142857142855,5.25,0.0,0.0,0,0.0015133171912832875,0.0,0.0,0.0015133171912832875,0.001259419711811979,6.0,5.25,6.937999817259792,sim_input.json
119,4,7,<bidder.IntegralGreedyBidder object at 0x0000028086D3FF60>,5,True,1,6.116902025068984,1.0,1.0,1,1,5.25,0.0,0.0,0,0.0891291642314436,0.0,0.0,0.0891291642314436,0.5451943651800234,6.0,5.25,6.937999817259792,sim_input.json
119,4,7,<bidder.IntegralGreedyBidder object at 0x0000028086D3FF60>,5,True,2,4.258299090184524,4.0,4.0,0.75,0.6,5.25,0.0,0.0,0,0.003447000269034174,0.0,0.0,0.003447000269034174,0.014678358109494031,6.0,5.25,6.937999817259792,sim_input.json
119,4,7,<bidder.IntegralGreedyBidder object at 0x0000028086D3FF60>,5,True,3,1.9937169530794092,3.0,3.0,1,0.75,5.25,0.0,0.0,0,0.0,0.0,0.0,0.0,0.0,6.0,5.25,6.937999817259792,sim_input.json
119,4,7,<bidder.IntegralGreedyBidder object at 0x0000028086D3FF60>,5,True,4,2.6499366701642475,5.0,5.0,0.6,0.5,5.25,0.0,0.0,0,0.0,0.0,0.0,0.0,0.0,6.0,5.25,6.937999817259792,sim_input.json
119,4,7,<bidder.IntegralGreedyBidder object at 0x0000028086D3FF60>,5,True,5,4.319182658756971,3.0,3.0,1,0.75,5.25,0.0,0.0,0,0.003026634382566575,0.0,0.0,0.003026634382566575,0.013072586739579164,6.0,5.25,6.937999817259792,sim_input.json
119,4,7,<bidder.IntegralGreedyBidder object at 0x0000028086D3FF60>,5,True,6,7.267556858997768,1.0,1.0,1,1,5.25,0.0,0.0,0,0.08631512868801004,0.0,0.0,0.08631512868801004,0.6273001055318224,6.0,5.25,6.937999817259792,sim_input.json
119,4,7,<bidder.IntegralGreedyBidder object at 0x0000028086D3FF60>,5,True,7,1.5028808714780482,3.0,3.0,1,0.75,5.25,0.0,0.0,0,0.0,0.0,0.0,0.0,0.0,6.0,5.25,6.937999817259792,sim_input.json
119,4,7,<bidder.IntegralGreedyBidder object at 0x0000028086D3FF60>,5,True,8,0.0,2.0,2.0,1,1,5.25,0.0,0.0,0,0.0,0.0,0.0,0.0,0.0,6.0,5.25,6.937999817259792,sim_input.json
119,4,7,<bidder.IntegralGreedyBidder object at 0x0000028086D3FF60>,5,True,9,0.0,4.0,4.0,0.75,0.6,5.25,0.0,0.0,0,0.0,0.0,0.0,0.0,0.0,6.0,5.25,6.937999817259792,sim_input.json
119,4,7,<bidder.IntegralGreedyBidder object at 0x0000028086D3FF60>,5,True,10,2.823987730216692,3.0,3.0,1,0.75,5.25,0.0,0.0,0,0.003026634382566575,0.0,0.0,0.003026634382566575,0.008547178360219981,6.0,5.25,6.937999817259792,sim_input.json
119,4,7,<bidder.IntegralGreedyBidder object at 0x0000028086D3FF60>,5,True,11,0.0,2.0,2.0,1,1,5.25,0.0,0.0,0,0.0,0.0,0.0,0.0,0.0,6.0,5.25,6.937999817259792,sim_input.json
119,4,7,<bidder.IntegralGreedyBidder object at 0x0000028086D3FF60>,5,True,12,6.132288288111681,3.0,3.0,1,0.75,5.25,0.0,0.0,0,0.003026634382566575,0.0,0.0,0.003026634382566575,0.018560194576609138,6.0,5.25,6.937999817259792,sim_input.json
119,4,7,<bidder.IntegralGreedyBidder object at 0x0000028086D3FF60>,5,True,13,0.9749204959063539,6.0,6.0,0.5,0.42857142857142855,5.25,0.0,0.0,0,0.001569365976145644,0.0,0.0,0.001569365976145644,0.0015300070557224704,6.0,5.25,6.937999817259792,sim_input.json
119,4,7,<bidder.IntegralGreedyBidder object at 0x0000028086D3FF60>,5,True,14,6.763129442450643,3.0,3.0,1,0.75,5.25,0.0,0.0,0,0.001569365976145644,0.0,0.0,0.001569365976145644,0.010613825239250899,6.0,5.25,6.937999817259792,sim_input.json
119,4,7,<bidder.IntegralGreedyBidder object at 0x0000028086D3FF60>,5,True,15,7.792261083208176,3.0,3.0,1,0.75,5.25,0.0,0.0,0,0.003026634382566575,0.0,0.0,0.003026634382566575,0.02358432531237333,6.0,5.25,6.937999817259792,sim_input.json
119,4,7,<bidder.IntegralGreedyBidder object at 0x0000028086D3FF60>,5,True,16,6.782838844022485,3.0,3.0,1,0.75,5.25,0.0,0.0,0,0.0,0.0,0.0,0.0,0.0,6.0,5.25,6.937999817259792,sim_input.json
119,4,7,<bidder.IntegralGreedyBidder object at 0x0000028086D3FF60>,5,True,17,1.5434405573955985,4.0,4.0,0.75,0.6,5.25,0.0,0.0,0,0.007911575890827787,0.0,0.0,0.007911575890827787,0.012211047102816818,6.0,5.25,6.937999817259792,sim_input.json
119,4,7,<bidder.IntegralGreedyBidder object at 0x0000028086D3FF60>,5,True,18,1.968510044627175,6.0,6.0,0.5,0.42857142857142855,5.25,0.0,0.0,0,0.005218335142356181,0.0,0.0,0.005218335142356181,0.010272345143959121,6.0,5.25,6.937999817259792,sim_input.json
119,4,7,<bidder.IntegralGreedyBidder object at 0x0000028086D3FF60>,5,True,19,7.770488285371339,2.0,2.0,1,1,5.25,0.0,0.0,0,0.0423728813559322,0.0,0.0,0.0423728813559322,0.3292579781937008,6.0,5.25,6.937999817259792,sim_input.json
119,4,7,<bidder.IntegralGreedyBidder object at 0x0000028086D3FF60>,5,True,20,4.93237701949538,1.0,1.0,1,1,5.25,0.0,0.0,0,0.0847457627118644,0.0,0.0,0.0847457627118644,0.4179980524996085,6.0,5.25,6.937999817259792,sim_input.json
119,4,7,<bidder.IntegralGreedyBidder object at 0x0000028086D3FF60>,5,True,21,0.0,1.0,1.0,1,1,5.25,0.0,0.0,0,0.0,0.0,0.0,0.0,0.0,6.0,5.25,6.937999817259792,sim_input.json
119,4,7,<bidder.IntegralGreedyBidder object at 0x0000028086D3FF60>,5,True,22,0.4400073669188742,3.0,3.0,1,1,5.25,1.0,1.0,1,1.0,1.0,1.0,1.0,0.4400073669188742,6.0,5.25,6.937999817259792,sim_input.json
119,4,7,<bidder.IntegralGreedyBidder object at 0x0000028086D3FF60>,5,True,23,0.6167372432945791,3.0,3.0,1,0.75,5.25,0.0,0.0,0,0.003026634382566575,0.0,0.0,0.003026634382566575,0.0018666381455647002,6.0,5.25,6.937999817259792,sim_input.json
119,4,7,<bidder.IntegralGreedyBidder object at 0x0000028086D3FF60>,5,True,24,1.5916134871314829,4.0,4.0,0.75,0.6,5.25,0.0,0.0,0,0.0011770244821092237,0.0,0.0,0.0011770244821092237,0.0018733680404089891,6.0,5.25,6.937999817259792,sim_input.json
119,4,7,<bidder.IntegralGreedyBidder object at 0x0000028086D3FF60>,5,True,25,2.704527821904406,2.0,2.0,1,1,5.25,0.0,0.0,0,0.04394224733207785,0.0,0.0,0.04394224733207785,0.1188430304666092,6.0,5.25,6.937999817259792,sim_input.json
119,4,7,<bidder.IntegralGreedyBidder object at 0x0000028086D3FF60>,5,True,26,0.5881556747653515,1.0,1.0,1,1,5.25,1.0,1.0,1,1.0,1.0,1.0,1.0,0.5881556747653515,6.0,5.25,6.937999817259792,sim_input.json
119,4,7,<bidder.IntegralGreedyBidder object at 0x0000028086D3FF60>,5,True,27,3.930190115516174,0.0,0.0,1,1,5.25,0.0,0.0,0,0.1271186440677966,0.0,0.0,0.1271186440677966,0.49960043841307294,6.0,5.25,6.937999817259792,sim_input.json
119,4,7,<bidder.IntegralGreedyBidder object at 0x0000028086D3FF60>,5,True,28,0.7656107147722929,4.0,4.0,0.75,0.6,5.25,0.0,0.0,0,0.003447000269034174,0.0,0.0,0.003447000269034174,0.0026390603397955397,6.0,5.25,6.937999817259792,sim_input.json
119,4,7,<bidder.IntegralGreedyBidder object at 0x0000028086D3FF60>,5,True,29,0.7268206560279129,3.0,3.0,1,0.75,5.25,0.0,0.0,0,0.001569365976145644,0.0,0.0,0.001569365976145644,0.0011406476083300628,6.0,5.25,6.937999817259792,sim_input.json
119,4,7,<bidder.IntegralGreedyBidder object at 0x0000028086D3FF60>,5,True,30,6.892795458188118,4.0,4.0,0.75,0.6,5.25,0.0,0.0,0,0.0011770244821092237,0.0,0.0,0.0011770244821092237,0.00811298900445868,6.0,5.25,6.937999817259792,sim_input.json
119,4,7,<bidder.IntegralGreedyBidder object at 0x0000028086D3FF60>,5,True,31,0.37940666161382597,4.0,4.0,0.75,0.75,5.25,1.0,1.0,1,0.75,0.75,0.75,0.75,0.2845549962103695,6.0,5.25,6.937999817259792,sim_input.json
119,4,7,<bidder.IntegralGreedyBidder object at 0x0000028086D3FF60>,5,True,32,4.9369648679482845,4.0,4.0,0.75,0.6,5.25,0.0,0.0,0,0.0023540489642184474,0.0,0.0,0.0023540489642184474,0.011621857033776523,6.0,5.25,6.937999817259792,sim_input.json
119,4,7,<bidder.IntegralGreedyBidder object at 0x0000028086D3FF60>,5,True,33,3.926515362770542,2.0,2.0,1,1,5.25,0.0,0.0,0,0.0423728813559322,0.0,0.0,0.0423728813559322,0.16637776960892126,6.0,5.25,6.937999817259792,sim_input.json
119,4,7,<bidder.IntegralGreedyBidder object at 0x0000028086D3FF60>,5,True,34,4.374340535308233,4.0,4.0,0.75,0.6,5.25,0.0,0.0,0,0.0,0.0,0.0,0.0,0.0,6.0,5.25,6.937999817259792,sim_input.json
119,4,7,<bidder.IntegralGreedyBidder object at 0x0000028086D3FF60>,5,True,35,7.84418020397049,4.0,4.0,0.75,0.6,5.25,0.0,0.0,0,0.003447000269034174,0.0,0.0,0.003447000269034174,0.02703889127343882,6.0,5.25,6.937999817259792,sim_input.json
119,4,7,<bidder.IntegralGreedyBidder object at 0x0000028086D3FF60>,5,True,36,1.72691082431216,3.0,3.0,1,0.75,5.25,0.0,0.0,0,0.004708097928436914,0.0,0.0,0.004708097928436914,0.008130465274539363,6.0,5.25,6.937999817259792,sim_input.json
119,4,7,<bidder.IntegralGreedyBidder object at 0x0000028086D3FF60>,5,True,37,0.7366006492993412,6.0,6.0,0.5,0.42857142857142855,5.25,0.0,0.0,0,0.0029763837478624278,0.0,0.0,0.0029763837478624278,0.002192406201239471,6.0,5.25,6.937999817259792,sim_input.json
119,4,7,<bidder.IntegralGreedyBidder object at 0x0000028086D3FF60>,5,True,38,0.7786076332243672,3.0,3.0,1,0.75,5.25,0.0,0.0,0,0.001569365976145644,0.0,0.0,0.001569365976145644,0.0012219203283496086,6.0,5.25,6.937999817259792,sim_input.json
119,4,7,<bidder.IntegralGreedyBidder object at 0x0000028086D3FF60>,5,True,39,2.631485779300926,3.0,3.0,1,0.75,5.25,0.0,0.0,0,0.0,0.0,0.0,0.0,0.0,6.0,5.25,6.937999817259792,sim_input.json
119,4,7,<bidder.IntegralGreedyBidder object at 0x0000028086D3FF60>,5,True,40,0.9617027687681754,4.0,4.0,0.75,0.6,5.25,0.0,0.0,0,0.0046240247511433975,0.0,0.0,0.0046240247511433975,0.004446937406027179,6.0,5.25,6.937999817259792,sim_input.json
119,4,7,<bidder.IntegralGreedyBidder object at 0x0000028086D3FF60>,5,True,41,6.061796571888557,1.0,1.0,1,1,5.25,0.0,0.0,0,0.0847457627118644,0.0,0.0,0.0847457627118644,0.5137115738888608,6.0,5.25,6.937999817259792,sim_input.json
119,4,7,<bidder.IntegralGreedyBidder object at 0x0000028086D3FF60>,5,True,42,0.2408608161109681,4.0,4.0,0.75,0.75,5.25,1.0,1.0,1,0.7532875511396844,0.75,0.75,0.7532875511396844,0.181437454333737,6.0,5.25,6.937999817259792,sim_input.json
119,4,7,<bidder.IntegralGreedyBidder object at 0x0000028086D3FF60>,5,True,43,0.14454156733655688,4.0,4.0,0.75,0.75,5.25,1.0,1.0,1,0.75,0.75,0.75,0.75,0.10840617550241766,6.0,5.25,6.937999817259792,sim_input.json
119,4,7,<bidder.IntegralGreedyBidder object at 0x0000028086D3FF60>,5,True,44,1.3908061925022384,3.0,3.0,1,0.75,5.25,0.0,0.0,0,0.0059527674957248365,0.0,0.0,0.0059527674957248365,0.008279145895580145,6.0,5.25,6.937999817259792,sim_input.json
119,4,7,<bidder.IntegralGreedyBidder object at 0x0000028086D3FF60>,5,True,45,3.679357886724361,1.0,1.0,1,1,5.25,0.0,0.0,0,0.0847457627118644,0.0,0.0,0.0847457627118644,0.31180999040036955,6.0,5.25,6.937999817259792,sim_input.json
119,4,7,<bidder.IntegralGreedyBidder object at 0x0000028086D3FF60>,5,True,46,7.6493047377690715,1.0,1.0,1,1,5.25,0.0,0.0,0,0.0847457627118644,0.0,0.0,0.0847457627118644,0.6482461642177179,6.0,5.25,6.937999817259792,sim_input.json
119,4,7,<bidder.IntegralGreedyBidder object at 0x0000028086D3FF60>,5,True,47,0.6859058503988842,4.0,4.0,0.75,0.6,5.25,0.0,0.0,0,0.0023540489642184474,0.0,0.0,0.0023540489642184474,0.0016146559566828666,6.0,5.25,6.937999817259792,sim_input.json
119,4,7,<bidder.IntegralGreedyBidder object at 0x0000028086D3FF60>,5,True,48,0.0,2.0,2.0,1,1,5.25,0.0,0.0,0,0.0,0.0,0.0,0.0,0.0,6.0,5.25,6.937999817259792,sim_input.json
119,4,7,<bidder.IntegralGreedyBidder object at 0x0000028086D3FF60>,5,True,49,0.5153989845329688,3.0,3.0,1,1,5.25,1.0,1.0,1,1.0,1.0,1.0,1.0,0.5153989845329688,6.0,5.25,6.937999817259792,sim_input.json
119,4,7,<bidder.IntegralGreedyBidder object at 0x0000028086D3FF60>,5,True,50,4.929780328357921,1.0,1.0,1,1,5.25,0.0,0.0,0,0.08777239709443098,0.0,0.0,0.08777239709443098,0.4326986365689458,6.0,5.25,6.937999817259792,sim_input.json
119,4,7,<bidder.IntegralGreedyBidder object at 0x0000028086D3FF60>,5,True,51,4.408384706612567,4.0,4.0,0.75,0.6,5.25,0.0,0.0,0,0.0032875511396843896,0.0,0.0,0.0032875511396843896,0.01449279016639138,6.0,5.25,6.937999817259792,sim_input.json
119,4,8,<bidder.UniformBidder object at 0x0000028086D3FEF0>,5,True,0,3.4638643938506384,6.0,6.0,0.5,0.42857142857142855,4.25,0.0,0.0,0,0.002723970944309918,0.0,0.0,0.002723970944309918,0.009435465963878824,5.0,4.25,11.533963280554179,sim_input.json
119,4,8,<bidder.UniformBidder object at 0x0000028086D3FEF0>,5,True,1,4.978681513221737,1.0,1.0,1,1,4.25,0.0,0.0,0,0.1604324956165985,0.0,0.0,0.1604324956165985,0.7987423000463864,5.0,4.25,11.533963280554179,sim_input.json
119,4,8,<bidder.UniformBidder object at 0x0000028086D3FEF0>,5,True,2,2.8666987416348744,4.0,4.0,0.75,0.6,4.25,0.0,0.0,0,0.006204600484261513,0.0,0.0,0.006204600484261513,0.01778672040057961,5.0,4.25,11.533963280554179,sim_input.json
119,4,8,<bidder.UniformBidder object at 0x0000028086D3FEF0>,5,True,3,4.103733589506909,3.0,3.0,1,0.75,4.25,0.0,0.0,0,0.0,0.0,0.0,0.0,0.0,5.0,4.25,11.533963280554179,sim_input.json
119,4,8,<bidder.UniformBidder object at 0x0000028086D3FEF0>,5,True,4,2.5476807361597467,5.0,5.0,0.6,0.5,4.25,0.0,0.0,0,0.0,0.0,0.0,0.0,0.0,5.0,4.25,11.533963280554179,sim_input.json
119,4,8,<bidder.UniformBidder object at 0x0000028086D3FEF0>,5,True,5,2.442025526192703,3.0,3.0,1,0.75,4.25,0.0,0.0,0,0.005447941888619836,0.0,0.0,0.005447941888619836,0.013304013157224123,5.0,4.25,11.533963280554179,sim_input.json
119,4,8,<bidder.UniformBidder object at 0x0000028086D3FEF0>,5,True,6,4.427718726554511,1.0,1.0,1,1,4.25,0.0,0.0,0,0.1553672316384181,0.0,0.0,0.1553672316384181,0.6879224010183563,5.0,4.25,11.533963280554179,sim_input.json
119,4,8,<bidder.UniformBidder object at 0x0000028086D3FEF0>,5,True,7,6.145951194026336,3.0,3.0,1,0.75,4.25,0.0,0.0,0,0.0,0.0,0.0,0.0,0.0,5.0,4.25,11.533963280554179,sim_input.json
119,4,8,<bidder.UniformBidder object at 0x0000028086D3FEF0>,5,True,8,7.913581829004537,2.0,2.0,1,1,4.25,0.0,0.0,0,0.07627118644067797,0.0,0.0,0.07627118644067797,0.6035782750935664,5.0,4.25,11.533963280554179,sim_input.json
119,4,8,<bidder.UniformBidder object at 0x0000028086D3FEF0>,5,True,9,0.9304634539869234,4.0,4.0,0.75,0.6,4.25,0.0,0.0,0,0.00408595641646491,0.0,0.0,0.00408595641646491,0.0038018331201039725,5.0,4.25,11.533963280554179,sim_input.json
119,4,8,<bidder.UniformBidder object at 0x0000028086D3FEF0>,5,True,10,7.6072106593402005,3.0,3.0,1,0.75,4.25,0.0,0.0,0,0.005447941888619836,0.0,0.0,0.005447941888619836,0.0414436416065748,5.0,4.25,11.533963280554179,sim_input.json
119,4,8,<bidder.UniformBidder object at 0x0000028086D3FEF0>,5,True,11,6.243894166238787,2.0,2.0,1,1,4.25,0.0,0.0,0,0.08171912832929783,0.0,0.0,0.08171912832929783,0.5102455886454215,5.0,4.25,11.533963280554179,sim_input.json
119,4,8,<bidder.UniformBidder object at 0x0000028086D3FEF0>,5,True,12,7.1724308074083885,3.0,3.0,1,0.75,4.25,0.0,0.0,0,0.005447941888619836,0.0,0.0,0.005447941888619836,0.03907498623890755,5.0,4.25,11.533963280554179,sim_input.json
119,4,8,<bidder.UniformBidder object at 0x0000028086D3FEF0>,5,True,13,0.0,6.0,6.0,0.5,0.42857142857142855,4.25,0.0,0.0,0,0.0,0.0,0.0,0.0,0.0,5.0,4.25,11.533963280554179,sim_input.json
119,4,8,<bidder.UniformBidder object at 0x0000028086D3FEF0>,5,True,14,2.783944065437799,3.0,3.0,1,0.75,4.25,0.0,0.0,0,0.0028248587570621595,0.0,0.0,0.0028248587570621595,0.007864248772423196,5.0,4.25,11.533963280554179,sim_input.json
119,4,8,<bidder.UniformBidder object at 0x0000028086D3FEF0>,5,True,15,4.659338932760552,3.0,3.0,1,0.75,4.25,0.0,0.0,0,0.005447941888619836,0.0,0.0,0.005447941888619836,0.025383807745063457,5.0,4.25,11.533963280554179,sim_input.json
119,4,8,<bidder.UniformBidder object at 0x0000028086D3FEF0>,5,True,16,0.0,3.0,3.0,1,0.75,4.25,0.0,0.0,0,0.0,0.0,0.0,0.0,0.0,5.0,4.25,11.533963280554179,sim_input.json
119,4,8,<bidder.UniformBidder object at 0x0000028086D3FEF0>,5,True,17,0.0,4.0,4.0,0.75,0.6,4.25,0.0,0.0,0,0.0,0.0,0.0,0.0,0.0,5.0,4.25,11.533963280554179,sim_input.json
119,4,8,<bidder.UniformBidder object at 0x0000028086D3FEF0>,5,True,18,6.703961672066081,6.0,6.0,0.5,0.42857142857142855,4.25,0.0,0.0,0,0.009393003256241126,0.0,0.0,0.009393003256241126,0.0629703338154324,5.0,4.25,11.533963280554179,sim_input.json
119,4,8,<bidder.UniformBidder object at 0x0000028086D3FEF0>,5,True,19,4.2704579074113935,2.0,2.0,1,1,4.25,0.0,0.0,0,0.07627118644067797,0.0,0.0,0.07627118644067797,0.3257128912432419,5.0,4.25,11.533963280554179,sim_input.json
119,4,8,<bidder.UniformBidder object at 0x0000028086D3FEF0>,5,True,20,2.51106954387557,1.0,1.0,1,1,4.25,0.0,0.0,0,0.15254237288135594,0.0,0.0,0.15254237288135594,0.3830445066928836,5.0,4.25,11.533963280554179,sim_input.json
119,4,8,<bidder.UniformBidder object at 0x0000028086D3FEF0>,5,True,21,2.3210903829739364,1.0,1.0,1,1,4.25,0.0,0.0,0,0.15254237288135594,0.0,0.0,0.15254237288135594,0.35406463469093946,5.0,4.25,11.533963280554179,sim_input.json
119,4,8,<bidder.UniformBidder object at 0x0000028086D3FEF0>,5,True,22,1.601820842889686,3.0,3.0,1,0.75,4.25,0.0,0.0,0,0.013338064623862417,0.0,0.0,0.013338064623862417,0.0213651899183124,5.0,4.25,11.533963280554179,sim_input.json
119,4,8,<bidder.UniformBidder object at 0x0000028086D3FEF0>,5,True,23,1.5223686136335957,3.0,3.0,1,0.75,4.25,0.0,0.0,0,0.005447941888619836,0.0,0.0,0.005447941888619836,0.008293775740134573,5.0,4.25,11.533963280554179,sim_input.json
119,4,8,<bidder.UniformBidder object at 0x0000028086D3FEF0>,5,True,24,1.1585439467677126,4.0,4.0,0.75,0.6,4.25,0.0,0.0,0,0.002118644067796603,0.0,0.0,0.002118644067796603,0.0024545422601010775,5.0,4.25,11.533963280554179,sim_input.json
119,4,8,<bidder.UniformBidder object at 0x0000028086D3FEF0>,5,True,25,1.3889303989513055,2.0,2.0,1,1,4.25,0.0,0.0,0,0.07909604519774013,0.0,0.0,0.07909604519774013,0.1098589016119677,5.0,4.25,11.533963280554179,sim_input.json
119,4,8,<bidder.UniformBidder object at 0x0000028086D3FEF0>,5,True,26,6.144466803117574,1.0,1.0,1,1,4.25,0.0,0.0,0,0.15254237288135594,0.0,0.0,0.15254237288135594,0.937291546238274,5.0,4.25,11.533963280554179,sim_input.json
119,4,8,<bidder.UniformBidder object at 0x0000028086D3FEF0>,5,True,27,4.508590087216147,0.0,0.0,1,1,4.25,0.0,0.0,0,0.2288135593220339,0.0,0.0,0.2288135593220339,1.0316265453799658,5.0,4.25,11.533963280554179,sim_input.json
119,4,8,<bidder.UniformBidder object at 0x0000028086D3FEF0>,5,True,28,5.13993464961999,4.0,4.0,0.75,0.6,4.25,0.0,0.0,0,0.006204600484261513,0.0,0.0,0.006204600484261513,0.03189124101610472,5.0,4.25,11.533963280554179,sim_input.json
119,4,8,<bidder.UniformBidder object at 0x0000028086D3FEF0>,5,True,29,3.6732310910195345,3.0,3.0,1,0.75,4.25,0.0,0.0,0,0.0028248587570621595,0.0,0.0,0.0028248587570621595,0.010376359014179522,5.0,4.25,11.533963280554179,sim_input.json
119,4,8,<bidder.UniformBidder object at 0x0000028086D3FEF0>,5,True,30,6.815250001300434,4.0,4.0,0.75,0.6,4.25,0.0,0.0,0,0.002118644067796603,0.0,0.0,0.002118644067796603,0.014439088985805955,5.0,4.25,11.533963280554179,sim_input.json
119,4,8,<bidder.UniformBidder object at 0x0000028086D3FEF0>,5,True,31,1.1636193305476206,4.0,4.0,0.75,0.6,4.25,0.0,0.0,0,0.0,0.0,0.0,0.0,0.0,5.0,4.25,11.533963280554179,sim_input.json
119,4,8,<bidder.UniformBidder object at 0x0000028086D3FEF0>,5,True,32,0.0,4.0,4.0,0.75,0.6,4.25,0.0,0.0,0,0.0,0.0,0.0,0.0,0.0,5.0,4.25,11.533963280554179,sim_input.json
119,4,8,<bidder.UniformBidder object at 0x0000028086D3FEF0>,5,True,33,0.42900638840413885,2.0,2.0,1,1,4.25,1.0,1.0,1,1.0,1.0,1.0,1.0,0.42900638840413885,5.0,4.25,11.533963280554179,sim_input.json
119,4,8,<bidder.UniformBidder object at 0x0000028086D3FEF0>,5,True,34,0.845522108817456,4.0,4.0,0.75,0.75,4.25,1.0,1.0,1,0.75,0.75,0.75,0.75,0.634141581613092,5.0,4.25,11.533963280554179,sim_input.json
119,4,8,<bidder.UniformBidder object at 0x0000028086D3FEF0>,5,True,35,1.30384917599592,4.0,4.0,0.75,0.6,4.25,0.0,0.0,0,0.006204600484261513,0.0,0.0,0.006204600484261513,0.00808986322878826,5.0,4.25,11.533963280554179,sim_input.json
119,4,8,<bidder.UniformBidder object at 0x0000028086D3FEF0>,5,True,36,7.776932898025709,3.0,3.0,1,0.75,4.25,0.0,0.0,0,0.008474576271186446,0.0,0.0,0.008474576271186446,0.06590621100021792,5.0,4.25,11.533963280554179,sim_input.json
119,4,8,<bidder.UniformBidder object at 0x0000028086D3FEF0>,5,True,37,0.9742959288669915,6.0,6.0,0.5,0.42857142857142855,4.25,0.0,0.0,0,0.00535749074615237,0.0,0.0,0.00535749074615237,0.005219781422918835,5.0,4.25,11.533963280554179,sim_input.json
119,4,8,<bidder.UniformBidder object at 0x0000028086D3FEF0>,5,True,38,0.9056749002782531,3.0,3.0,1,1,4.25,1.0,1.0,1,1.0,1.0,1.0,1.0,0.9056749002782531,5.0,4.25,11.533963280554179,sim_input.json
119,4,8,<bidder.UniformBidder object at 0x0000028086D3FEF0>,5,True,39,6.278597599675049,3.0,3.0,1,0.75,4.25,0.0,0.0,0,0.0,0.0,0.0,0.0,0.0,5.0,4.25,11.533963280554179,sim_input.json
119,4,8,<bidder.UniformBidder object at 0x0000028086D3FEF0>,5,True,40,1.5139044695200274,4.0,4.0,0.75,0.6,4.25,0.0,0.0,0,0.008323244552058117,0.0,0.0,0.008323244552058117,0.012600597128269001,5.0,4.25,11.533963280554179,sim_input.json
119,4,8,<bidder.UniformBidder object at 0x0000028086D3FEF0>,5,True,41,3.630973724675969,1.0,1.0,1,1,4.25,0.0,0.0,0,0.15254237288135594,0.0,0.0,0.15254237288135594,0.5538773478319275,5.0,4.25,11.533963280554179,sim_input.json
119,4,8,<bidder.UniformBidder object at 0x0000028086D3FEF0>,5,True,42,1.240254553799766,4.0,4.0,0.75,0.6,4.25,0.0,0.0,0,0.005917592051431902,0.0,0.0,0.005917592051431902,0.007339320489317716,5.0,4.25,11.533963280554179,sim_input.json
119,4,8,<bidder.UniformBidder object at 0x0000028086D3FEF0>,5,True,43,0.9084847353267997,4.0,4.0,0.75,0.75,4.25,1.0,1.0,1,0.75,0.75,0.75,0.75,0.6813635514950998,5.0,4.25,11.533963280554179,sim_input.json
119,4,8,<bidder.UniformBidder object at 0x0000028086D3FEF0>,5,True,44,3.2366626963765492,3.0,3.0,1,0.75,4.25,0.0,0.0,0,0.010714981492304708,0.0,0.0,0.010714981492304708,0.034680780888507776,5.0,4.25,11.533963280554179,sim_input.json
119,4,8,<bidder.UniformBidder object at 0x0000028086D3FEF0>,5,True,45,2.502729562948682,1.0,1.0,1,1,4.25,0.0,0.0,0,0.15254237288135594,0.0,0.0,0.15254237288135594,0.3817723062125108,5.0,4.25,11.533963280554179,sim_input.json
119,4,8,<bidder.UniformBidder object at 0x0000028086D3FEF0>,5,True,46,4.583669465644439,1.0,1.0,1,1,4.25,0.0,0.0,0,0.15254237288135594,0.0,0.0,0.15254237288135594,0.6992038167932195,5.0,4.25,11.533963280554179,sim_input.json
119,4,8,<bidder.UniformBidder object at 0x0000028086D3FEF0>,5,True,47,0.28864254584460136,4.0,4.0,0.75,0.75,4.25,1.0,1.0,1,0.7542372881355932,0.75,0.75,0.7542372881355932,0.21770497101838576,5.0,4.25,11.533963280554179,sim_input.json
119,4,8,<bidder.UniformBidder object at 0x0000028086D3FEF0>,5,True,48,7.829453320717219,2.0,2.0,1,1,4.25,0.0,0.0,0,0.07627118644067797,0.0,0.0,0.07627118644067797,0.5971616939530082,5.0,4.25,11.533963280554179,sim_input.json
119,4,8,<bidder.UniformBidder object at 0x0000028086D3FEF0>,5,True,49,1.2931689567964035,3.0,3.0,1,0.75,4.25,0.0,0.0,0,0.007890122735242547,0.0,0.0,0.007890122735242547,0.01020326178652919,5.0,4.25,11.533963280554179,sim_input.json
119,4,8,<bidder.UniformBidder object at 0x0000028086D3FEF0>,5,True,50,1.4496145637247504,1.0,1.0,1,1,4.25,0.0,0.0,0,0.15799031476997577,0.0,0.0,0.15799031476997577,0.22902506121801441,5.0,4.25,11.533963280554179,sim_input.json
119,4,8,<bidder.UniformBidder object at 0x0000028086D3FEF0>,5,True,51,1.5241009007994788,4.0,4.0,0.75,0.6,4.25,0.0,0.0,0,0.005917592051431902,0.0,0.0,0.005917592051431902,0.009019007376151198,5.0,4.25,11.533963280554179,sim_input.json
119,4,9,<bidder.IntegralGreedyBidder object at 0x0000028086D3FEB8>,5,True,0,0.911210477782575,6.0,6.0,0.5,0.42857142857142855,6.75,0.0,0.0,0,0.0,0.0,0.0,0.0,0.0,8.0,6.75,1.558208910513425,sim_input.json
119,4,9,<bidder.IntegralGreedyBidder object at 0x0000028086D3FEB8>,5,True,1,7.586192320334285,1.0,1.0,1,1,6.75,0.0,0.0,0,0.0,0.0,0.0,0.0,0.0,8.0,6.75,1.558208910513425,sim_input.json
119,4,9,<bidder.IntegralGreedyBidder object at 0x0000028086D3FEB8>,5,True,2,7.591884420903634,4.0,4.0,0.75,0.6,6.75,0.0,0.0,0,0.0,0.0,0.0,0.0,0.0,8.0,6.75,1.558208910513425,sim_input.json
119,4,9,<bidder.IntegralGreedyBidder object at 0x0000028086D3FEB8>,5,True,3,6.667389806648604,3.0,3.0,1,0.75,6.75,0.0,0.0,0,0.0,0.0,0.0,0.0,0.0,8.0,6.75,1.558208910513425,sim_input.json
119,4,9,<bidder.IntegralGreedyBidder object at 0x0000028086D3FEB8>,5,True,4,7.394317047948495,5.0,5.0,0.6,0.5,6.75,0.0,0.0,0,0.0,0.0,0.0,0.0,0.0,8.0,6.75,1.558208910513425,sim_input.json
119,4,9,<bidder.IntegralGreedyBidder object at 0x0000028086D3FEB8>,5,True,5,3.8428170141207634,3.0,3.0,1,0.75,6.75,0.0,0.0,0,0.0,0.0,0.0,0.0,0.0,8.0,6.75,1.558208910513425,sim_input.json
119,4,9,<bidder.IntegralGreedyBidder object at 0x0000028086D3FEB8>,5,True,6,3.0270185660358573,1.0,1.0,1,1,6.75,0.0,0.0,0,0.0,0.0,0.0,0.0,0.0,8.0,6.75,1.558208910513425,sim_input.json
119,4,9,<bidder.IntegralGreedyBidder object at 0x0000028086D3FEB8>,5,True,7,7.698378118710867,3.0,3.0,1,0.75,6.75,0.0,0.0,0,0.0,0.0,0.0,0.0,0.0,8.0,6.75,1.558208910513425,sim_input.json
119,4,9,<bidder.IntegralGreedyBidder object at 0x0000028086D3FEB8>,5,True,8,7.377769333644418,2.0,2.0,1,1,6.75,0.0,0.0,0,0.0,0.0,0.0,0.0,0.0,8.0,6.75,1.558208910513425,sim_input.json
119,4,9,<bidder.IntegralGreedyBidder object at 0x0000028086D3FEB8>,5,True,9,2.880796720187288,4.0,4.0,0.75,0.6,6.75,0.0,0.0,0,0.0,0.0,0.0,0.0,0.0,8.0,6.75,1.558208910513425,sim_input.json
119,4,9,<bidder.IntegralGreedyBidder object at 0x0000028086D3FEB8>,5,True,10,6.159588142663214,3.0,3.0,1,0.75,6.75,0.0,0.0,0,0.0,0.0,0.0,0.0,0.0,8.0,6.75,1.558208910513425,sim_input.json
119,4,9,<bidder.IntegralGreedyBidder object at 0x0000028086D3FEB8>,5,True,11,3.4346387810857424,2.0,2.0,1,1,6.75,0.0,0.0,0,0.0,0.0,0.0,0.0,0.0,8.0,6.75,1.558208910513425,sim_input.json
119,4,9,<bidder.IntegralGreedyBidder object at 0x0000028086D3FEB8>,5,True,12,2.1978402060703193,3.0,3.0,1,0.75,6.75,0.0,0.0,0,0.0,0.0,0.0,0.0,0.0,8.0,6.75,1.558208910513425,sim_input.json
119,4,9,<bidder.IntegralGreedyBidder object at 0x0000028086D3FEB8>,5,True,13,0.13707127006618114,6.0,6.0,0.5,0.5,6.75,1.0,1.0,1,0.48148148148148145,0.5,0.48148148148148145,0.48148148148148145,0.06599727818001314,8.0,6.75,1.558208910513425,sim_input.json
119,4,9,<bidder.IntegralGreedyBidder object at 0x0000028086D3FEB8>,5,True,14,0.10161240436003671,3.0,3.0,1,1,6.75,1.0,1.0,1,0.9629629629629629,1.0,0.9629629629629629,0.9629629629629629,0.09784898197633164,8.0,6.75,1.558208910513425,sim_input.json
119,4,9,<bidder.IntegralGreedyBidder object at 0x0000028086D3FEB8>,5,True,15,4.44309221659889,3.0,3.0,1,0.75,6.75,0.0,0.0,0,0.0,0.0,0.0,0.0,0.0,8.0,6.75,1.558208910513425,sim_input.json
119,4,9,<bidder.IntegralGreedyBidder object at 0x0000028086D3FEB8>,5,True,16,5.765641574443897,3.0,3.0,1,0.75,6.75,0.0,0.0,0,0.0,0.0,0.0,0.0,0.0,8.0,6.75,1.558208910513425,sim_input.json
119,4,9,<bidder.IntegralGreedyBidder object at 0x0000028086D3FEB8>,5,True,17,0.27032052984916144,4.0,4.0,0.75,0.75,6.75,1.0,1.0,1,0.7222222222222222,0.75,0.7222222222222222,0.7222222222222222,0.19523149377994992,8.0,6.75,1.558208910513425,sim_input.json
119,4,9,<bidder.IntegralGreedyBidder object at 0x0000028086D3FEB8>,5,True,18,4.553444589176929,6.0,6.0,0.5,0.42857142857142855,6.75,0.0,0.0,0,0.0,0.0,0.0,0.0,0.0,8.0,6.75,1.558208910513425,sim_input.json
119,4,9,<bidder.IntegralGreedyBidder object at 0x0000028086D3FEB8>,5,True,19,3.9056712475906665,2.0,2.0,1,1,6.75,0.0,0.0,0,0.0,0.0,0.0,0.0,0.0,8.0,6.75,1.558208910513425,sim_input.json
119,4,9,<bidder.IntegralGreedyBidder object at 0x0000028086D3FEB8>,5,True,20,6.327270076237591,1.0,1.0,1,1,6.75,0.0,0.0,0,0.0,0.0,0.0,0.0,0.0,8.0,6.75,1.558208910513425,sim_input.json
119,4,9,<bidder.IntegralGreedyBidder object at 0x0000028086D3FEB8>,5,True,21,2.1942793740348643,1.0,1.0,1,1,6.75,0.0,0.0,0,0.0,0.0,0.0,0.0,0.0,8.0,6.75,1.558208910513425,sim_input.json
119,4,9,<bidder.IntegralGreedyBidder object at 0x0000028086D3FEB8>,5,True,22,2.172543796336675,3.0,3.0,1,0.75,6.75,0.0,0.0,0,0.0,0.0,0.0,0.0,0.0,8.0,6.75,1.558208910513425,sim_input.json
119,4,9,<bidder.IntegralGreedyBidder object at 0x0000028086D3FEB8>,5,True,23,3.1396422775750814,3.0,3.0,1,0.75,6.75,0.0,0.0,0,0.0,0.0,0.0,0.0,0.0,8.0,6.75,1.558208910513425,sim_input.json
119,4,9,<bidder.IntegralGreedyBidder object at 0x0000028086D3FEB8>,5,True,24,0.5300837873825989,4.0,4.0,0.75,0.6,6.75,0.0,0.0,0,0.0,0.0,0.0,0.0,0.0,8.0,6.75,1.558208910513425,sim_input.json
119,4,9,<bidder.IntegralGreedyBidder object at 0x0000028086D3FEB8>,5,True,25,7.781077937931317,2.0,2.0,1,1,6.75,0.0,0.0,0,0.0,0.0,0.0,0.0,0.0,8.0,6.75,1.558208910513425,sim_input.json
119,4,9,<bidder.IntegralGreedyBidder object at 0x0000028086D3FEB8>,5,True,26,1.4538311600171405,1.0,1.0,1,1,6.75,0.0,0.0,0,0.0,0.0,0.0,0.0,0.0,8.0,6.75,1.558208910513425,sim_input.json
119,4,9,<bidder.IntegralGreedyBidder object at 0x0000028086D3FEB8>,5,True,27,3.5110415149967116,0.0,0.0,1,1,6.75,0.0,0.0,0,0.0,0.0,0.0,0.0,0.0,8.0,6.75,1.558208910513425,sim_input.json
119,4,9,<bidder.IntegralGreedyBidder object at 0x0000028086D3FEB8>,5,True,28,0.236613262565323,4.0,4.0,0.75,0.75,6.75,1.0,1.0,1,0.7222222222222222,0.75,0.7222222222222222,0.7222222222222222,0.17088735629717772,8.0,6.75,1.558208910513425,sim_input.json
119,4,9,<bidder.IntegralGreedyBidder object at 0x0000028086D3FEB8>,5,True,29,0.684873717427007,3.0,3.0,1,1,6.75,1.0,1.0,1,0.9629629629629629,1.0,0.9629629629629629,0.9629629629629629,0.6595080241889697,8.0,6.75,1.558208910513425,sim_input.json
119,4,9,<bidder.IntegralGreedyBidder object at 0x0000028086D3FEB8>,5,True,30,7.958927208936179,4.0,4.0,0.75,0.6,6.75,0.0,0.0,0,0.0,0.0,0.0,0.0,0.0,8.0,6.75,1.558208910513425,sim_input.json
119,4,9,<bidder.IntegralGreedyBidder object at 0x0000028086D3FEB8>,5,True,31,2.4428990218153506,4.0,4.0,0.75,0.6,6.75,0.0,0.0,0,0.0,0.0,0.0,0.0,0.0,8.0,6.75,1.558208910513425,sim_input.json
119,4,9,<bidder.IntegralGreedyBidder object at 0x0000028086D3FEB8>,5,True,32,0.9039046848540208,4.0,4.0,0.75,0.6,6.75,0.0,0.0,0,0.0,0.0,0.0,0.0,0.0,8.0,6.75,1.558208910513425,sim_input.json
119,4,9,<bidder.IntegralGreedyBidder object at 0x0000028086D3FEB8>,5,True,33,1.4069109001200417,2.0,2.0,1,1,6.75,0.0,0.0,0,0.0,0.0,0.0,0.0,0.0,8.0,6.75,1.558208910513425,sim_input.json
119,4,9,<bidder.IntegralGreedyBidder object at 0x0000028086D3FEB8>,5,True,34,2.1020159124629267,4.0,4.0,0.75,0.6,6.75,0.0,0.0,0,0.0,0.0,0.0,0.0,0.0,8.0,6.75,1.558208910513425,sim_input.json
119,4,9,<bidder.IntegralGreedyBidder object at 0x0000028086D3FEB8>,5,True,35,3.1976556661468516,4.0,4.0,0.75,0.6,6.75,0.0,0.0,0,0.0,0.0,0.0,0.0,0.0,8.0,6.75,1.558208910513425,sim_input.json
119,4,9,<bidder.IntegralGreedyBidder object at 0x0000028086D3FEB8>,5,True,36,0.161339059402566,3.0,3.0,1,1,6.75,1.0,1.0,1,0.9629629629629629,1.0,0.9629629629629629,0.9629629629629629,0.15536353868395242,8.0,6.75,1.558208910513425,sim_input.json
119,4,9,<bidder.IntegralGreedyBidder object at 0x0000028086D3FEB8>,5,True,37,0.9174909520629521,6.0,6.0,0.5,0.42857142857142855,6.75,0.0,0.0,0,0.0,0.0,0.0,0.0,0.0,8.0,6.75,1.558208910513425,sim_input.json
119,4,9,<bidder.IntegralGreedyBidder object at 0x0000028086D3FEB8>,5,True,38,4.424242772440986,3.0,3.0,1,0.75,6.75,0.0,0.0,0,0.0,0.0,0.0,0.0,0.0,8.0,6.75,1.558208910513425,sim_input.json
119,4,9,<bidder.IntegralGreedyBidder object at 0x0000028086D3FEB8>,5,True,39,4.60173051697469,3.0,3.0,1,0.75,6.75,0.0,0.0,0,0.0,0.0,0.0,0.0,0.0,8.0,6.75,1.558208910513425,sim_input.json
119,4,9,<bidder.IntegralGreedyBidder object at 0x0000028086D3FEB8>,5,True,40,0.1344214439873439,4.0,4.0,0.75,0.75,6.75,1.0,1.0,1,0.7222222222222222,0.75,0.7222222222222222,0.7222222222222222,0.09708215399085948,8.0,6.75,1.558208910513425,sim_input.json
119,4,9,<bidder.IntegralGreedyBidder object at 0x0000028086D3FEB8>,5,True,41,2.00019766573001,1.0,1.0,1,1,6.75,0.0,0.0,0,0.0,0.0,0.0,0.0,0.0,8.0,6.75,1.558208910513425,sim_input.json
119,4,9,<bidder.IntegralGreedyBidder object at 0x0000028086D3FEB8>,5,True,42,3.1078819110001925,4.0,4.0,0.75,0.6,6.75,0.0,0.0,0,0.0,0.0,0.0,0.0,0.0,8.0,6.75,1.558208910513425,sim_input.json
119,4,9,<bidder.IntegralGreedyBidder object at 0x0000028086D3FEB8>,5,True,43,2.2307980979513373,4.0,4.0,0.75,0.6,6.75,0.0,0.0,0,0.0,0.0,0.0,0.0,0.0,8.0,6.75,1.558208910513425,sim_input.json
119,4,9,<bidder.IntegralGreedyBidder object at 0x0000028086D3FEB8>,5,True,44,0.12076277893217746,3.0,3.0,1,1,6.75,1.0,1.0,1,0.9629629629629629,1.0,0.9629629629629629,0.9629629629629629,0.11629008341617088,8.0,6.75,1.558208910513425,sim_input.json
119,4,9,<bidder.IntegralGreedyBidder object at 0x0000028086D3FEB8>,5,True,45,5.459808180703221,1.0,1.0,1,1,6.75,0.0,0.0,0,0.0,0.0,0.0,0.0,0.0,8.0,6.75,1.558208910513425,sim_input.json
119,4,9,<bidder.IntegralGreedyBidder object at 0x0000028086D3FEB8>,5,True,46,0.801031708302484,1.0,1.0,1,1,6.75,0.0,0.0,0,0.0,0.0,0.0,0.0,0.0,8.0,6.75,1.558208910513425,sim_input.json
119,4,9,<bidder.IntegralGreedyBidder object at 0x0000028086D3FEB8>,5,True,47,7.764362545731589,4.0,4.0,0.75,0.6,6.75,0.0,0.0,0,0.0,0.0,0.0,0.0,0.0,8.0,6.75,1.558208910513425,sim_input.json
119,4,9,<bidder.IntegralGreedyBidder object at 0x0000028086D3FEB8>,5,True,48,3.6628766695341826,2.0,2.0,1,1,6.75,0.0,0.0,0,0.0,0.0,0.0,0.0,0.0,8.0,6.75,1.558208910513425,sim_input.json
119,4,9,<bidder.IntegralGreedyBidder object at 0x0000028086D3FEB8>,5,True,49,0.38612248307101615,3.0,3.0,1,0.75,6.75,0.0,0.0,0,0.0,0.0,0.0,0.0,0.0,8.0,6.75,1.558208910513425,sim_input.json
119,4,9,<bidder.IntegralGreedyBidder object at 0x0000028086D3FEB8>,5,True,50,7.951647090374033,1.0,1.0,1,1,6.75,0.0,0.0,0,0.0,0.0,0.0,0.0,0.0,8.0,6.75,1.558208910513425,sim_input.json
119,4,9,<bidder.IntegralGreedyBidder object at 0x0000028086D3FEB8>,5,True,51,4.003709424792309,4.0,4.0,0.75,0.6,6.75,0.0,0.0,0,0.0,0.0,0.0,0.0,0.0,8.0,6.75,1.558208910513425,sim_input.json
119,4,10,<bidder.IntegralGreedyBidder object at 0x0000028086D3FE10>,5,True,0,6.432076246171311,6.0,6.0,0.5,0.42857142857142855,6.0,0.0,0.0,0,0.000605326876513315,0.0,0.0,0.000605326876513315,0.0038935086235903685,8.0,6.0,4.410439424462183,sim_input.json
119,4,10,<bidder.IntegralGreedyBidder object at 0x0000028086D3FE10>,5,True,1,2.985983264290911,1.0,1.0,1,1,6.0,0.0,0.0,0,0.03565166569257744,0.0,0.0,0.03565166569257744,0.10645527710213067,8.0,6.0,4.410439424462183,sim_input.json
119,4,10,<bidder.IntegralGreedyBidder object at 0x0000028086D3FE10>,5,True,2,3.365010010860065,4.0,4.0,0.75,0.6,6.0,0.0,0.0,0,0.0013788001076136696,0.0,0.0,0.0013788001076136696,0.004639676165094933,8.0,6.0,4.410439424462183,sim_input.json
119,4,10,<bidder.IntegralGreedyBidder object at 0x0000028086D3FE10>,5,True,3,4.680151948051815,3.0,3.0,1,0.75,6.0,0.0,0.0,0,0.0,0.0,0.0,0.0,0.0,8.0,6.0,4.410439424462183,sim_input.json
119,4,10,<bidder.IntegralGreedyBidder object at 0x0000028086D3FE10>,5,True,4,6.661849752077987,5.0,5.0,0.6,0.5,6.0,0.0,0.0,0,0.0,0.0,0.0,0.0,0.0,8.0,6.0,4.410439424462183,sim_input.json
119,4,10,<bidder.IntegralGreedyBidder object at 0x0000028086D3FE10>,5,True,5,7.797761318819788,3.0,3.0,1,0.75,6.0,0.0,0.0,0,0.00121065375302663,0.0,0.0,0.00121065375302663,0.00944038900583506,8.0,6.0,4.410439424462183,sim_input.json
119,4,10,<bidder.IntegralGreedyBidder object at 0x0000028086D3FE10>,5,True,6,5.987857858295595,1.0,1.0,1,1,6.0,0.0,0.0,0,0.03452605147520402,0.0,0.0,0.03452605147520402,0.20673708864171858,8.0,6.0,4.410439424462183,sim_input.json
119,4,10,<bidder.IntegralGreedyBidder object at 0x0000028086D3FE10>,5,True,7,2.0242828385840053,3.0,3.0,1,0.75,6.0,0.0,0.0,0,0.0,0.0,0.0,0.0,0.0,8.0,6.0,4.410439424462183,sim_input.json
119,4,10,<bidder.IntegralGreedyBidder object at 0x0000028086D3FE10>,5,True,8,0.0,2.0,2.0,1,1,6.0,0.0,0.0,0,0.0,0.0,0.0,0.0,0.0,8.0,6.0,4.410439424462183,sim_input.json
119,4,10,<bidder.IntegralGreedyBidder object at 0x0000028086D3FE10>,5,True,9,0.39347876894187406,4.0,4.0,0.75,0.75,6.0,1.0,1.0,1,0.75090799031477,0.75,0.75,0.75090799031477,0.2954663516176724,8.0,6.0,4.410439424462183,sim_input.json
119,4,10,<bidder.IntegralGreedyBidder object at 0x0000028086D3FE10>,5,True,10,2.381954027880906,3.0,3.0,1,0.75,6.0,0.0,0.0,0,0.00121065375302663,0.0,0.0,0.00121065375302663,0.0028837215833909173,8.0,6.0,4.410439424462183,sim_input.json
119,4,10,<bidder.IntegralGreedyBidder object at 0x0000028086D3FE10>,5,True,11,0.0,2.0,2.0,1,1,6.0,0.0,0.0,0,0.0,0.0,0.0,0.0,0.0,8.0,6.0,4.410439424462183,sim_input.json
119,4,10,<bidder.IntegralGreedyBidder object at 0x0000028086D3FE10>,5,True,12,0.6901180515170449,3.0,3.0,1,0.75,6.0,0.0,0.0,0,0.00121065375302663,0.0,0.0,0.00121065375302663,0.0008354940091005356,8.0,6.0,4.410439424462183,sim_input.json
119,4,10,<bidder.IntegralGreedyBidder object at 0x0000028086D3FE10>,5,True,13,0.09673917834201806,6.0,6.0,0.5,0.5,6.0,1.0,1.0,1,0.5006277463904583,0.5,0.5,0.5006277463904583,0.04843031684102913,8.0,6.0,4.410439424462183,sim_input.json
119,4,10,<bidder.IntegralGreedyBidder object at 0x0000028086D3FE10>,5,True,14,6.601998867376585,3.0,3.0,1,0.75,6.0,0.0,0.0,0,0.0006277463904582576,0.0,0.0,0.0006277463904582576,0.004144380958805156,8.0,6.0,4.410439424462183,sim_input.json
119,4,10,<bidder.IntegralGreedyBidder object at 0x0000028086D3FE10>,5,True,15,3.9858542018564735,3.0,3.0,1,0.75,6.0,0.0,0.0,0,0.00121065375302663,0.0,0.0,0.00121065375302663,0.004825489348494503,8.0,6.0,4.410439424462183,sim_input.json
119,4,10,<bidder.IntegralGreedyBidder object at 0x0000028086D3FE10>,5,True,16,2.8713995690395384,3.0,3.0,1,0.75,6.0,0.0,0.0,0,0.0,0.0,0.0,0.0,0.0,8.0,6.0,4.410439424462183,sim_input.json
119,4,10,<bidder.IntegralGreedyBidder object at 0x0000028086D3FE10>,5,True,17,4.010561622200047,4.0,4.0,0.75,0.6,6.0,0.0,0.0,0,0.003164630356331115,0.0,0.0,0.003164630356331115,0.01269194505555083,8.0,6.0,4.410439424462183,sim_input.json
119,4,10,<bidder.IntegralGreedyBidder object at 0x0000028086D3FE10>,5,True,18,0.3968081502124119,6.0,6.0,0.5,0.42857142857142855,6.0,0.0,0.0,0,0.0020873340569424726,0.0,0.0,0.0020873340569424726,0.0008282711660107118,8.0,6.0,4.410439424462183,sim_input.json
119,4,10,<bidder.IntegralGreedyBidder object at 0x0000028086D3FE10>,5,True,19,3.4237372154826273,2.0,2.0,1,1,6.0,0.0,0.0,0,0.01694915254237288,0.0,0.0,0.01694915254237288,0.05802944433021402,8.0,6.0,4.410439424462183,sim_input.json
119,4,10,<bidder.IntegralGreedyBidder object at 0x0000028086D3FE10>,5,True,20,5.514924228679171,1.0,1.0,1,1,6.0,0.0,0.0,0,0.03389830508474576,0.0,0.0,0.03389830508474576,0.18694658402302275,8.0,6.0,4.410439424462183,sim_input.json
119,4,10,<bidder.IntegralGreedyBidder object at 0x0000028086D3FE10>,5,True,21,0.2935334045483796,1.0,1.0,1,1,6.0,1.0,1.0,1,1.0,1.0,1.0,1.0,0.2935334045483796,8.0,6.0,4.410439424462183,sim_input.json
119,4,10,<bidder.IntegralGreedyBidder object at 0x0000028086D3FE10>,5,True,22,7.098630846550389,3.0,3.0,1,0.75,6.0,0.0,0.0,0,0.0029640143608583146,0.0,0.0,0.0029640143608583146,0.02104044377160717,8.0,6.0,4.410439424462183,sim_input.json
119,4,10,<bidder.IntegralGreedyBidder object at 0x0000028086D3FE10>,5,True,23,5.3253344358135895,3.0,3.0,1,0.75,6.0,0.0,0.0,0,0.00121065375302663,0.0,0.0,0.00121065375302663,0.006447136120839674,8.0,6.0,4.410439424462183,sim_input.json
119,4,10,<bidder.IntegralGreedyBidder object at 0x0000028086D3FE10>,5,True,24,7.399699785650447,4.0,4.0,0.75,0.6,6.0,0.0,0.0,0,0.00047080979284368945,0.0,0.0,0.00047080979284368945,0.00348385112318758,8.0,6.0,4.410439424462183,sim_input.json
119,4,10,<bidder.IntegralGreedyBidder object at 0x0000028086D3FE10>,5,True,25,3.4503197730322492,2.0,2.0,1,1,6.0,0.0,0.0,0,0.01757689893283114,0.0,0.0,0.01757689893283114,0.06064592193653672,8.0,6.0,4.410439424462183,sim_input.json
119,4,10,<bidder.IntegralGreedyBidder object at 0x0000028086D3FE10>,5,True,26,6.174467809267936,1.0,1.0,1,1,6.0,0.0,0.0,0,0.03389830508474576,0.0,0.0,0.03389830508474576,0.20930399353450632,8.0,6.0,4.410439424462183,sim_input.json
119,4,10,<bidder.IntegralGreedyBidder object at 0x0000028086D3FE10>,5,True,27,7.109628987330721,0.0,0.0,1,1,6.0,0.0,0.0,0,0.05084745762711865,0.0,0.0,0.05084745762711865,0.3615065586778333,8.0,6.0,4.410439424462183,sim_input.json
119,4,10,<bidder.IntegralGreedyBidder object at 0x0000028086D3FE10>,5,True,28,0.6681249585678227,4.0,4.0,0.75,0.6,6.0,0.0,0.0,0,0.0013788001076136696,0.0,0.0,0.0013788001076136696,0.0009212107647726925,8.0,6.0,4.410439424462183,sim_input.json
119,4,10,<bidder.IntegralGreedyBidder object at 0x0000028086D3FE10>,5,True,29,5.479290906973648,3.0,3.0,1,0.75,6.0,0.0,0.0,0,0.0006277463904582576,0.0,0.0,0.0006277463904582576,0.00343960508912346,8.0,6.0,4.410439424462183,sim_input.json
119,4,10,<bidder.IntegralGreedyBidder object at 0x0000028086D3FE10>,5,True,30,0.5909534287806175,4.0,4.0,0.75,0.75,6.0,1.0,1.0,1,0.7504708097928436,0.75,0.75,0.7504708097928436,0.4434932982468476,8.0,6.0,4.410439424462183,sim_input.json
119,4,10,<bidder.IntegralGreedyBidder object at 0x0000028086D3FE10>,5,True,31,0.6651977041962912,4.0,4.0,0.75,0.75,6.0,1.0,1.0,1,0.75,0.75,0.75,0.75,0.49889827814721843,8.0,6.0,4.410439424462183,sim_input.json
119,4,10,<bidder.IntegralGreedyBidder object at 0x0000028086D3FE10>,5,True,32,0.06479578829271349,4.0,4.0,0.75,0.75,6.0,1.0,1.0,1,0.7509416195856874,0.75,0.75,0.7509416195856874,0.04865785420286159,8.0,6.0,4.410439424462183,sim_input.json
119,4,10,<bidder.IntegralGreedyBidder object at 0x0000028086D3FE10>,5,True,33,7.994168856800302,2.0,2.0,1,1,6.0,0.0,0.0,0,0.01694915254237288,0.0,0.0,0.01694915254237288,0.13549438740339495,8.0,6.0,4.410439424462183,sim_input.json
119,4,10,<bidder.IntegralGreedyBidder object at 0x0000028086D3FE10>,5,True,34,3.5280273740254793,4.0,4.0,0.75,0.6,6.0,0.0,0.0,0,0.0,0.0,0.0,0.0,0.0,8.0,6.0,4.410439424462183,sim_input.json
119,4,10,<bidder.IntegralGreedyBidder object at 0x0000028086D3FE10>,5,True,35,0.07340780755154375,4.0,4.0,0.75,0.75,6.0,1.0,1.0,1,0.7513788001076137,0.75,0.75,0.7513788001076137,0.055157070356609564,8.0,6.0,4.410439424462183,sim_input.json
119,4,10,<bidder.IntegralGreedyBidder object at 0x0000028086D3FE10>,5,True,36,5.044065723272034,3.0,3.0,1,0.75,6.0,0.0,0.0,0,0.0018832391713747654,0.0,0.0,0.0018832391713747654,0.009499182153054682,8.0,6.0,4.410439424462183,sim_input.json
119,4,10,<bidder.IntegralGreedyBidder object at 0x0000028086D3FE10>,5,True,37,0.5241852210384527,6.0,6.0,0.5,0.42857142857142855,6.0,0.0,0.0,0,0.0011905534991449712,0.0,0.0,0.0011905534991449712,0.00062407054910741,8.0,6.0,4.410439424462183,sim_input.json
119,4,10,<bidder.IntegralGreedyBidder object at 0x0000028086D3FE10>,5,True,38,2.2056131216335455,3.0,3.0,1,0.75,6.0,0.0,0.0,0,0.0006277463904582576,0.0,0.0,0.0006277463904582576,0.001384565675852828,8.0,6.0,4.410439424462183,sim_input.json
119,4,10,<bidder.IntegralGreedyBidder object at 0x0000028086D3FE10>,5,True,39,2.866617498950128,3.0,3.0,1,0.75,6.0,0.0,0.0,0,0.0,0.0,0.0,0.0,0.0,8.0,6.0,4.410439424462183,sim_input.json
119,4,10,<bidder.IntegralGreedyBidder object at 0x0000028086D3FE10>,5,True,40,0.7308482338799652,4.0,4.0,0.75,0.75,6.0,1.0,1.0,1,0.7518496099004573,0.75,0.75,0.7518496099004573,0.54948795953909,8.0,6.0,4.410439424462183,sim_input.json
119,4,10,<bidder.IntegralGreedyBidder object at 0x0000028086D3FE10>,5,True,41,6.846947820067205,1.0,1.0,1,1,6.0,0.0,0.0,0,0.03389830508474576,0.0,0.0,0.03389830508474576,0.23209992610397306,8.0,6.0,4.410439424462183,sim_input.json
119,4,10,<bidder.IntegralGreedyBidder object at 0x0000028086D3FE10>,5,True,42,3.529298309144675,4.0,4.0,0.75,0.6,6.0,0.0,0.0,0,0.001315020455873756,0.0,0.0,0.001315020455873756,0.004641099471405907,8.0,6.0,4.410439424462183,sim_input.json
119,4,10,<bidder.IntegralGreedyBidder object at 0x0000028086D3FE10>,5,True,43,4.170232026677701,4.0,4.0,0.75,0.6,6.0,0.0,0.0,0,0.0,0.0,0.0,0.0,0.0,8.0,6.0,4.410439424462183,sim_input.json
119,4,10,<bidder.IntegralGreedyBidder object at 0x0000028086D3FE10>,5,True,44,5.010563474657847,3.0,3.0,1,0.75,6.0,0.0,0.0,0,0.0023811069982899347,0.0,0.0,0.0023811069982899347,0.01193068775488373,8.0,6.0,4.410439424462183,sim_input.json
119,4,10,<bidder.IntegralGreedyBidder object at 0x0000028086D3FE10>,5,True,45,3.0488403675427276,1.0,1.0,1,1,6.0,0.0,0.0,0,0.03389830508474576,0.0,0.0,0.03389830508474576,0.10335052093365178,8.0,6.0,4.410439424462183,sim_input.json
119,4,10,<bidder.IntegralGreedyBidder object at 0x0000028086D3FE10>,5,True,46,5.893385993723283,1.0,1.0,1,1,6.0,0.0,0.0,0,0.03389830508474576,0.0,0.0,0.03389830508474576,0.19977579639739942,8.0,6.0,4.410439424462183,sim_input.json
119,4,10,<bidder.IntegralGreedyBidder object at 0x0000028086D3FE10>,5,True,47,3.0228402188140846,4.0,4.0,0.75,0.6,6.0,0.0,0.0,0,0.0009416195856873789,0.0,0.0,0.0009416195856873789,0.002846365554438864,8.0,6.0,4.410439424462183,sim_input.json
119,4,10,<bidder.IntegralGreedyBidder object at 0x0000028086D3FE10>,5,True,48,0.0,2.0,2.0,1,1,6.0,0.0,0.0,0,0.0,0.0,0.0,0.0,0.0,8.0,6.0,4.410439424462183,sim_input.json
119,4,10,<bidder.IntegralGreedyBidder object at 0x0000028086D3FE10>,5,True,49,3.874298499755535,3.0,3.0,1,0.75,6.0,0.0,0.0,0,0.0017533606078316772,0.0,0.0,0.0017533606078316772,0.00679304237245272,8.0,6.0,4.410439424462183,sim_input.json
119,4,10,<bidder.IntegralGreedyBidder object at 0x0000028086D3FE10>,5,True,50,5.455891611073707,1.0,1.0,1,1,6.0,0.0,0.0,0,0.035108958837772396,0.0,0.0,0.035108958837772396,0.1915506739965345,8.0,6.0,4.410439424462183,sim_input.json
119,4,10,<bidder.IntegralGreedyBidder object at 0x0000028086D3FE10>,5,True,51,6.223919581175307,4.0,4.0,0.75,0.6,6.0,0.0,0.0,0,0.001315020455873756,0.0,0.0,0.001315020455873756,0.008184581564958748,8.0,6.0,4.410439424462183,sim_input.json
119,4,11,<bidder.IntegralGreedyBidder object at 0x0000028086D3FD68>,5,True,0,3.8057824279435204,6.0,6.0,0.5,0.42857142857142855,5.85,0.0,0.0,0,0.00078692493946731,0.0,0.0,0.00078692493946731,0.002994865106735207,7.0,5.85,7.866854798208649,sim_input.json
119,4,11,<bidder.IntegralGreedyBidder object at 0x0000028086D3FD68>,5,True,1,4.686869533313623,1.0,1.0,1,1,5.85,0.0,0.0,0,0.0463471654003507,0.0,0.0,0.0463471654003507,0.217223117470351,7.0,5.85,7.866854798208649,sim_input.json
119,4,11,<bidder.IntegralGreedyBidder object at 0x0000028086D3FD68>,5,True,2,3.418393357783895,4.0,4.0,0.75,0.6,5.85,0.0,0.0,0,0.0017924401398977715,0.0,0.0,0.0017924401398977715,0.006127265468451777,7.0,5.85,7.866854798208649,sim_input.json
119,4,11,<bidder.IntegralGreedyBidder object at 0x0000028086D3FD68>,5,True,3,0.3391139356387439,3.0,3.0,1,1,5.85,1.0,1.0,1,1.0,1.0,1.0,1.0,0.3391139356387439,7.0,5.85,7.866854798208649,sim_input.json
119,4,11,<bidder.IntegralGreedyBidder object at 0x0000028086D3FD68>,5,True,4,0.41208105532670747,5.0,5.0,0.6,0.6,5.85,1.0,1.0,1,0.6,0.6,0.6,0.6,0.24724863319602447,7.0,5.85,7.866854798208649,sim_input.json
119,4,11,<bidder.IntegralGreedyBidder object at 0x0000028086D3FD68>,5,True,5,1.916434089178213,3.0,3.0,1,0.75,5.85,0.0,0.0,0,0.00157384987893462,0.0,0.0,0.00157384987893462,0.0030161795592393093,7.0,5.85,7.866854798208649,sim_input.json
119,4,11,<bidder.IntegralGreedyBidder object at 0x0000028086D3FD68>,5,True,6,4.364390651556186,1.0,1.0,1,1,5.85,0.0,0.0,0,0.044883866917765254,0.0,0.0,0.044883866917765254,0.19589072918158665,7.0,5.85,7.866854798208649,sim_input.json
119,4,11,<bidder.IntegralGreedyBidder object at 0x0000028086D3FD68>,5,True,7,3.7889299669449357,3.0,3.0,1,0.75,5.85,0.0,0.0,0,0.0,0.0,0.0,0.0,0.0,7.0,5.85,7.866854798208649,sim_input.json
119,4,11,<bidder.IntegralGreedyBidder object at 0x0000028086D3FD68>,5,True,8,4.260198149394805,2.0,2.0,1,1,5.85,0.0,0.0,0,0.02203389830508476,0.0,0.0,0.02203389830508476,0.09386877278327542,7.0,5.85,7.866854798208649,sim_input.json
119,4,11,<bidder.IntegralGreedyBidder object at 0x0000028086D3FD68>,5,True,9,0.358810735015999,4.0,4.0,0.75,0.75,5.85,1.0,1.0,1,0.751180387409201,0.75,0.75,0.751180387409201,0.2695315869358983,7.0,5.85,7.866854798208649,sim_input.json
119,4,11,<bidder.IntegralGreedyBidder object at 0x0000028086D3FD68>,5,True,10,3.20225460228028,3.0,3.0,1,0.75,5.85,0.0,0.0,0,0.00157384987893462,0.0,0.0,0.00157384987893462,0.005039868018116648,7.0,5.85,7.866854798208649,sim_input.json
119,4,11,<bidder.IntegralGreedyBidder object at 0x0000028086D3FD68>,5,True,11,0.7796404284855413,2.0,2.0,1,1,5.85,1.0,1.0,1,1.0,1.0,1.0,1.0,0.7796404284855413,7.0,5.85,7.866854798208649,sim_input.json
119,4,11,<bidder.IntegralGreedyBidder object at 0x0000028086D3FD68>,5,True,12,3.8260017964654693,3.0,3.0,1,0.75,5.85,0.0,0.0,0,0.00157384987893462,0.0,0.0,0.00157384987893462,0.0060215524641708176,7.0,5.85,7.866854798208649,sim_input.json
119,4,11,<bidder.IntegralGreedyBidder object at 0x0000028086D3FD68>,5,True,13,0.5307183676380376,6.0,6.0,0.5,0.5,5.85,1.0,1.0,1,0.5008160703075958,0.5,0.5,0.5008160703075958,0.2657922873205439,7.0,5.85,7.866854798208649,sim_input.json
119,4,11,<bidder.IntegralGreedyBidder object at 0x0000028086D3FD68>,5,True,14,6.208787748512711,3.0,3.0,1,0.75,5.85,0.0,0.0,0,0.0008160703075957355,0.0,0.0,0.0008160703075957355,0.005066807327725402,7.0,5.85,7.866854798208649,sim_input.json
119,4,11,<bidder.IntegralGreedyBidder object at 0x0000028086D3FD68>,5,True,15,2.419460284175112,3.0,3.0,1,0.75,5.85,0.0,0.0,0,0.00157384987893462,0.0,0.0,0.00157384987893462,0.003807867275336121,7.0,5.85,7.866854798208649,sim_input.json
119,4,11,<bidder.IntegralGreedyBidder object at 0x0000028086D3FD68>,5,True,16,2.1266073892891106,3.0,3.0,1,0.75,5.85,0.0,0.0,0,0.0,0.0,0.0,0.0,0.0,7.0,5.85,7.866854798208649,sim_input.json
119,4,11,<bidder.IntegralGreedyBidder object at 0x0000028086D3FD68>,5,True,17,4.498686202471617,4.0,4.0,0.75,0.6,5.85,0.0,0.0,0,0.004114019463230452,0.0,0.0,0.004114019463230452,0.018507682595934525,7.0,5.85,7.866854798208649,sim_input.json
119,4,11,<bidder.IntegralGreedyBidder object at 0x0000028086D3FD68>,5,True,18,5.302025770715474,6.0,6.0,0.5,0.42857142857142855,5.85,0.0,0.0,0,0.002713534274025216,0.0,0.0,0.002713534274025216,0.0143872286506014,7.0,5.85,7.866854798208649,sim_input.json
119,4,11,<bidder.IntegralGreedyBidder object at 0x0000028086D3FD68>,5,True,19,7.172114360665231,2.0,2.0,1,1,5.85,0.0,0.0,0,0.02203389830508476,0.0,0.0,0.02203389830508476,0.15802963845533569,7.0,5.85,7.866854798208649,sim_input.json
119,4,11,<bidder.IntegralGreedyBidder object at 0x0000028086D3FD68>,5,True,20,2.0315783087106842,1.0,1.0,1,1,5.85,1.0,1.0,1,1.0,1.0,1.0,1.0,2.0315783087106842,7.0,5.85,7.866854798208649,sim_input.json
119,4,11,<bidder.IntegralGreedyBidder object at 0x0000028086D3FD68>,5,True,21,2.5651927614374532,1.0,1.0,1,1,5.85,0.0,0.0,0,0.04406779661016952,0.0,0.0,0.04406779661016952,0.11304239287690479,7.0,5.85,7.866854798208649,sim_input.json
119,4,11,<bidder.IntegralGreedyBidder object at 0x0000028086D3FD68>,5,True,22,6.532987489170161,3.0,3.0,1,0.75,5.85,0.0,0.0,0,0.0038532186691158116,0.0,0.0,0.0038532186691158116,0.025173029358370496,7.0,5.85,7.866854798208649,sim_input.json
119,4,11,<bidder.IntegralGreedyBidder object at 0x0000028086D3FD68>,5,True,23,4.190889589199272,3.0,3.0,1,0.75,5.85,0.0,0.0,0,0.00157384987893462,0.0,0.0,0.00157384987893462,0.006595831072589633,7.0,5.85,7.866854798208649,sim_input.json
119,4,11,<bidder.IntegralGreedyBidder object at 0x0000028086D3FD68>,5,True,24,5.183205382609065,4.0,4.0,0.75,0.6,5.85,0.0,0.0,0,0.0006120527306967967,0.0,0.0,0.0006120527306967967,0.0031723950081882133,7.0,5.85,7.866854798208649,sim_input.json
119,4,11,<bidder.IntegralGreedyBidder object at 0x0000028086D3FD68>,5,True,25,0.984520067027397,2.0,2.0,1,1,5.85,1.0,1.0,1,1.0,1.0,1.0,1.0,0.984520067027397,7.0,5.85,7.866854798208649,sim_input.json
119,4,11,<bidder.IntegralGreedyBidder object at 0x0000028086D3FD68>,5,True,26,7.834751374083321,1.0,1.0,1,1,5.85,0.0,0.0,0,0.04406779661016952,0.0,0.0,0.04406779661016952,0.3452602300443499,7.0,5.85,7.866854798208649,sim_input.json
119,4,11,<bidder.IntegralGreedyBidder object at 0x0000028086D3FD68>,5,True,27,7.979910150076525,0.0,0.0,1,1,5.85,0.0,0.0,0,0.06610169491525428,0.0,0.0,0.06610169491525428,0.5274855861914994,7.0,5.85,7.866854798208649,sim_input.json
119,4,11,<bidder.IntegralGreedyBidder object at 0x0000028086D3FD68>,5,True,28,2.6541455736927455,4.0,4.0,0.75,0.6,5.85,0.0,0.0,0,0.0017924401398977715,0.0,0.0,0.0017924401398977715,0.004757397063418876,7.0,5.85,7.866854798208649,sim_input.json
119,4,11,<bidder.IntegralGreedyBidder object at 0x0000028086D3FD68>,5,True,29,4.330185944079931,3.0,3.0,1,0.75,5.85,0.0,0.0,0,0.0008160703075957355,0.0,0.0,0.0008160703075957355,0.0035337361753320392,7.0,5.85,7.866854798208649,sim_input.json
119,4,11,<bidder.IntegralGreedyBidder object at 0x0000028086D3FD68>,5,True,30,3.0095908133168443,4.0,4.0,0.75,0.6,5.85,0.0,0.0,0,0.0006120527306967967,0.0,0.0,0.0006120527306967967,0.0018420282755705678,7.0,5.85,7.866854798208649,sim_input.json
119,4,11,<bidder.IntegralGreedyBidder object at 0x0000028086D3FD68>,5,True,31,2.600995813086042,4.0,4.0,0.75,0.6,5.85,0.0,0.0,0,0.0,0.0,0.0,0.0,0.0,7.0,5.85,7.866854798208649,sim_input.json
119,4,11,<bidder.IntegralGreedyBidder object at 0x0000028086D3FD68>,5,True,32,4.308979610936619,4.0,4.0,0.75,0.6,5.85,0.0,0.0,0,0.0012241054613935933,0.0,0.0,0.0012241054613935933,0.005274645474781157,7.0,5.85,7.866854798208649,sim_input.json
119,4,11,<bidder.IntegralGreedyBidder object at 0x0000028086D3FD68>,5,True,33,3.091332599946181,2.0,2.0,1,1,5.85,0.0,0.0,0,0.02203389830508476,0.0,0.0,0.02203389830508476,0.06811410813440742,7.0,5.85,7.866854798208649,sim_input.json
119,4,11,<bidder.IntegralGreedyBidder object at 0x0000028086D3FD68>,5,True,34,1.6158696933524568,4.0,4.0,0.75,0.6,5.85,0.0,0.0,0,0.0,0.0,0.0,0.0,0.0,7.0,5.85,7.866854798208649,sim_input.json
119,4,11,<bidder.IntegralGreedyBidder object at 0x0000028086D3FD68>,5,True,35,3.2602247492820275,4.0,4.0,0.75,0.6,5.85,0.0,0.0,0,0.0017924401398977715,0.0,0.0,0.0017924401398977715,0.005843757705701254,7.0,5.85,7.866854798208649,sim_input.json
119,4,11,<bidder.IntegralGreedyBidder object at 0x0000028086D3FD68>,5,True,36,6.479638851296551,3.0,3.0,1,0.75,5.85,0.0,0.0,0,0.0024482109227871966,0.0,0.0,0.0024482109227871966,0.015863522611460498,7.0,5.85,7.866854798208649,sim_input.json
119,4,11,<bidder.IntegralGreedyBidder object at 0x0000028086D3FD68>,5,True,37,6.987129502451512,6.0,6.0,0.5,0.42857142857142855,5.85,0.0,0.0,0,0.0015477195488884635,0.0,0.0,0.0015477195488884635,0.010814116921559529,7.0,5.85,7.866854798208649,sim_input.json
119,4,11,<bidder.IntegralGreedyBidder object at 0x0000028086D3FD68>,5,True,38,7.846381151602819,3.0,3.0,1,0.75,5.85,0.0,0.0,0,0.0008160703075957355,0.0,0.0,0.0008160703075957355,0.006403198679901894,7.0,5.85,7.866854798208649,sim_input.json
119,4,11,<bidder.IntegralGreedyBidder object at 0x0000028086D3FD68>,5,True,39,3.6943844540520963,3.0,3.0,1,0.75,5.85,0.0,0.0,0,0.0,0.0,0.0,0.0,0.0,7.0,5.85,7.866854798208649,sim_input.json
119,4,11,<bidder.IntegralGreedyBidder object at 0x0000028086D3FD68>,5,True,40,2.538403977367504,4.0,4.0,0.75,0.6,5.85,0.0,0.0,0,0.002404492870594568,0.0,0.0,0.002404492870594568,0.0061035742662690585,7.0,5.85,7.866854798208649,sim_input.json
119,4,11,<bidder.IntegralGreedyBidder object at 0x0000028086D3FD68>,5,True,41,6.568805351551371,1.0,1.0,1,1,5.85,0.0,0.0,0,0.04406779661016952,0.0,0.0,0.04406779661016952,0.2894727782039589,7.0,5.85,7.866854798208649,sim_input.json
119,4,11,<bidder.IntegralGreedyBidder object at 0x0000028086D3FD68>,5,True,42,0.0,4.0,4.0,0.75,0.6,5.85,0.0,0.0,0,0.0,0.0,0.0,0.0,0.0,7.0,5.85,7.866854798208649,sim_input.json
119,4,11,<bidder.IntegralGreedyBidder object at 0x0000028086D3FD68>,5,True,43,5.888236321402309,4.0,4.0,0.75,0.6,5.85,0.0,0.0,0,0.0,0.0,0.0,0.0,0.0,7.0,5.85,7.866854798208649,sim_input.json
119,4,11,<bidder.IntegralGreedyBidder object at 0x0000028086D3FD68>,5,True,44,3.5653716447488843,3.0,3.0,1,0.75,5.85,0.0,0.0,0,0.003095439097776917,0.0,0.0,0.003095439097776917,0.011036390787260889,7.0,5.85,7.866854798208649,sim_input.json
119,4,11,<bidder.IntegralGreedyBidder object at 0x0000028086D3FD68>,5,True,45,5.231572108890866,1.0,1.0,1,1,5.85,0.0,0.0,0,0.04406779661016952,0.0,0.0,0.04406779661016952,0.2305438556460383,7.0,5.85,7.866854798208649,sim_input.json
119,4,11,<bidder.IntegralGreedyBidder object at 0x0000028086D3FD68>,5,True,46,7.150752045496642,1.0,1.0,1,1,5.85,0.0,0.0,0,0.04406779661016952,0.0,0.0,0.04406779661016952,0.3151178867506997,7.0,5.85,7.866854798208649,sim_input.json
119,4,11,<bidder.IntegralGreedyBidder object at 0x0000028086D3FD68>,5,True,47,0.0,4.0,4.0,0.75,0.6,5.85,0.0,0.0,0,0.0,0.0,0.0,0.0,0.0,7.0,5.85,7.866854798208649,sim_input.json
119,4,11,<bidder.IntegralGreedyBidder object at 0x0000028086D3FD68>,5,True,48,3.537115598547958,2.0,2.0,1,1,5.85,0.0,0.0,0,0.02203389830508476,0.0,0.0,0.02203389830508476,0.07793644539173471,7.0,5.85,7.866854798208649,sim_input.json
119,4,11,<bidder.IntegralGreedyBidder object at 0x0000028086D3FD68>,5,True,49,0.0,3.0,3.0,1,0.75,5.85,0.0,0.0,0,0.0,0.0,0.0,0.0,0.0,7.0,5.85,7.866854798208649,sim_input.json
119,4,11,<bidder.IntegralGreedyBidder object at 0x0000028086D3FD68>,5,True,50,2.9762300680887805,1.0,1.0,1,1,5.85,0.0,0.0,0,0.04564164648910414,0.0,0.0,0.04564164648910414,0.13584004063795047,7.0,5.85,7.866854798208649,sim_input.json
119,4,11,<bidder.IntegralGreedyBidder object at 0x0000028086D3FD68>,5,True,51,5.9788653203978885,4.0,4.0,0.75,0.6,5.85,0.0,0.0,0,0.0017095265926358838,0.0,0.0,0.0017095265926358838,0.010221029259008654,7.0,5.85,7.866854798208649,sim_input.json
119,4,12,<bidder.UniformBidder object at 0x0000028086D3FCC0>,5,True,0,0.0,6.0,6.0,0.5,0.42857142857142855,3.85,0.0,0.0,0,0.0,0.0,0.0,0.0,0.0,5.0,3.85,11.747837099884084,sim_input.json
119,4,12,<bidder.UniformBidder object at 0x0000028086D3FCC0>,5,True,1,4.368702186332518,1.0,1.0,1,1,3.85,0.0,0.0,0,0.18895382817066042,0.0,0.0,0.18895382817066042,0.8254830022450631,5.0,3.85,11.747837099884084,sim_input.json
119,4,12,<bidder.UniformBidder object at 0x0000028086D3FCC0>,5,True,2,2.4531326964733595,4.0,4.0,0.75,0.6,3.85,0.0,0.0,0,0.007307640570352448,0.0,0.0,0.007307640570352448,0.01792661201720682,5.0,3.85,11.747837099884084,sim_input.json
119,4,12,<bidder.UniformBidder object at 0x0000028086D3FCC0>,5,True,3,3.4576212612019672,3.0,3.0,1,0.75,3.85,0.0,0.0,0,0.0,0.0,0.0,0.0,0.0,5.0,3.85,11.747837099884084,sim_input.json
119,4,12,<bidder.UniformBidder object at 0x0000028086D3FCC0>,5,True,4,0.5178941479615422,5.0,5.0,0.6,0.6,3.85,1.0,1.0,1,0.6,0.6,0.6,0.6,0.31073648877692533,5.0,3.85,11.747837099884084,sim_input.json
119,4,12,<bidder.UniformBidder object at 0x0000028086D3FCC0>,5,True,5,0.9679196881046099,3.0,3.0,1,0.75,3.85,0.0,0.0,0,0.0064164648910411395,0.0,0.0,0.0064164648910411395,0.00621062269607072,5.0,3.85,11.747837099884084,sim_input.json
119,4,12,<bidder.UniformBidder object at 0x0000028086D3FCC0>,5,True,6,5.300855758975613,1.0,1.0,1,1,3.85,0.0,0.0,0,0.18298807281858132,0.0,0.0,0.18298807281858132,0.9699933796242257,5.0,3.85,11.747837099884084,sim_input.json
119,4,12,<bidder.UniformBidder object at 0x0000028086D3FCC0>,5,True,7,3.687571932706174,3.0,3.0,1,0.75,3.85,0.0,0.0,0,0.0,0.0,0.0,0.0,0.0,5.0,3.85,11.747837099884084,sim_input.json
119,4,12,<bidder.UniformBidder object at 0x0000028086D3FCC0>,5,True,8,1.9821882238201958,2.0,2.0,1,1,3.85,0.0,0.0,0,0.08983050847457627,0.0,0.0,0.08983050847457627,0.17806097603808538,5.0,3.85,11.747837099884084,sim_input.json
119,4,12,<bidder.UniformBidder object at 0x0000028086D3FCC0>,5,True,9,4.965122198283994,4.0,4.0,0.75,0.6,3.85,0.0,0.0,0,0.004812348668280894,0.0,0.0,0.004812348668280894,0.023893899198763884,5.0,3.85,11.747837099884084,sim_input.json
119,4,12,<bidder.UniformBidder object at 0x0000028086D3FCC0>,5,True,10,6.5062507207393265,3.0,3.0,1,0.75,3.85,0.0,0.0,0,0.0064164648910411395,0.0,0.0,0.0064164648910411395,0.041747129321935,5.0,3.85,11.747837099884084,sim_input.json
119,4,12,<bidder.UniformBidder object at 0x0000028086D3FCC0>,5,True,11,0.0,2.0,2.0,1,1,3.85,0.0,0.0,0,0.0,0.0,0.0,0.0,0.0,5.0,3.85,11.747837099884084,sim_input.json
119,4,12,<bidder.UniformBidder object at 0x0000028086D3FCC0>,5,True,12,2.7239165148216564,3.0,3.0,1,0.75,3.85,0.0,0.0,0,0.0064164648910411395,0.0,0.0,0.0064164648910411395,0.0174779146834803,5.0,3.85,11.747837099884084,sim_input.json
119,4,12,<bidder.UniformBidder object at 0x0000028086D3FCC0>,5,True,13,1.1458279891261278,6.0,6.0,0.5,0.42857142857142855,3.85,0.0,0.0,0,0.0033270558694287657,0.0,0.0,0.0033270558694287657,0.0038122337365778434,5.0,3.85,11.747837099884084,sim_input.json
119,4,12,<bidder.UniformBidder object at 0x0000028086D3FCC0>,5,True,14,3.9963700800797013,3.0,3.0,1,0.75,3.85,0.0,0.0,0,0.0033270558694287657,0.0,0.0,0.0033270558694287657,0.013296146531338676,5.0,3.85,11.747837099884084,sim_input.json
119,4,12,<bidder.UniformBidder object at 0x0000028086D3FCC0>,5,True,15,7.281060389088941,3.0,3.0,1,0.75,3.85,0.0,0.0,0,0.0064164648910411395,0.0,0.0,0.0064164648910411395,0.046718668356139526,5.0,3.85,11.747837099884084,sim_input.json
119,4,12,<bidder.UniformBidder object at 0x0000028086D3FCC0>,5,True,16,1.6270391005093046,3.0,3.0,1,0.75,3.85,0.0,0.0,0,0.0,0.0,0.0,0.0,0.0,5.0,3.85,11.747837099884084,sim_input.json
119,4,12,<bidder.UniformBidder object at 0x0000028086D3FCC0>,5,True,17,0.0,4.0,4.0,0.75,0.6,3.85,0.0,0.0,0,0.0,0.0,0.0,0.0,0.0,5.0,3.85,11.747837099884084,sim_input.json
119,4,12,<bidder.UniformBidder object at 0x0000028086D3FCC0>,5,True,18,0.0,6.0,6.0,0.5,0.42857142857142855,3.85,0.0,0.0,0,0.0,0.0,0.0,0.0,0.0,5.0,3.85,11.747837099884084,sim_input.json
119,4,12,<bidder.UniformBidder object at 0x0000028086D3FCC0>,5,True,19,4.672324018253086,2.0,2.0,1,1,3.85,0.0,0.0,0,0.08983050847457627,0.0,0.0,0.08983050847457627,0.41971724231765006,5.0,3.85,11.747837099884084,sim_input.json
119,4,12,<bidder.UniformBidder object at 0x0000028086D3FCC0>,5,True,20,7.668106815318035,1.0,1.0,1,1,3.85,0.0,0.0,0,0.17966101694915254,0.0,0.0,0.17966101694915254,1.3776598685147656,5.0,3.85,11.747837099884084,sim_input.json
119,4,12,<bidder.UniformBidder object at 0x0000028086D3FCC0>,5,True,21,4.239753492999009,1.0,1.0,1,1,3.85,0.0,0.0,0,0.17966101694915254,0.0,0.0,0.17966101694915254,0.7617184241659236,5.0,3.85,11.747837099884084,sim_input.json
119,4,12,<bidder.UniformBidder object at 0x0000028086D3FCC0>,5,True,22,7.046670767711719,3.0,3.0,1,0.75,3.85,0.0,0.0,0,0.01570927611254907,0.0,0.0,0.01570927611254907,0.11069809676421151,5.0,3.85,11.747837099884084,sim_input.json
119,4,12,<bidder.UniformBidder object at 0x0000028086D3FCC0>,5,True,23,3.2312348508338538,3.0,3.0,1,0.75,3.85,0.0,0.0,0,0.0064164648910411395,0.0,0.0,0.0064164648910411395,0.020733104975083978,5.0,3.85,11.747837099884084,sim_input.json
119,4,12,<bidder.UniformBidder object at 0x0000028086D3FCC0>,5,True,24,0.42953455834355736,4.0,4.0,0.75,0.75,3.85,1.0,1.0,1,0.7524952919020715,0.75,0.75,0.7524952919020715,0.3232227328627626,5.0,3.85,11.747837099884084,sim_input.json
119,4,12,<bidder.UniformBidder object at 0x0000028086D3FCC0>,5,True,25,6.720938426001931,2.0,2.0,1,1,3.85,0.0,0.0,0,0.09315756434400503,0.0,0.0,0.09315756434400503,0.6261062538723707,5.0,3.85,11.747837099884084,sim_input.json
119,4,12,<bidder.UniformBidder object at 0x0000028086D3FCC0>,5,True,26,7.7025271737550876,1.0,1.0,1,1,3.85,0.0,0.0,0,0.17966101694915254,0.0,0.0,0.17966101694915254,1.3838438651153209,5.0,3.85,11.747837099884084,sim_input.json
119,4,12,<bidder.UniformBidder object at 0x0000028086D3FCC0>,5,True,27,1.9270004399587712,0.0,0.0,1,1,3.85,0.0,0.0,0,0.2694915254237288,0.0,0.0,0.2694915254237288,0.5193102880566858,5.0,3.85,11.747837099884084,sim_input.json
119,4,12,<bidder.UniformBidder object at 0x0000028086D3FCC0>,5,True,28,5.08070572969294,4.0,4.0,0.75,0.6,3.85,0.0,0.0,0,0.007307640570352448,0.0,0.0,0.007307640570352448,0.037127971316326266,5.0,3.85,11.747837099884084,sim_input.json
119,4,12,<bidder.UniformBidder object at 0x0000028086D3FCC0>,5,True,29,4.578817590745791,3.0,3.0,1,0.75,3.85,0.0,0.0,0,0.0033270558694287657,0.0,0.0,0.0033270558694287657,0.015233981940334464,5.0,3.85,11.747837099884084,sim_input.json
119,4,12,<bidder.UniformBidder object at 0x0000028086D3FCC0>,5,True,30,2.4631735803691734,4.0,4.0,0.75,0.6,3.85,0.0,0.0,0,0.0024952919020715543,0.0,0.0,0.0024952919020715543,0.0061463370884917955,5.0,3.85,11.747837099884084,sim_input.json
119,4,12,<bidder.UniformBidder object at 0x0000028086D3FCC0>,5,True,31,0.00835048095709312,4.0,4.0,0.75,0.75,3.85,1.0,1.0,1,0.75,0.75,0.75,0.75,0.00626286071781984,5.0,3.85,11.747837099884084,sim_input.json
119,4,12,<bidder.UniformBidder object at 0x0000028086D3FCC0>,5,True,32,0.6411886439893814,4.0,4.0,0.75,0.6,3.85,0.0,0.0,0,0.004990583804143109,0.0,0.0,0.004990583804143109,0.0031999056620938882,5.0,3.85,11.747837099884084,sim_input.json
119,4,12,<bidder.UniformBidder object at 0x0000028086D3FCC0>,5,True,33,3.693597010021923,2.0,2.0,1,1,3.85,0.0,0.0,0,0.08983050847457627,0.0,0.0,0.08983050847457627,0.3317976975104439,5.0,3.85,11.747837099884084,sim_input.json
119,4,12,<bidder.UniformBidder object at 0x0000028086D3FCC0>,5,True,34,0.35311477712111916,4.0,4.0,0.75,0.75,3.85,1.0,1.0,1,0.75,0.75,0.75,0.75,0.26483608284083937,5.0,3.85,11.747837099884084,sim_input.json
119,4,12,<bidder.UniformBidder object at 0x0000028086D3FCC0>,5,True,35,6.8889741418768375,4.0,4.0,0.75,0.6,3.85,0.0,0.0,0,0.007307640570352448,0.0,0.0,0.007307640570352448,0.05034214692728812,5.0,3.85,11.747837099884084,sim_input.json
119,4,12,<bidder.UniformBidder object at 0x0000028086D3FCC0>,5,True,36,6.206947318188178,3.0,3.0,1,0.75,3.85,0.0,0.0,0,0.009981167608286257,0.0,0.0,0.009981167608286257,0.06195258151863909,5.0,3.85,11.747837099884084,sim_input.json
119,4,12,<bidder.UniformBidder object at 0x0000028086D3FCC0>,5,True,37,2.287080073781272,6.0,6.0,0.5,0.42857142857142855,3.85,0.0,0.0,0,0.006309933545468347,0.0,0.0,0.006309933545468347,0.014431323278724671,5.0,3.85,11.747837099884084,sim_input.json
119,4,12,<bidder.UniformBidder object at 0x0000028086D3FCC0>,5,True,38,0.8587555917362153,3.0,3.0,1,0.75,3.85,0.0,0.0,0,0.0033270558694287657,0.0,0.0,0.0033270558694287657,0.002857127831890748,5.0,3.85,11.747837099884084,sim_input.json
119,4,12,<bidder.UniformBidder object at 0x0000028086D3FCC0>,5,True,39,3.6113590966955855,3.0,3.0,1,0.75,3.85,0.0,0.0,0,0.0,0.0,0.0,0.0,0.0,5.0,3.85,11.747837099884084,sim_input.json
119,4,12,<bidder.UniformBidder object at 0x0000028086D3FCC0>,5,True,40,1.7498114703488756,4.0,4.0,0.75,0.6,3.85,0.0,0.0,0,0.009802932472424003,0.0,0.0,0.009802932472424003,0.017153283683302982,5.0,3.85,11.747837099884084,sim_input.json
119,4,12,<bidder.UniformBidder object at 0x0000028086D3FCC0>,5,True,41,0.38672196330291964,1.0,1.0,1,1,3.85,1.0,1.0,1,1.0,1.0,1.0,1.0,0.38672196330291964,5.0,3.85,11.747837099884084,sim_input.json
119,4,12,<bidder.UniformBidder object at 0x0000028086D3FCC0>,5,True,42,6.716876484864443,4.0,4.0,0.75,0.6,3.85,0.0,0.0,0,0.006969608416130906,0.0,0.0,0.006969608416130906,0.046813998879022996,5.0,3.85,11.747837099884084,sim_input.json
119,4,12,<bidder.UniformBidder object at 0x0000028086D3FCC0>,5,True,43,1.9707785325869733,4.0,4.0,0.75,0.6,3.85,0.0,0.0,0,0.0,0.0,0.0,0.0,0.0,5.0,3.85,11.747837099884084,sim_input.json
119,4,12,<bidder.UniformBidder object at 0x0000028086D3FCC0>,5,True,44,1.8826835939939377,3.0,3.0,1,0.75,3.85,0.0,0.0,0,0.012619867090936654,0.0,0.0,0.012619867090936654,0.02375921673049044,5.0,3.85,11.747837099884084,sim_input.json
119,4,12,<bidder.UniformBidder object at 0x0000028086D3FCC0>,5,True,45,1.2171438196767506,1.0,1.0,1,1,3.85,0.0,0.0,0,0.17966101694915254,0.0,0.0,0.17966101694915254,0.21867329641650093,5.0,3.85,11.747837099884084,sim_input.json
119,4,12,<bidder.UniformBidder object at 0x0000028086D3FCC0>,5,True,46,2.832092814304706,1.0,1.0,1,1,3.85,0.0,0.0,0,0.17966101694915254,0.0,0.0,0.17966101694915254,0.5088166751123709,5.0,3.85,11.747837099884084,sim_input.json
119,4,12,<bidder.UniformBidder object at 0x0000028086D3FCC0>,5,True,47,0.0,4.0,4.0,0.75,0.6,3.85,0.0,0.0,0,0.0,0.0,0.0,0.0,0.0,5.0,3.85,11.747837099884084,sim_input.json
119,4,12,<bidder.UniformBidder object at 0x0000028086D3FCC0>,5,True,48,5.78563254253387,2.0,2.0,1,1,3.85,0.0,0.0,0,0.08983050847457627,0.0,0.0,0.08983050847457627,0.5197263131428731,5.0,3.85,11.747837099884084,sim_input.json
119,4,12,<bidder.UniformBidder object at 0x0000028086D3FCC0>,5,True,49,2.5649639947035157,3.0,3.0,1,0.75,3.85,0.0,0.0,0,0.009292811221507888,0.0,0.0,0.009292811221507888,0.02383572619274453,5.0,3.85,11.747837099884084,sim_input.json
119,4,12,<bidder.UniformBidder object at 0x0000028086D3FCC0>,5,True,50,6.334882689024783,1.0,1.0,1,1,3.85,0.0,0.0,0,0.18607748184019368,0.0,0.0,0.18607748184019368,1.1787790185267664,5.0,3.85,11.747837099884084,sim_input.json
119,4,12,<bidder.UniformBidder object at 0x0000028086D3FCC0>,5,True,51,4.448261586957601,4.0,4.0,0.75,0.6,3.85,0.0,0.0,0,0.006969608416130906,0.0,0.0,0.006969608416130906,0.03100264139361152,5.0,3.85,11.747837099884084,sim_input.json
119,4,13,<bidder.UniformBidder object at 0x0000028086D3FD30>,5,True,0,0.8943220344090144,6.0,6.0,0.5,0.5,4.25,1.0,1.0,1,0.5027239709443099,0.5,0.5,0.5027239709443099,0.44959712444109345,5.0,4.25,10.160244426642178,sim_input.json
119,4,13,<bidder.UniformBidder object at 0x0000028086D3FD30>,5,True,1,0.0,1.0,1.0,1,1,4.25,0.0,0.0,0,0.0,0.0,0.0,0.0,0.0,5.0,4.25,10.160244426642178,sim_input.json
119,4,13,<bidder.UniformBidder object at 0x0000028086D3FD30>,5,True,2,1.5925112453251513,4.0,4.0,0.75,0.6,4.25,0.0,0.0,0,0.006204600484261513,0.0,0.0,0.006204600484261513,0.009880896043936339,5.0,4.25,10.160244426642178,sim_input.json
119,4,13,<bidder.UniformBidder object at 0x0000028086D3FD30>,5,True,3,3.8066851514092876,3.0,3.0,1,0.75,4.25,0.0,0.0,0,0.0,0.0,0.0,0.0,0.0,5.0,4.25,10.160244426642178,sim_input.json
119,4,13,<bidder.UniformBidder object at 0x0000028086D3FD30>,5,True,4,2.6835007419003785,5.0,5.0,0.6,0.5,4.25,0.0,0.0,0,0.0,0.0,0.0,0.0,0.0,5.0,4.25,10.160244426642178,sim_input.json
119,4,13,<bidder.UniformBidder object at 0x0000028086D3FD30>,5,True,5,6.1372099457759,3.0,3.0,1,0.75,4.25,0.0,0.0,0,0.005447941888619836,0.0,0.0,0.005447941888619836,0.033435163142846794,5.0,4.25,10.160244426642178,sim_input.json
119,4,13,<bidder.UniformBidder object at 0x0000028086D3FD30>,5,True,6,3.3221327270925416,1.0,1.0,1,1,4.25,0.0,0.0,0,0.1553672316384181,0.0,0.0,0.1553672316384181,0.5161505649437566,5.0,4.25,10.160244426642178,sim_input.json
119,4,13,<bidder.UniformBidder object at 0x0000028086D3FD30>,5,True,7,6.572353563799401,3.0,3.0,1,0.75,4.25,0.0,0.0,0,0.0,0.0,0.0,0.0,0.0,5.0,4.25,10.160244426642178,sim_input.json
119,4,13,<bidder.UniformBidder object at 0x0000028086D3FD30>,5,True,8,0.0,2.0,2.0,1,1,4.25,0.0,0.0,0,0.0,0.0,0.0,0.0,0.0,5.0,4.25,10.160244426642178,sim_input.json
119,4,13,<bidder.UniformBidder object at 0x0000028086D3FD30>,5,True,9,0.0,4.0,4.0,0.75,0.6,4.25,0.0,0.0,0,0.0,0.0,0.0,0.0,0.0,5.0,4.25,10.160244426642178,sim_input.json
119,4,13,<bidder.UniformBidder object at 0x0000028086D3FD30>,5,True,10,6.753827733288387,3.0,3.0,1,0.75,4.25,0.0,0.0,0,0.005447941888619836,0.0,0.0,0.005447941888619836,0.03679446101670416,5.0,4.25,10.160244426642178,sim_input.json
119,4,13,<bidder.UniformBidder object at 0x0000028086D3FD30>,5,True,11,0.0,2.0,2.0,1,1,4.25,0.0,0.0,0,0.0,0.0,0.0,0.0,0.0,5.0,4.25,10.160244426642178,sim_input.json
119,4,13,<bidder.UniformBidder object at 0x0000028086D3FD30>,5,True,12,6.9025621815524945,3.0,3.0,1,0.75,4.25,0.0,0.0,0,0.005447941888619836,0.0,0.0,0.005447941888619836,0.03760475764768295,5.0,4.25,10.160244426642178,sim_input.json
119,4,13,<bidder.UniformBidder object at 0x0000028086D3FD30>,5,True,13,1.2300847846287082,6.0,6.0,0.5,0.42857142857142855,4.25,0.0,0.0,0,0.0028248587570621595,0.0,0.0,0.0028248587570621595,0.0034748157757873268,5.0,4.25,10.160244426642178,sim_input.json
119,4,13,<bidder.UniformBidder object at 0x0000028086D3FD30>,5,True,14,0.515802894580559,3.0,3.0,1,1,4.25,1.0,1.0,1,1.0,1.0,1.0,1.0,0.515802894580559,5.0,4.25,10.160244426642178,sim_input.json
119,4,13,<bidder.UniformBidder object at 0x0000028086D3FD30>,5,True,15,5.726740409937616,3.0,3.0,1,0.75,4.25,0.0,0.0,0,0.005447941888619836,0.0,0.0,0.005447941888619836,0.031198948964551068,5.0,4.25,10.160244426642178,sim_input.json
119,4,13,<bidder.UniformBidder object at 0x0000028086D3FD30>,5,True,16,4.4037955125749315,3.0,3.0,1,0.75,4.25,0.0,0.0,0,0.0,0.0,0.0,0.0,0.0,5.0,4.25,10.160244426642178,sim_input.json
119,4,13,<bidder.UniformBidder object at 0x0000028086D3FD30>,5,True,17,0.0,4.0,4.0,0.75,0.6,4.25,0.0,0.0,0,0.0,0.0,0.0,0.0,0.0,5.0,4.25,10.160244426642178,sim_input.json
119,4,13,<bidder.UniformBidder object at 0x0000028086D3FD30>,5,True,18,7.116326909953863,6.0,6.0,0.5,0.42857142857142855,4.25,0.0,0.0,0,0.009393003256241126,0.0,0.0,0.009393003256241126,0.06684368183767299,5.0,4.25,10.160244426642178,sim_input.json
119,4,13,<bidder.UniformBidder object at 0x0000028086D3FD30>,5,True,19,0.9484098652913191,2.0,2.0,1,1,4.25,1.0,1.0,1,1.0,1.0,1.0,1.0,0.9484098652913191,5.0,4.25,10.160244426642178,sim_input.json
119,4,13,<bidder.UniformBidder object at 0x0000028086D3FD30>,5,True,20,4.904640643051051,1.0,1.0,1,1,4.25,0.0,0.0,0,0.15254237288135594,0.0,0.0,0.15254237288135594,0.7481655218213469,5.0,4.25,10.160244426642178,sim_input.json
119,4,13,<bidder.UniformBidder object at 0x0000028086D3FD30>,5,True,21,0.0,1.0,1.0,1,1,4.25,0.0,0.0,0,0.0,0.0,0.0,0.0,0.0,5.0,4.25,10.160244426642178,sim_input.json
119,4,13,<bidder.UniformBidder object at 0x0000028086D3FD30>,5,True,22,5.103649528308015,3.0,3.0,1,0.75,4.25,0.0,0.0,0,0.013338064623862417,0.0,0.0,0.013338064623862417,0.06807280722611725,5.0,4.25,10.160244426642178,sim_input.json
119,4,13,<bidder.UniformBidder object at 0x0000028086D3FD30>,5,True,23,2.42543712591121,3.0,3.0,1,0.75,4.25,0.0,0.0,0,0.005447941888619836,0.0,0.0,0.005447941888619836,0.013213640516465385,5.0,4.25,10.160244426642178,sim_input.json
119,4,13,<bidder.UniformBidder object at 0x0000028086D3FD30>,5,True,24,0.0,4.0,4.0,0.75,0.6,4.25,0.0,0.0,0,0.0,0.0,0.0,0.0,0.0,5.0,4.25,10.160244426642178,sim_input.json
119,4,13,<bidder.UniformBidder object at 0x0000028086D3FD30>,5,True,25,2.2153285847952118,2.0,2.0,1,1,4.25,0.0,0.0,0,0.07909604519774013,0.0,0.0,0.07909604519774013,0.17522372987080775,5.0,4.25,10.160244426642178,sim_input.json
119,4,13,<bidder.UniformBidder object at 0x0000028086D3FD30>,5,True,26,2.987875393741038,1.0,1.0,1,1,4.25,0.0,0.0,0,0.15254237288135594,0.0,0.0,0.15254237288135594,0.4557776024350736,5.0,4.25,10.160244426642178,sim_input.json
119,4,13,<bidder.UniformBidder object at 0x0000028086D3FD30>,5,True,27,5.583060030751437,0.0,0.0,1,1,4.25,0.0,0.0,0,0.2288135593220339,0.0,0.0,0.2288135593220339,1.2774798375448202,5.0,4.25,10.160244426642178,sim_input.json
119,4,13,<bidder.UniformBidder object at 0x0000028086D3FD30>,5,True,28,6.412093787866829,4.0,4.0,0.75,0.6,4.25,0.0,0.0,0,0.006204600484261513,0.0,0.0,0.006204600484261513,0.039784480221328765,5.0,4.25,10.160244426642178,sim_input.json
119,4,13,<bidder.UniformBidder object at 0x0000028086D3FD30>,5,True,29,7.453913783021848,3.0,3.0,1,0.75,4.25,0.0,0.0,0,0.0028248587570621595,0.0,0.0,0.0028248587570621595,0.0210562536243556,5.0,4.25,10.160244426642178,sim_input.json
119,4,13,<bidder.UniformBidder object at 0x0000028086D3FD30>,5,True,30,5.160092561534805,4.0,4.0,0.75,0.6,4.25,0.0,0.0,0,0.002118644067796603,0.0,0.0,0.002118644067796603,0.010932399494777091,5.0,4.25,10.160244426642178,sim_input.json
119,4,13,<bidder.UniformBidder object at 0x0000028086D3FD30>,5,True,31,5.756109535060115,4.0,4.0,0.75,0.6,4.25,0.0,0.0,0,0.0,0.0,0.0,0.0,0.0,5.0,4.25,10.160244426642178,sim_input.json
119,4,13,<bidder.UniformBidder object at 0x0000028086D3FD30>,5,True,32,7.689106414306247,4.0,4.0,0.75,0.6,4.25,0.0,0.0,0,0.004237288135593206,0.0,0.0,0.004237288135593206,0.03258095938265348,5.0,4.25,10.160244426642178,sim_input.json
119,4,13,<bidder.UniformBidder object at 0x0000028086D3FD30>,5,True,33,7.611169222632388,2.0,2.0,1,1,4.25,0.0,0.0,0,0.07627118644067797,0.0,0.0,0.07627118644067797,0.5805129068109449,5.0,4.25,10.160244426642178,sim_input.json
119,4,13,<bidder.UniformBidder object at 0x0000028086D3FD30>,5,True,34,4.322638295378724,4.0,4.0,0.75,0.6,4.25,0.0,0.0,0,0.0,0.0,0.0,0.0,0.0,5.0,4.25,10.160244426642178,sim_input.json
119,4,13,<bidder.UniformBidder object at 0x0000028086D3FD30>,5,True,35,1.9874610454349773,4.0,4.0,0.75,0.6,4.25,0.0,0.0,0,0.006204600484261513,0.0,0.0,0.006204600484261513,0.012331401764956753,5.0,4.25,10.160244426642178,sim_input.json
119,4,13,<bidder.UniformBidder object at 0x0000028086D3FD30>,5,True,36,0.0,3.0,3.0,1,0.75,4.25,0.0,0.0,0,0.0,0.0,0.0,0.0,0.0,5.0,4.25,10.160244426642178,sim_input.json
119,4,13,<bidder.UniformBidder object at 0x0000028086D3FD30>,5,True,37,1.6515901109010334,6.0,6.0,0.5,0.42857142857142855,4.25,0.0,0.0,0,0.00535749074615237,0.0,0.0,0.00535749074615237,0.008848378735589054,5.0,4.25,10.160244426642178,sim_input.json
119,4,13,<bidder.UniformBidder object at 0x0000028086D3FD30>,5,True,38,0.15506805870320206,3.0,3.0,1,1,4.25,1.0,1.0,1,1.0,1.0,1.0,1.0,0.15506805870320206,5.0,4.25,10.160244426642178,sim_input.json
119,4,13,<bidder.UniformBidder object at 0x0000028086D3FD30>,5,True,39,4.341542386810167,3.0,3.0,1,0.75,4.25,0.0,0.0,0,0.0,0.0,0.0,0.0,0.0,5.0,4.25,10.160244426642178,sim_input.json
119,4,13,<bidder.UniformBidder object at 0x0000028086D3FD30>,5,True,40,1.3613533745534048,4.0,4.0,0.75,0.6,4.25,0.0,0.0,0,0.008323244552058117,0.0,0.0,0.008323244552058117,0.01133087705817756,5.0,4.25,10.160244426642178,sim_input.json
119,4,13,<bidder.UniformBidder object at 0x0000028086D3FD30>,5,True,41,5.232830930945737,1.0,1.0,1,1,4.25,0.0,0.0,0,0.15254237288135594,0.0,0.0,0.15254237288135594,0.7982284470934176,5.0,4.25,10.160244426642178,sim_input.json
119,4,13,<bidder.UniformBidder object at 0x0000028086D3FD30>,5,True,42,4.359056643771858,4.0,4.0,0.75,0.6,4.25,0.0,0.0,0,0.005917592051431902,0.0,0.0,0.005917592051431902,0.025795118946925773,5.0,4.25,10.160244426642178,sim_input.json
119,4,13,<bidder.UniformBidder object at 0x0000028086D3FD30>,5,True,43,0.6182629008028496,4.0,4.0,0.75,0.75,4.25,1.0,1.0,1,0.75,0.75,0.75,0.75,0.4636971756021372,5.0,4.25,10.160244426642178,sim_input.json
119,4,13,<bidder.UniformBidder object at 0x0000028086D3FD30>,5,True,44,6.858537410276574,3.0,3.0,1,0.75,4.25,0.0,0.0,0,0.010714981492304708,0.0,0.0,0.010714981492304708,0.07348910141539294,5.0,4.25,10.160244426642178,sim_input.json
119,4,13,<bidder.UniformBidder object at 0x0000028086D3FD30>,5,True,45,7.957676343689972,1.0,1.0,1,1,4.25,0.0,0.0,0,0.15254237288135594,0.0,0.0,0.15254237288135594,1.2138828320883008,5.0,4.25,10.160244426642178,sim_input.json
119,4,13,<bidder.UniformBidder object at 0x0000028086D3FD30>,5,True,46,1.8403295161675148,1.0,1.0,1,1,4.25,0.0,0.0,0,0.15254237288135594,0.0,0.0,0.15254237288135594,0.2807282312797904,5.0,4.25,10.160244426642178,sim_input.json
119,4,13,<bidder.UniformBidder object at 0x0000028086D3FD30>,5,True,47,1.6597705414748498,4.0,4.0,0.75,0.6,4.25,0.0,0.0,0,0.004237288135593206,0.0,0.0,0.004237288135593206,0.007032926023198492,5.0,4.25,10.160244426642178,sim_input.json
119,4,13,<bidder.UniformBidder object at 0x0000028086D3FD30>,5,True,48,0.0,2.0,2.0,1,1,4.25,0.0,0.0,0,0.0,0.0,0.0,0.0,0.0,5.0,4.25,10.160244426642178,sim_input.json
119,4,13,<bidder.UniformBidder object at 0x0000028086D3FD30>,5,True,49,1.3367368188989766,3.0,3.0,1,0.75,4.25,0.0,0.0,0,0.007890122735242547,0.0,0.0,0.007890122735242547,0.010547017565830614,5.0,4.25,10.160244426642178,sim_input.json
119,4,13,<bidder.UniformBidder object at 0x0000028086D3FD30>,5,True,50,6.4592761563135115,1.0,1.0,1,1,4.25,0.0,0.0,0,0.15799031476997577,0.0,0.0,0.15799031476997577,1.020503073122171,5.0,4.25,10.160244426642178,sim_input.json
119,4,13,<bidder.UniformBidder object at 0x0000028086D3FD30>,5,True,51,1.1437886474193,4.0,4.0,0.75,0.6,4.25,0.0,0.0,0,0.005917592051431902,0.0,0.0,0.005917592051431902,0.0067684746084864965,5.0,4.25,10.160244426642178,sim_input.json
119,4,14,<bidder.IntegralGreedyBidder object at 0x0000028086D3F128>,5,True,0,2.590680180012998,6.0,6.0,0.5,0.42857142857142855,6.5,0.0,0.0,0,0.0,0.0,0.0,0.0,0.0,8.0,6.5,3.8232651945333713,sim_input.json
119,4,14,<bidder.IntegralGreedyBidder object at 0x0000028086D3F128>,5,True,1,3.518641751587636,1.0,1.0,1,1,6.5,0.0,0.0,0,0.0,0.0,0.0,0.0,0.0,8.0,6.5,3.8232651945333713,sim_input.json
119,4,14,<bidder.IntegralGreedyBidder object at 0x0000028086D3F128>,5,True,2,5.566639297161284,4.0,4.0,0.75,0.6,6.5,0.0,0.0,0,0.0,0.0,0.0,0.0,0.0,8.0,6.5,3.8232651945333713,sim_input.json
119,4,14,<bidder.IntegralGreedyBidder object at 0x0000028086D3F128>,5,True,3,0.0,3.0,3.0,1,0.75,6.5,0.0,0.0,0,0.0,0.0,0.0,0.0,0.0,8.0,6.5,3.8232651945333713,sim_input.json
119,4,14,<bidder.IntegralGreedyBidder object at 0x0000028086D3F128>,5,True,4,7.67927009352848,5.0,5.0,0.6,0.5,6.5,0.0,0.0,0,0.0,0.0,0.0,0.0,0.0,8.0,6.5,3.8232651945333713,sim_input.json
119,4,14,<bidder.IntegralGreedyBidder object at 0x0000028086D3F128>,5,True,5,5.029103730353529,3.0,3.0,1,0.75,6.5,0.0,0.0,0,0.0,0.0,0.0,0.0,0.0,8.0,6.5,3.8232651945333713,sim_input.json
119,4,14,<bidder.IntegralGreedyBidder object at 0x0000028086D3F128>,5,True,6,0.0,1.0,1.0,1,1,6.5,0.0,0.0,0,0.0,0.0,0.0,0.0,0.0,8.0,6.5,3.8232651945333713,sim_input.json
119,4,14,<bidder.IntegralGreedyBidder object at 0x0000028086D3F128>,5,True,7,0.8941079358138901,3.0,3.0,1,1,6.5,1.0,1.0,1,1.0,1.0,1.0,1.0,0.8941079358138901,8.0,6.5,3.8232651945333713,sim_input.json
119,4,14,<bidder.IntegralGreedyBidder object at 0x0000028086D3F128>,5,True,8,0.8575440528421898,2.0,2.0,1,1,6.5,1.0,1.0,1,1.0,1.0,1.0,1.0,0.8575440528421898,8.0,6.5,3.8232651945333713,sim_input.json
119,4,14,<bidder.IntegralGreedyBidder object at 0x0000028086D3F128>,5,True,9,4.500221050409877,4.0,4.0,0.75,0.6,6.5,0.0,0.0,0,0.0,0.0,0.0,0.0,0.0,8.0,6.5,3.8232651945333713,sim_input.json
119,4,14,<bidder.IntegralGreedyBidder object at 0x0000028086D3F128>,5,True,10,6.468465269074496,3.0,3.0,1,0.75,6.5,0.0,0.0,0,0.0,0.0,0.0,0.0,0.0,8.0,6.5,3.8232651945333713,sim_input.json
119,4,14,<bidder.IntegralGreedyBidder object at 0x0000028086D3F128>,5,True,11,3.992424888133893,2.0,2.0,1,1,6.5,0.0,0.0,0,0.0,0.0,0.0,0.0,0.0,8.0,6.5,3.8232651945333713,sim_input.json
119,4,14,<bidder.IntegralGreedyBidder object at 0x0000028086D3F128>,5,True,12,7.086323399685458,3.0,3.0,1,0.75,6.5,0.0,0.0,0,0.0,0.0,0.0,0.0,0.0,8.0,6.5,3.8232651945333713,sim_input.json
119,4,14,<bidder.IntegralGreedyBidder object at 0x0000028086D3F128>,5,True,13,0.3727840093185141,6.0,6.0,0.5,0.5,6.5,1.0,1.0,1,0.5,0.5,0.5,0.5,0.18639200465925704,8.0,6.5,3.8232651945333713,sim_input.json
119,4,14,<bidder.IntegralGreedyBidder object at 0x0000028086D3F128>,5,True,14,4.116581473853799,3.0,3.0,1,0.75,6.5,0.0,0.0,0,0.0,0.0,0.0,0.0,0.0,8.0,6.5,3.8232651945333713,sim_input.json
119,4,14,<bidder.IntegralGreedyBidder object at 0x0000028086D3F128>,5,True,15,5.546269190768061,3.0,3.0,1,0.75,6.5,0.0,0.0,0,0.0,0.0,0.0,0.0,0.0,8.0,6.5,3.8232651945333713,sim_input.json
119,4,14,<bidder.IntegralGreedyBidder object at 0x0000028086D3F128>,5,True,16,0.0,3.0,3.0,1,0.75,6.5,0.0,0.0,0,0.0,0.0,0.0,0.0,0.0,8.0,6.5,3.8232651945333713,sim_input.json
119,4,14,<bidder.IntegralGreedyBidder object at 0x0000028086D3F128>,5,True,17,1.246006185057086,4.0,4.0,0.75,0.6,6.5,0.0,0.0,0,0.0,0.0,0.0,0.0,0.0,8.0,6.5,3.8232651945333713,sim_input.json
119,4,14,<bidder.IntegralGreedyBidder object at 0x0000028086D3F128>,5,True,18,4.350501457479385,6.0,6.0,0.5,0.42857142857142855,6.5,0.0,0.0,0,0.0,0.0,0.0,0.0,0.0,8.0,6.5,3.8232651945333713,sim_input.json
119,4,14,<bidder.IntegralGreedyBidder object at 0x0000028086D3F128>,5,True,19,1.4753601252533048,2.0,2.0,1,1,6.5,0.0,0.0,0,0.0,0.0,0.0,0.0,0.0,8.0,6.5,3.8232651945333713,sim_input.json
119,4,14,<bidder.IntegralGreedyBidder object at 0x0000028086D3F128>,5,True,20,2.924189485734498,1.0,1.0,1,1,6.5,0.0,0.0,0,0.0,0.0,0.0,0.0,0.0,8.0,6.5,3.8232651945333713,sim_input.json
119,4,14,<bidder.IntegralGreedyBidder object at 0x0000028086D3F128>,5,True,21,3.0114909685158127,1.0,1.0,1,1,6.5,0.0,0.0,0,0.0,0.0,0.0,0.0,0.0,8.0,6.5,3.8232651945333713,sim_input.json
119,4,14,<bidder.IntegralGreedyBidder object at 0x0000028086D3F128>,5,True,22,4.7680618580089895,3.0,3.0,1,0.75,6.5,0.0,0.0,0,0.0,0.0,0.0,0.0,0.0,8.0,6.5,3.8232651945333713,sim_input.json
119,4,14,<bidder.IntegralGreedyBidder object at 0x0000028086D3F128>,5,True,23,7.525904169529197,3.0,3.0,1,0.75,6.5,0.0,0.0,0,0.0,0.0,0.0,0.0,0.0,8.0,6.5,3.8232651945333713,sim_input.json
119,4,14,<bidder.IntegralGreedyBidder object at 0x0000028086D3F128>,5,True,24,0.9326837096493567,4.0,4.0,0.75,0.75,6.5,1.0,1.0,1,0.75,0.75,0.75,0.75,0.6995127822370175,8.0,6.5,3.8232651945333713,sim_input.json
119,4,14,<bidder.IntegralGreedyBidder object at 0x0000028086D3F128>,5,True,25,1.7248056637951408,2.0,2.0,1,1,6.5,0.0,0.0,0,0.0,0.0,0.0,0.0,0.0,8.0,6.5,3.8232651945333713,sim_input.json
119,4,14,<bidder.IntegralGreedyBidder object at 0x0000028086D3F128>,5,True,26,2.306876992811877,1.0,1.0,1,1,6.5,0.0,0.0,0,0.0,0.0,0.0,0.0,0.0,8.0,6.5,3.8232651945333713,sim_input.json
119,4,14,<bidder.IntegralGreedyBidder object at 0x0000028086D3F128>,5,True,27,5.522214567431611,0.0,0.0,1,1,6.5,0.0,0.0,0,0.0,0.0,0.0,0.0,0.0,8.0,6.5,3.8232651945333713,sim_input.json
119,4,14,<bidder.IntegralGreedyBidder object at 0x0000028086D3F128>,5,True,28,5.291484120697927,4.0,4.0,0.75,0.6,6.5,0.0,0.0,0,0.0,0.0,0.0,0.0,0.0,8.0,6.5,3.8232651945333713,sim_input.json
119,4,14,<bidder.IntegralGreedyBidder object at 0x0000028086D3F128>,5,True,29,2.1712602537391406,3.0,3.0,1,0.75,6.5,0.0,0.0,0,0.0,0.0,0.0,0.0,0.0,8.0,6.5,3.8232651945333713,sim_input.json
119,4,14,<bidder.IntegralGreedyBidder object at 0x0000028086D3F128>,5,True,30,3.225578218124062,4.0,4.0,0.75,0.6,6.5,0.0,0.0,0,0.0,0.0,0.0,0.0,0.0,8.0,6.5,3.8232651945333713,sim_input.json
119,4,14,<bidder.IntegralGreedyBidder object at 0x0000028086D3F128>,5,True,31,0.0,4.0,4.0,0.75,0.6,6.5,0.0,0.0,0,0.0,0.0,0.0,0.0,0.0,8.0,6.5,3.8232651945333713,sim_input.json
119,4,14,<bidder.IntegralGreedyBidder object at 0x0000028086D3F128>,5,True,32,0.0,4.0,4.0,0.75,0.6,6.5,0.0,0.0,0,0.0,0.0,0.0,0.0,0.0,8.0,6.5,3.8232651945333713,sim_input.json
119,4,14,<bidder.IntegralGreedyBidder object at 0x0000028086D3F128>,5,True,33,0.0,2.0,2.0,1,1,6.5,0.0,0.0,0,0.0,0.0,0.0,0.0,0.0,8.0,6.5,3.8232651945333713,sim_input.json
119,4,14,<bidder.IntegralGreedyBidder object at 0x0000028086D3F128>,5,True,34,0.726040552038332,4.0,4.0,0.75,0.75,6.5,1.0,1.0,1,0.75,0.75,0.75,0.75,0.544530414028749,8.0,6.5,3.8232651945333713,sim_input.json
119,4,14,<bidder.IntegralGreedyBidder object at 0x0000028086D3F128>,5,True,35,0.0,4.0,4.0,0.75,0.6,6.5,0.0,0.0,0,0.0,0.0,0.0,0.0,0.0,8.0,6.5,3.8232651945333713,sim_input.json
119,4,14,<bidder.IntegralGreedyBidder object at 0x0000028086D3F128>,5,True,36,7.072988981799542,3.0,3.0,1,0.75,6.5,0.0,0.0,0,0.0,0.0,0.0,0.0,0.0,8.0,6.5,3.8232651945333713,sim_input.json
119,4,14,<bidder.IntegralGreedyBidder object at 0x0000028086D3F128>,5,True,37,0.0,6.0,6.0,0.5,0.42857142857142855,6.5,0.0,0.0,0,0.0,0.0,0.0,0.0,0.0,8.0,6.5,3.8232651945333713,sim_input.json
119,4,14,<bidder.IntegralGreedyBidder object at 0x0000028086D3F128>,5,True,38,6.3130019717448205,3.0,3.0,1,0.75,6.5,0.0,0.0,0,0.0,0.0,0.0,0.0,0.0,8.0,6.5,3.8232651945333713,sim_input.json
119,4,14,<bidder.IntegralGreedyBidder object at 0x0000028086D3F128>,5,True,39,3.8743732603180003,3.0,3.0,1,0.75,6.5,0.0,0.0,0,0.0,0.0,0.0,0.0,0.0,8.0,6.5,3.8232651945333713,sim_input.json
119,4,14,<bidder.IntegralGreedyBidder object at 0x0000028086D3F128>,5,True,40,6.197138216336894,4.0,4.0,0.75,0.6,6.5,0.0,0.0,0,0.0,0.0,0.0,0.0,0.0,8.0,6.5,3.8232651945333713,sim_input.json
119,4,14,<bidder.IntegralGreedyBidder object at 0x0000028086D3F128>,5,True,41,4.687467644529187,1.0,1.0,1,1,6.5,0.0,0.0,0,0.0,0.0,0.0,0.0,0.0,8.0,6.5,3.8232651945333713,sim_input.json
119,4,14,<bidder.IntegralGreedyBidder object at 0x0000028086D3F128>,5,True,42,0.3336022386176838,4.0,4.0,0.75,0.75,6.5,1.0,1.0,1,0.75,0.75,0.75,0.75,0.25020167896326284,8.0,6.5,3.8232651945333713,sim_input.json
119,4,14,<bidder.IntegralGreedyBidder object at 0x0000028086D3F128>,5,True,43,0.06363070421625627,4.0,4.0,0.75,0.75,6.5,1.0,1.0,1,0.75,0.75,0.75,0.75,0.047723028162192205,8.0,6.5,3.8232651945333713,sim_input.json
119,4,14,<bidder.IntegralGreedyBidder object at 0x0000028086D3F128>,5,True,44,0.9576247432974114,3.0,3.0,1,0.75,6.5,0.0,0.0,0,0.0,0.0,0.0,0.0,0.0,8.0,6.5,3.8232651945333713,sim_input.json
119,4,14,<bidder.IntegralGreedyBidder object at 0x0000028086D3F128>,5,True,45,7.176248738777758,1.0,1.0,1,1,6.5,0.0,0.0,0,0.0,0.0,0.0,0.0,0.0,8.0,6.5,3.8232651945333713,sim_input.json
119,4,14,<bidder.IntegralGreedyBidder object at 0x0000028086D3F128>,5,True,46,4.57469941139493,1.0,1.0,1,1,6.5,0.0,0.0,0,0.0,0.0,0.0,0.0,0.0,8.0,6.5,3.8232651945333713,sim_input.json
119,4,14,<bidder.IntegralGreedyBidder object at 0x0000028086D3F128>,5,True,47,1.459101866662318,4.0,4.0,0.75,0.6,6.5,0.0,0.0,0,0.0,0.0,0.0,0.0,0.0,8.0,6.5,3.8232651945333713,sim_input.json
119,4,14,<bidder.IntegralGreedyBidder object at 0x0000028086D3F128>,5,True,48,0.34325329782681335,2.0,2.0,1,1,6.5,1.0,1.0,1,1.0,1.0,1.0,1.0,0.34325329782681335,8.0,6.5,3.8232651945333713,sim_input.json
119,4,14,<bidder.IntegralGreedyBidder object at 0x0000028086D3F128>,5,True,49,0.9421597387271343,3.0,3.0,1,0.75,6.5,0.0,0.0,0,0.0,0.0,0.0,0.0,0.0,8.0,6.5,3.8232651945333713,sim_input.json
119,4,14,<bidder.IntegralGreedyBidder object at 0x0000028086D3F128>,5,True,50,2.960656063530407,1.0,1.0,1,1,6.5,0.0,0.0,0,0.0,0.0,0.0,0.0,0.0,8.0,6.5,3.8232651945333713,sim_input.json
119,4,14,<bidder.IntegralGreedyBidder object at 0x0000028086D3F128>,5,True,51,2.827248772234399,4.0,4.0,0.75,0.6,6.5,0.0,0.0,0,0.0,0.0,0.0,0.0,0.0,8.0,6.5,3.8232651945333713,sim_input.json
119,4,15,<bidder.UniformBidder object at 0x0000028086D3F2E8>,5,True,0,0.0,6.0,6.0,0.5,0.42857142857142855,3.5,0.0,0.0,0,0.0,0.0,0.0,0.0,0.0,5.0,3.5,15.545721245793812,sim_input.json
119,4,15,<bidder.UniformBidder object at 0x0000028086D3F2E8>,5,True,1,3.657394946139583,1.0,1.0,1,1,3.5,0.0,0.0,0,0.21390999415546466,0.0,0.0,0.21390999415546466,0.7823533315529442,5.0,3.5,15.545721245793812,sim_input.json
119,4,15,<bidder.UniformBidder object at 0x0000028086D3F2E8>,5,True,2,2.907440327930737,4.0,4.0,0.75,0.6,3.5,0.0,0.0,0,0.008272800645682019,0.0,0.0,0.008272800645682019,0.02405267422218734,5.0,3.5,15.545721245793812,sim_input.json
119,4,15,<bidder.UniformBidder object at 0x0000028086D3F2E8>,5,True,3,3.0865521747855027,3.0,3.0,1,0.75,3.5,0.0,0.0,0,0.0,0.0,0.0,0.0,0.0,5.0,3.5,15.545721245793812,sim_input.json
119,4,15,<bidder.UniformBidder object at 0x0000028086D3F2E8>,5,True,4,2.9084110647046275,5.0,5.0,0.6,0.5,3.5,0.0,0.0,0,0.0,0.0,0.0,0.0,0.0,5.0,3.5,15.545721245793812,sim_input.json
119,4,15,<bidder.UniformBidder object at 0x0000028086D3F2E8>,5,True,5,3.975561383905964,3.0,3.0,1,0.75,3.5,0.0,0.0,0,0.007263922518159781,0.0,0.0,0.007263922518159781,0.02887816985888099,5.0,3.5,15.545721245793812,sim_input.json
119,4,15,<bidder.UniformBidder object at 0x0000028086D3F2E8>,5,True,6,4.311163605569012,1.0,1.0,1,1,3.5,0.0,0.0,0,0.20715630885122413,0.0,0.0,0.20715630885122413,0.8930847393834114,5.0,3.5,15.545721245793812,sim_input.json
119,4,15,<bidder.UniformBidder object at 0x0000028086D3F2E8>,5,True,7,2.2840715097446482,3.0,3.0,1,0.75,3.5,0.0,0.0,0,0.0,0.0,0.0,0.0,0.0,5.0,3.5,15.545721245793812,sim_input.json
119,4,15,<bidder.UniformBidder object at 0x0000028086D3F2E8>,5,True,8,7.643382768653128,2.0,2.0,1,1,3.5,0.0,0.0,0,0.1016949152542373,0.0,0.0,0.1016949152542373,0.7772931629138774,5.0,3.5,15.545721245793812,sim_input.json
119,4,15,<bidder.UniformBidder object at 0x0000028086D3F2E8>,5,True,9,0.21232119963414653,4.0,4.0,0.75,0.75,3.5,1.0,1.0,1,0.7554479418886199,0.75,0.75,0.7554479418886199,0.16039761328293878,5.0,3.5,15.545721245793812,sim_input.json
119,4,15,<bidder.UniformBidder object at 0x0000028086D3F2E8>,5,True,10,3.2202016815706176,3.0,3.0,1,0.75,3.5,0.0,0.0,0,0.007263922518159781,0.0,0.0,0.007263922518159781,0.0233912955077768,5.0,3.5,15.545721245793812,sim_input.json
119,4,15,<bidder.UniformBidder object at 0x0000028086D3F2E8>,5,True,11,6.608544357524012,2.0,2.0,1,1,3.5,0.0,0.0,0,0.1089588377723971,0.0,0.0,0.1089588377723971,0.720059312563149,5.0,3.5,15.545721245793812,sim_input.json
119,4,15,<bidder.UniformBidder object at 0x0000028086D3F2E8>,5,True,12,0.11002596729234593,3.0,3.0,1,1,3.5,1.0,1.0,1,1.0,1.0,1.0,1.0,0.11002596729234593,5.0,3.5,15.545721245793812,sim_input.json
119,4,15,<bidder.UniformBidder object at 0x0000028086D3F2E8>,5,True,13,0.3522386639754096,6.0,6.0,0.5,0.5,3.5,1.0,1.0,1,0.5037664783427496,0.5,0.5,0.5037664783427496,0.17744603128704722,5.0,3.5,15.545721245793812,sim_input.json
119,4,15,<bidder.UniformBidder object at 0x0000028086D3F2E8>,5,True,14,2.958540728886832,3.0,3.0,1,0.75,3.5,0.0,0.0,0,0.003766478342749546,0.0,0.0,0.003766478342749546,0.011143279581494709,5.0,3.5,15.545721245793812,sim_input.json
119,4,15,<bidder.UniformBidder object at 0x0000028086D3F2E8>,5,True,15,5.012619211695451,3.0,3.0,1,0.75,3.5,0.0,0.0,0,0.007263922518159781,0.0,0.0,0.007263922518159781,0.036411277566794915,5.0,3.5,15.545721245793812,sim_input.json
119,4,15,<bidder.UniformBidder object at 0x0000028086D3F2E8>,5,True,16,6.2757838243524136,3.0,3.0,1,0.75,3.5,0.0,0.0,0,0.0,0.0,0.0,0.0,0.0,5.0,3.5,15.545721245793812,sim_input.json
119,4,15,<bidder.UniformBidder object at 0x0000028086D3F2E8>,5,True,17,3.668285461181272,4.0,4.0,0.75,0.6,3.5,0.0,0.0,0,0.01898778213798669,0.0,0.0,0.01898778213798669,0.06965260515685402,5.0,3.5,15.545721245793812,sim_input.json
119,4,15,<bidder.UniformBidder object at 0x0000028086D3F2E8>,5,True,18,0.0,6.0,6.0,0.5,0.42857142857142855,3.5,0.0,0.0,0,0.0,0.0,0.0,0.0,0.0,5.0,3.5,15.545721245793812,sim_input.json
119,4,15,<bidder.UniformBidder object at 0x0000028086D3F2E8>,5,True,19,4.2800651742070945,2.0,2.0,1,1,3.5,0.0,0.0,0,0.1016949152542373,0.0,0.0,0.1016949152542373,0.43526086517360285,5.0,3.5,15.545721245793812,sim_input.json
119,4,15,<bidder.UniformBidder object at 0x0000028086D3F2E8>,5,True,20,4.118094997573536,1.0,1.0,1,1,3.5,0.0,0.0,0,0.2033898305084746,0.0,0.0,0.2033898305084746,0.8375786435742786,5.0,3.5,15.545721245793812,sim_input.json
119,4,15,<bidder.UniformBidder object at 0x0000028086D3F2E8>,5,True,21,6.358096994051157,1.0,1.0,1,1,3.5,0.0,0.0,0,0.2033898305084746,0.0,0.0,0.2033898305084746,1.2931722699765065,5.0,3.5,15.545721245793812,sim_input.json
119,4,15,<bidder.UniformBidder object at 0x0000028086D3F2E8>,5,True,22,0.9630142925573355,3.0,3.0,1,0.75,3.5,0.0,0.0,0,0.017784086165149888,0.0,0.0,0.017784086165149888,0.017126329157110518,5.0,3.5,15.545721245793812,sim_input.json
119,4,15,<bidder.UniformBidder object at 0x0000028086D3F2E8>,5,True,23,0.7602752320006272,3.0,3.0,1,0.75,3.5,0.0,0.0,0,0.007263922518159781,0.0,0.0,0.007263922518159781,0.005522580377728507,5.0,3.5,15.545721245793812,sim_input.json
119,4,15,<bidder.UniformBidder object at 0x0000028086D3F2E8>,5,True,24,0.41974338214447116,4.0,4.0,0.75,0.6,3.5,0.0,0.0,0,0.002824858757062137,0.0,0.0,0.002824858757062137,0.0011857157687696883,5.0,3.5,15.545721245793812,sim_input.json
119,4,15,<bidder.UniformBidder object at 0x0000028086D3F2E8>,5,True,25,7.95005422783389,2.0,2.0,1,1,3.5,0.0,0.0,0,0.10546139359698684,0.0,0.0,0.10546139359698684,0.8384237980389792,5.0,3.5,15.545721245793812,sim_input.json
119,4,15,<bidder.UniformBidder object at 0x0000028086D3F2E8>,5,True,26,2.54106206314393,1.0,1.0,1,1,3.5,0.0,0.0,0,0.2033898305084746,0.0,0.0,0.2033898305084746,0.5168261823343586,5.0,3.5,15.545721245793812,sim_input.json
119,4,15,<bidder.UniformBidder object at 0x0000028086D3F2E8>,5,True,27,6.380602305537337,0.0,0.0,1,1,3.5,0.0,0.0,0,0.3050847457627119,0.0,0.0,0.3050847457627119,1.9466244321978319,5.0,3.5,15.545721245793812,sim_input.json
119,4,15,<bidder.UniformBidder object at 0x0000028086D3F2E8>,5,True,28,4.498436759940126,4.0,4.0,0.75,0.6,3.5,0.0,0.0,0,0.008272800645682019,0.0,0.0,0.008272800645682019,0.0372146705321924,5.0,3.5,15.545721245793812,sim_input.json
119,4,15,<bidder.UniformBidder object at 0x0000028086D3F2E8>,5,True,29,5.505251930120229,3.0,3.0,1,0.75,3.5,0.0,0.0,0,0.003766478342749546,0.0,0.0,0.003766478342749546,0.02073541216617798,5.0,3.5,15.545721245793812,sim_input.json
119,4,15,<bidder.UniformBidder object at 0x0000028086D3F2E8>,5,True,30,2.182518795855197,4.0,4.0,0.75,0.6,3.5,0.0,0.0,0,0.002824858757062137,0.0,0.0,0.002824858757062137,0.006165307332924263,5.0,3.5,15.545721245793812,sim_input.json
119,4,15,<bidder.UniformBidder object at 0x0000028086D3F2E8>,5,True,31,4.818553524477737,4.0,4.0,0.75,0.6,3.5,0.0,0.0,0,0.0,0.0,0.0,0.0,0.0,5.0,3.5,15.545721245793812,sim_input.json
119,4,15,<bidder.UniformBidder object at 0x0000028086D3F2E8>,5,True,32,6.786993743099197,4.0,4.0,0.75,0.6,3.5,0.0,0.0,0,0.005649717514124274,0.0,0.0,0.005649717514124274,0.038344597418639395,5.0,3.5,15.545721245793812,sim_input.json
119,4,15,<bidder.UniformBidder object at 0x0000028086D3F2E8>,5,True,33,7.5950563720839,2.0,2.0,1,1,3.5,0.0,0.0,0,0.1016949152542373,0.0,0.0,0.1016949152542373,0.7723786141102272,5.0,3.5,15.545721245793812,sim_input.json
119,4,15,<bidder.UniformBidder object at 0x0000028086D3F2E8>,5,True,34,0.4671509669156999,4.0,4.0,0.75,0.6,3.5,0.0,0.0,0,0.0,0.0,0.0,0.0,0.0,5.0,3.5,15.545721245793812,sim_input.json
119,4,15,<bidder.UniformBidder object at 0x0000028086D3F2E8>,5,True,35,6.422864995522955,4.0,4.0,0.75,0.6,3.5,0.0,0.0,0,0.008272800645682019,0.0,0.0,0.008272800645682019,0.05313508168209074,5.0,3.5,15.545721245793812,sim_input.json
119,4,15,<bidder.UniformBidder object at 0x0000028086D3F2E8>,5,True,36,4.988111426545533,3.0,3.0,1,0.75,3.5,0.0,0.0,0,0.011299435028248593,0.0,0.0,0.011299435028248593,0.056362840977915656,5.0,3.5,15.545721245793812,sim_input.json
119,4,15,<bidder.UniformBidder object at 0x0000028086D3F2E8>,5,True,37,0.19466790065517403,6.0,6.0,0.5,0.5,3.5,1.0,1.0,1,0.5071433209948698,0.5,0.5,0.5071433209948698,0.09872452562936435,5.0,3.5,15.545721245793812,sim_input.json
119,4,15,<bidder.UniformBidder object at 0x0000028086D3F2E8>,5,True,38,3.747334208765078,3.0,3.0,1,0.75,3.5,0.0,0.0,0,0.003766478342749546,0.0,0.0,0.003766478342749546,0.014114253140358171,5.0,3.5,15.545721245793812,sim_input.json
119,4,15,<bidder.UniformBidder object at 0x0000028086D3F2E8>,5,True,39,6.692416770921636,3.0,3.0,1,0.75,3.5,0.0,0.0,0,0.0,0.0,0.0,0.0,0.0,5.0,3.5,15.545721245793812,sim_input.json
119,4,15,<bidder.UniformBidder object at 0x0000028086D3F2E8>,5,True,40,2.2899466926845724,4.0,4.0,0.75,0.6,3.5,0.0,0.0,0,0.011097659402744155,0.0,0.0,0.011097659402744155,0.025413048445853827,5.0,3.5,15.545721245793812,sim_input.json
119,4,15,<bidder.UniformBidder object at 0x0000028086D3F2E8>,5,True,41,3.846858471376902,1.0,1.0,1,1,3.5,0.0,0.0,0,0.2033898305084746,0.0,0.0,0.2033898305084746,0.7824118924834378,5.0,3.5,15.545721245793812,sim_input.json
119,4,15,<bidder.UniformBidder object at 0x0000028086D3F2E8>,5,True,42,5.738369102990232,4.0,4.0,0.75,0.6,3.5,0.0,0.0,0,0.007890122735242536,0.0,0.0,0.007890122735242536,0.04527643652271655,5.0,3.5,15.545721245793812,sim_input.json
119,4,15,<bidder.UniformBidder object at 0x0000028086D3F2E8>,5,True,43,3.3079399012123476,4.0,4.0,0.75,0.6,3.5,0.0,0.0,0,0.0,0.0,0.0,0.0,0.0,5.0,3.5,15.545721245793812,sim_input.json
119,4,15,<bidder.UniformBidder object at 0x0000028086D3F2E8>,5,True,44,2.3345155151755295,3.0,3.0,1,0.75,3.5,0.0,0.0,0,0.014286641989739609,0.0,0.0,0.014286641989739609,0.03335238738480532,5.0,3.5,15.545721245793812,sim_input.json
119,4,15,<bidder.UniformBidder object at 0x0000028086D3F2E8>,5,True,45,3.5152962960401495,1.0,1.0,1,1,3.5,0.0,0.0,0,0.2033898305084746,0.0,0.0,0.2033898305084746,0.7149755178386745,5.0,3.5,15.545721245793812,sim_input.json
119,4,15,<bidder.UniformBidder object at 0x0000028086D3F2E8>,5,True,46,5.549365358107169,1.0,1.0,1,1,3.5,0.0,0.0,0,0.2033898305084746,0.0,0.0,0.2033898305084746,1.1286844796150175,5.0,3.5,15.545721245793812,sim_input.json
119,4,15,<bidder.UniformBidder object at 0x0000028086D3F2E8>,5,True,47,0.0,4.0,4.0,0.75,0.6,3.5,0.0,0.0,0,0.0,0.0,0.0,0.0,0.0,5.0,3.5,15.545721245793812,sim_input.json
119,4,15,<bidder.UniformBidder object at 0x0000028086D3F2E8>,5,True,48,3.407288415865507,2.0,2.0,1,1,3.5,0.0,0.0,0,0.1016949152542373,0.0,0.0,0.1016949152542373,0.34650390669818715,5.0,3.5,15.545721245793812,sim_input.json
119,4,15,<bidder.UniformBidder object at 0x0000028086D3F2E8>,5,True,49,4.187343277295524,3.0,3.0,1,0.75,3.5,0.0,0.0,0,0.010520163646990063,0.0,0.0,0.010520163646990063,0.0440515365232726,5.0,3.5,15.545721245793812,sim_input.json
119,4,15,<bidder.UniformBidder object at 0x0000028086D3F2E8>,5,True,50,6.78156809124844,1.0,1.0,1,1,3.5,0.0,0.0,0,0.21065375302663436,0.0,0.0,0.21065375302663436,1.428562769827153,5.0,3.5,15.545721245793812,sim_input.json
119,4,15,<bidder.UniformBidder object at 0x0000028086D3F2E8>,5,True,51,0.2551869788168457,4.0,4.0,0.75,0.75,3.5,1.0,1.0,1,0.7578901227352426,0.75,0.75,0.7578901227352426,0.19340369069593494,5.0,3.5,15.545721245793812,sim_input.json
119,4,16,<bidder.IntegralGreedyBidder object at 0x0000028086D3FE80>,5,True,0,0.0,6.0,6.0,0.5,0.42857142857142855,5.85,0.0,0.0,0,0.0,0.0,0.0,0.0,0.0,7.0,5.85,6.4651505038142245,sim_input.json
119,4,16,<bidder.IntegralGreedyBidder object at 0x0000028086D3FE80>,5,True,1,3.378817914509118,1.0,1.0,1,1,5.85,0.0,0.0,0,0.0463471654003507,0.0,0.0,0.0463471654003507,0.1565986327414221,7.0,5.85,6.4651505038142245,sim_input.json
119,4,16,<bidder.IntegralGreedyBidder object at 0x0000028086D3FE80>,5,True,2,1.7980522546841728,4.0,4.0,0.75,0.6,5.85,0.0,0.0,0,0.0017924401398977715,0.0,0.0,0.0017924401398977715,0.0032229010349296024,7.0,5.85,6.4651505038142245,sim_input.json
119,4,16,<bidder.IntegralGreedyBidder object at 0x0000028086D3FE80>,5,True,3,1.5373479410486421,3.0,3.0,1,0.75,5.85,0.0,0.0,0,0.0,0.0,0.0,0.0,0.0,7.0,5.85,6.4651505038142245,sim_input.json
119,4,16,<bidder.IntegralGreedyBidder object at 0x0000028086D3FE80>,5,True,4,0.00038706825346790374,5.0,5.0,0.6,0.6,5.85,1.0,1.0,1,0.6,0.6,0.6,0.6,0.00023224095208074225,7.0,5.85,6.4651505038142245,sim_input.json
119,4,16,<bidder.IntegralGreedyBidder object at 0x0000028086D3FE80>,5,True,5,1.7303166954552487,3.0,3.0,1,0.75,5.85,0.0,0.0,0,0.00157384987893462,0.0,0.0,0.00157384987893462,0.002723258721660795,7.0,5.85,6.4651505038142245,sim_input.json
119,4,16,<bidder.IntegralGreedyBidder object at 0x0000028086D3FE80>,5,True,6,0.0,1.0,1.0,1,1,5.85,0.0,0.0,0,0.0,0.0,0.0,0.0,0.0,7.0,5.85,6.4651505038142245,sim_input.json
119,4,16,<bidder.IntegralGreedyBidder object at 0x0000028086D3FE80>,5,True,7,0.08983423673974844,3.0,3.0,1,1,5.85,1.0,1.0,1,1.0,1.0,1.0,1.0,0.08983423673974844,7.0,5.85,6.4651505038142245,sim_input.json
119,4,16,<bidder.IntegralGreedyBidder object at 0x0000028086D3FE80>,5,True,8,3.139935946865685,2.0,2.0,1,1,5.85,0.0,0.0,0,0.02203389830508476,0.0,0.0,0.02203389830508476,0.06918502933771853,7.0,5.85,6.4651505038142245,sim_input.json
119,4,16,<bidder.IntegralGreedyBidder object at 0x0000028086D3FE80>,5,True,9,3.9775451319683772,4.0,4.0,0.75,0.6,5.85,0.0,0.0,0,0.001180387409200975,0.0,0.0,0.001180387409200975,0.0046950441933041025,7.0,5.85,6.4651505038142245,sim_input.json
119,4,16,<bidder.IntegralGreedyBidder object at 0x0000028086D3FE80>,5,True,10,0.0,3.0,3.0,1,0.75,5.85,0.0,0.0,0,0.0,0.0,0.0,0.0,0.0,7.0,5.85,6.4651505038142245,sim_input.json
119,4,16,<bidder.IntegralGreedyBidder object at 0x0000028086D3FE80>,5,True,11,4.3944733084538345,2.0,2.0,1,1,5.85,0.0,0.0,0,0.023607748184019384,0.0,0.0,0.023607748184019384,0.10374361926737267,7.0,5.85,6.4651505038142245,sim_input.json
119,4,16,<bidder.IntegralGreedyBidder object at 0x0000028086D3FE80>,5,True,12,1.9000988091323916,3.0,3.0,1,0.75,5.85,0.0,0.0,0,0.00157384987893462,0.0,0.0,0.00157384987893462,0.0029904702807168303,7.0,5.85,6.4651505038142245,sim_input.json
119,4,16,<bidder.IntegralGreedyBidder object at 0x0000028086D3FE80>,5,True,13,6.805234838123468,6.0,6.0,0.5,0.42857142857142855,5.85,0.0,0.0,0,0.0008160703075957355,0.0,0.0,0.0008160703075957355,0.005553550087608634,7.0,5.85,6.4651505038142245,sim_input.json
119,4,16,<bidder.IntegralGreedyBidder object at 0x0000028086D3FE80>,5,True,14,5.756858235781497,3.0,3.0,1,0.75,5.85,0.0,0.0,0,0.0008160703075957355,0.0,0.0,0.0008160703075957355,0.004698001071259249,7.0,5.85,6.4651505038142245,sim_input.json
119,4,16,<bidder.IntegralGreedyBidder object at 0x0000028086D3FE80>,5,True,15,7.863995899440893,3.0,3.0,1,0.75,5.85,0.0,0.0,0,0.00157384987893462,0.0,0.0,0.00157384987893462,0.012376748994277398,7.0,5.85,6.4651505038142245,sim_input.json
119,4,16,<bidder.IntegralGreedyBidder object at 0x0000028086D3FE80>,5,True,16,2.8908346378078837,3.0,3.0,1,0.75,5.85,0.0,0.0,0,0.0,0.0,0.0,0.0,0.0,7.0,5.85,6.4651505038142245,sim_input.json
119,4,16,<bidder.IntegralGreedyBidder object at 0x0000028086D3FE80>,5,True,17,7.452289646933988,4.0,4.0,0.75,0.6,5.85,0.0,0.0,0,0.004114019463230452,0.0,0.0,0.004114019463230452,0.03065886465311722,7.0,5.85,6.4651505038142245,sim_input.json
119,4,16,<bidder.IntegralGreedyBidder object at 0x0000028086D3FE80>,5,True,18,0.0,6.0,6.0,0.5,0.42857142857142855,5.85,0.0,0.0,0,0.0,0.0,0.0,0.0,0.0,7.0,5.85,6.4651505038142245,sim_input.json
119,4,16,<bidder.IntegralGreedyBidder object at 0x0000028086D3FE80>,5,True,19,5.753088138020702,2.0,2.0,1,1,5.85,0.0,0.0,0,0.02203389830508476,0.0,0.0,0.02203389830508476,0.12676295897333759,7.0,5.85,6.4651505038142245,sim_input.json
119,4,16,<bidder.IntegralGreedyBidder object at 0x0000028086D3FE80>,5,True,20,5.875493384560753,1.0,1.0,1,1,5.85,0.0,0.0,0,0.04406779661016952,0.0,0.0,0.04406779661016952,0.2589200474552198,7.0,5.85,6.4651505038142245,sim_input.json
119,4,16,<bidder.IntegralGreedyBidder object at 0x0000028086D3FE80>,5,True,21,5.969850620917461,1.0,1.0,1,1,5.85,0.0,0.0,0,0.04406779661016952,0.0,0.0,0.04406779661016952,0.26307816295568487,7.0,5.85,6.4651505038142245,sim_input.json
119,4,16,<bidder.IntegralGreedyBidder object at 0x0000028086D3FE80>,5,True,22,3.386700554364418,3.0,3.0,1,0.75,5.85,0.0,0.0,0,0.0038532186691158116,0.0,0.0,0.0038532186691158116,0.013049697802781845,7.0,5.85,6.4651505038142245,sim_input.json
119,4,16,<bidder.IntegralGreedyBidder object at 0x0000028086D3FE80>,5,True,23,6.92372988168097,3.0,3.0,1,0.75,5.85,0.0,0.0,0,0.00157384987893462,0.0,0.0,0.00157384987893462,0.010896911436059606,7.0,5.85,6.4651505038142245,sim_input.json
119,4,16,<bidder.IntegralGreedyBidder object at 0x0000028086D3FE80>,5,True,24,6.285786188730583,4.0,4.0,0.75,0.6,5.85,0.0,0.0,0,0.0006120527306967967,0.0,0.0,0.0006120527306967967,0.0038472326013887633,7.0,5.85,6.4651505038142245,sim_input.json
119,4,16,<bidder.IntegralGreedyBidder object at 0x0000028086D3FE80>,5,True,25,6.497316001268824,2.0,2.0,1,1,5.85,0.0,0.0,0,0.022849968612680495,0.0,0.0,0.022849968612680495,0.14846346669565938,7.0,5.85,6.4651505038142245,sim_input.json
119,4,16,<bidder.IntegralGreedyBidder object at 0x0000028086D3FE80>,5,True,26,7.844227676691577,1.0,1.0,1,1,5.85,0.0,0.0,0,0.04406779661016952,0.0,0.0,0.04406779661016952,0.345677829820307,7.0,5.85,6.4651505038142245,sim_input.json
119,4,16,<bidder.IntegralGreedyBidder object at 0x0000028086D3FE80>,5,True,27,2.423552597821547,0.0,0.0,1,1,5.85,0.0,0.0,0,0.06610169491525428,0.0,0.0,0.06610169491525428,0.16020093443227185,7.0,5.85,6.4651505038142245,sim_input.json
119,4,16,<bidder.IntegralGreedyBidder object at 0x0000028086D3FE80>,5,True,28,2.5293174807000653,4.0,4.0,0.75,0.6,5.85,0.0,0.0,0,0.0017924401398977715,0.0,0.0,0.0017924401398977715,0.004533650178951904,7.0,5.85,6.4651505038142245,sim_input.json
119,4,16,<bidder.IntegralGreedyBidder object at 0x0000028086D3FE80>,5,True,29,3.441773191946515,3.0,3.0,1,0.75,5.85,0.0,0.0,0,0.0008160703075957355,0.0,0.0,0.0008160703075957355,0.0028087289074265488,7.0,5.85,6.4651505038142245,sim_input.json
119,4,16,<bidder.IntegralGreedyBidder object at 0x0000028086D3FE80>,5,True,30,2.1675791882935753,4.0,4.0,0.75,0.6,5.85,0.0,0.0,0,0.0006120527306967967,0.0,0.0,0.0006120527306967967,0.0013266727611966288,7.0,5.85,6.4651505038142245,sim_input.json
119,4,16,<bidder.IntegralGreedyBidder object at 0x0000028086D3FE80>,5,True,31,0.4850701805357791,4.0,4.0,0.75,0.75,5.85,1.0,1.0,1,0.75,0.75,0.75,0.75,0.36380263540183433,7.0,5.85,6.4651505038142245,sim_input.json
119,4,16,<bidder.IntegralGreedyBidder object at 0x0000028086D3FE80>,5,True,32,3.3662695685491295,4.0,4.0,0.75,0.6,5.85,0.0,0.0,0,0.0012241054613935933,0.0,0.0,0.0012241054613935933,0.0041206689633840445,7.0,5.85,6.4651505038142245,sim_input.json
119,4,16,<bidder.IntegralGreedyBidder object at 0x0000028086D3FE80>,5,True,33,2.36615554054778,2.0,2.0,1,1,5.85,0.0,0.0,0,0.02203389830508476,0.0,0.0,0.02203389830508476,0.05213563055444264,7.0,5.85,6.4651505038142245,sim_input.json
119,4,16,<bidder.IntegralGreedyBidder object at 0x0000028086D3FE80>,5,True,34,0.2954912346307875,4.0,4.0,0.75,0.75,5.85,1.0,1.0,1,0.75,0.75,0.75,0.75,0.22161842597309064,7.0,5.85,6.4651505038142245,sim_input.json
119,4,16,<bidder.IntegralGreedyBidder object at 0x0000028086D3FE80>,5,True,35,3.466791810385674,4.0,4.0,0.75,0.6,5.85,0.0,0.0,0,0.0017924401398977715,0.0,0.0,0.0017924401398977715,0.006214016797604146,7.0,5.85,6.4651505038142245,sim_input.json
119,4,16,<bidder.IntegralGreedyBidder object at 0x0000028086D3FE80>,5,True,36,6.648059387219762,3.0,3.0,1,0.75,5.85,0.0,0.0,0,0.0024482109227871966,0.0,0.0,0.0024482109227871966,0.01627585160712938,7.0,5.85,6.4651505038142245,sim_input.json
119,4,16,<bidder.IntegralGreedyBidder object at 0x0000028086D3FE80>,5,True,37,0.0,6.0,6.0,0.5,0.42857142857142855,5.85,0.0,0.0,0,0.0,0.0,0.0,0.0,0.0,7.0,5.85,6.4651505038142245,sim_input.json
119,4,16,<bidder.IntegralGreedyBidder object at 0x0000028086D3FE80>,5,True,38,2.6232769887538243,3.0,3.0,1,0.75,5.85,0.0,0.0,0,0.0008160703075957355,0.0,0.0,0.0008160703075957355,0.002140778459121148,7.0,5.85,6.4651505038142245,sim_input.json
119,4,16,<bidder.IntegralGreedyBidder object at 0x0000028086D3FE80>,5,True,39,1.453847925627153,3.0,3.0,1,1,5.85,1.0,1.0,1,1.0,1.0,1.0,1.0,1.453847925627153,7.0,5.85,6.4651505038142245,sim_input.json
119,4,16,<bidder.IntegralGreedyBidder object at 0x0000028086D3FE80>,5,True,40,3.5029402907821865,4.0,4.0,0.75,0.6,5.85,0.0,0.0,0,0.002404492870594568,0.0,0.0,0.002404492870594568,0.00842279495530423,7.0,5.85,6.4651505038142245,sim_input.json
119,4,16,<bidder.IntegralGreedyBidder object at 0x0000028086D3FE80>,5,True,41,5.937055810505364,1.0,1.0,1,1,5.85,0.0,0.0,0,0.04406779661016952,0.0,0.0,0.04406779661016952,0.26163296792057555,7.0,5.85,6.4651505038142245,sim_input.json
119,4,16,<bidder.IntegralGreedyBidder object at 0x0000028086D3FE80>,5,True,42,6.228460587486674,4.0,4.0,0.75,0.6,5.85,0.0,0.0,0,0.0017095265926358838,0.0,0.0,0.0017095265926358838,0.010647719005492988,7.0,5.85,6.4651505038142245,sim_input.json
119,4,16,<bidder.IntegralGreedyBidder object at 0x0000028086D3FE80>,5,True,43,5.394368908040479,4.0,4.0,0.75,0.6,5.85,0.0,0.0,0,0.0,0.0,0.0,0.0,0.0,7.0,5.85,6.4651505038142245,sim_input.json
119,4,16,<bidder.IntegralGreedyBidder object at 0x0000028086D3FE80>,5,True,44,1.5993336092469608,3.0,3.0,1,0.75,5.85,0.0,0.0,0,0.003095439097776917,0.0,0.0,0.003095439097776917,0.0049506397844517125,7.0,5.85,6.4651505038142245,sim_input.json
119,4,16,<bidder.IntegralGreedyBidder object at 0x0000028086D3FE80>,5,True,45,4.07262299425526,1.0,1.0,1,1,5.85,0.0,0.0,0,0.04406779661016952,0.0,0.0,0.04406779661016952,0.17947152178074038,7.0,5.85,6.4651505038142245,sim_input.json
119,4,16,<bidder.IntegralGreedyBidder object at 0x0000028086D3FE80>,5,True,46,1.5501681227240263,1.0,1.0,1,1,5.85,1.0,1.0,1,1.0,1.0,1.0,1.0,1.5501681227240263,7.0,5.85,6.4651505038142245,sim_input.json
119,4,16,<bidder.IntegralGreedyBidder object at 0x0000028086D3FE80>,5,True,47,0.0,4.0,4.0,0.75,0.6,5.85,0.0,0.0,0,0.0,0.0,0.0,0.0,0.0,7.0,5.85,6.4651505038142245,sim_input.json
119,4,16,<bidder.IntegralGreedyBidder object at 0x0000028086D3FE80>,5,True,48,4.876035406154335,2.0,2.0,1,1,5.85,0.0,0.0,0,0.02203389830508476,0.0,0.0,0.02203389830508476,0.10743806827119727,7.0,5.85,6.4651505038142245,sim_input.json
119,4,16,<bidder.IntegralGreedyBidder object at 0x0000028086D3FE80>,5,True,49,3.745196907268741,3.0,3.0,1,0.75,5.85,0.0,0.0,0,0.0022793687901811817,0.0,0.0,0.0022793687901811817,0.008536684943511454,7.0,5.85,6.4651505038142245,sim_input.json
119,4,16,<bidder.IntegralGreedyBidder object at 0x0000028086D3FE80>,5,True,50,5.744288246559743,1.0,1.0,1,1,5.85,0.0,0.0,0,0.04564164648910414,0.0,0.0,0.04564164648910414,0.26217877348099566,7.0,5.85,6.4651505038142245,sim_input.json
119,4,16,<bidder.IntegralGreedyBidder object at 0x0000028086D3FE80>,5,True,51,0.1669107295172838,4.0,4.0,0.75,0.75,5.85,1.0,1.0,1,0.7517095265926359,0.75,0.75,0.7517095265926359,0.1254683854686689,7.0,5.85,6.4651505038142245,sim_input.json
119,4,17,<bidder.IntegralGreedyBidder object at 0x0000028086D3F748>,5,True,0,5.540694490943024,6.0,6.0,0.5,0.42857142857142855,5.25,0.0,0.0,0,0.0015133171912832875,0.0,0.0,0.0015133171912832875,0.008384828224792681,6.0,5.25,7.310277065880176,sim_input.json
119,4,17,<bidder.IntegralGreedyBidder object at 0x0000028086D3F748>,5,True,1,6.346971345698213,1.0,1.0,1,1,5.25,0.0,0.0,0,0.0891291642314436,0.0,0.0,0.0891291642314436,0.5657002514430026,6.0,5.25,7.310277065880176,sim_input.json
119,4,17,<bidder.IntegralGreedyBidder object at 0x0000028086D3F748>,5,True,2,0.4254335171566437,4.0,4.0,0.75,0.75,5.25,1.0,1.0,1,0.7534470002690342,0.75,0.75,0.7534470002690342,0.3205416073155779,6.0,5.25,7.310277065880176,sim_input.json
119,4,17,<bidder.IntegralGreedyBidder object at 0x0000028086D3F748>,5,True,3,0.1386213635717347,3.0,3.0,1,1,5.25,1.0,1.0,1,1.0,1.0,1.0,1.0,0.1386213635717347,6.0,5.25,7.310277065880176,sim_input.json
119,4,17,<bidder.IntegralGreedyBidder object at 0x0000028086D3F748>,5,True,4,6.836084408303661,5.0,5.0,0.6,0.5,5.25,0.0,0.0,0,0.0,0.0,0.0,0.0,0.0,6.0,5.25,7.310277065880176,sim_input.json
119,4,17,<bidder.IntegralGreedyBidder object at 0x0000028086D3F748>,5,True,5,3.168324696556514,3.0,3.0,1,0.75,5.25,0.0,0.0,0,0.003026634382566575,0.0,0.0,0.003026634382566575,0.009589360461732756,6.0,5.25,7.310277065880176,sim_input.json
119,4,17,<bidder.IntegralGreedyBidder object at 0x0000028086D3F748>,5,True,6,0.0,1.0,1.0,1,1,5.25,0.0,0.0,0,0.0,0.0,0.0,0.0,0.0,6.0,5.25,7.310277065880176,sim_input.json
119,4,17,<bidder.IntegralGreedyBidder object at 0x0000028086D3F748>,5,True,7,0.6251537732622916,3.0,3.0,1,1,5.25,1.0,1.0,1,1.0,1.0,1.0,1.0,0.6251537732622916,6.0,5.25,7.310277065880176,sim_input.json
119,4,17,<bidder.IntegralGreedyBidder object at 0x0000028086D3F748>,5,True,8,4.105508855826478,2.0,2.0,1,1,5.25,0.0,0.0,0,0.0423728813559322,0.0,0.0,0.0423728813559322,0.1739622396536643,6.0,5.25,7.310277065880176,sim_input.json
119,4,17,<bidder.IntegralGreedyBidder object at 0x0000028086D3F748>,5,True,9,0.0,4.0,4.0,0.75,0.6,5.25,0.0,0.0,0,0.0,0.0,0.0,0.0,0.0,6.0,5.25,7.310277065880176,sim_input.json
119,4,17,<bidder.IntegralGreedyBidder object at 0x0000028086D3F748>,5,True,10,0.0,3.0,3.0,1,0.75,5.25,0.0,0.0,0,0.0,0.0,0.0,0.0,0.0,6.0,5.25,7.310277065880176,sim_input.json
119,4,17,<bidder.IntegralGreedyBidder object at 0x0000028086D3F748>,5,True,11,3.106828226078964,2.0,2.0,1,1,5.25,0.0,0.0,0,0.045399515738498784,0.0,0.0,0.045399515738498784,0.1410484969466842,6.0,5.25,7.310277065880176,sim_input.json
119,4,17,<bidder.IntegralGreedyBidder object at 0x0000028086D3F748>,5,True,12,3.5749513960409343,3.0,3.0,1,0.75,5.25,0.0,0.0,0,0.003026634382566575,0.0,0.0,0.003026634382566575,0.010820070811261868,6.0,5.25,7.310277065880176,sim_input.json
119,4,17,<bidder.IntegralGreedyBidder object at 0x0000028086D3F748>,5,True,13,0.9711369880381268,6.0,6.0,0.5,0.42857142857142855,5.25,0.0,0.0,0,0.001569365976145644,0.0,0.0,0.001569365976145644,0.0015240693472035954,6.0,5.25,7.310277065880176,sim_input.json
119,4,17,<bidder.IntegralGreedyBidder object at 0x0000028086D3F748>,5,True,14,4.488703170896482,3.0,3.0,1,0.75,5.25,0.0,0.0,0,0.001569365976145644,0.0,0.0,0.001569365976145644,0.007044418033422005,6.0,5.25,7.310277065880176,sim_input.json
119,4,17,<bidder.IntegralGreedyBidder object at 0x0000028086D3F748>,5,True,15,6.676768892238261,3.0,3.0,1,0.75,5.25,0.0,0.0,0,0.003026634382566575,0.0,0.0,0.003026634382566575,0.020208138293699263,6.0,5.25,7.310277065880176,sim_input.json
119,4,17,<bidder.IntegralGreedyBidder object at 0x0000028086D3F748>,5,True,16,1.3280859247967145,3.0,3.0,1,0.75,5.25,0.0,0.0,0,0.0,0.0,0.0,0.0,0.0,6.0,5.25,7.310277065880176,sim_input.json
119,4,17,<bidder.IntegralGreedyBidder object at 0x0000028086D3F748>,5,True,17,1.8425136404791544,4.0,4.0,0.75,0.6,5.25,0.0,0.0,0,0.007911575890827787,0.0,0.0,0.007911575890827787,0.014577186496536216,6.0,5.25,7.310277065880176,sim_input.json
119,4,17,<bidder.IntegralGreedyBidder object at 0x0000028086D3F748>,5,True,18,0.9488180137044702,6.0,6.0,0.5,0.42857142857142855,5.25,0.0,0.0,0,0.005218335142356181,0.0,0.0,0.005218335142356181,0.004951250384614625,6.0,5.25,7.310277065880176,sim_input.json
119,4,17,<bidder.IntegralGreedyBidder object at 0x0000028086D3F748>,5,True,19,1.5912986807754885,2.0,2.0,1,1,5.25,0.0,0.0,0,0.0423728813559322,0.0,0.0,0.0423728813559322,0.0674279102023512,6.0,5.25,7.310277065880176,sim_input.json
119,4,17,<bidder.IntegralGreedyBidder object at 0x0000028086D3F748>,5,True,20,5.86924067369399,1.0,1.0,1,1,5.25,0.0,0.0,0,0.0847457627118644,0.0,0.0,0.0847457627118644,0.49739327743169404,6.0,5.25,7.310277065880176,sim_input.json
119,4,17,<bidder.IntegralGreedyBidder object at 0x0000028086D3F748>,5,True,21,2.6283669853655525,1.0,1.0,1,1,5.25,0.0,0.0,0,0.0847457627118644,0.0,0.0,0.0847457627118644,0.22274296486148748,6.0,5.25,7.310277065880176,sim_input.json
119,4,17,<bidder.IntegralGreedyBidder object at 0x0000028086D3F748>,5,True,22,2.21713008103358,3.0,3.0,1,0.75,5.25,0.0,0.0,0,0.007410035902145787,0.0,0.0,0.007410035902145787,0.016429013500186225,6.0,5.25,7.310277065880176,sim_input.json
119,4,17,<bidder.IntegralGreedyBidder object at 0x0000028086D3F748>,5,True,23,3.9521034308033056,3.0,3.0,1,0.75,5.25,0.0,0.0,0,0.003026634382566575,0.0,0.0,0.003026634382566575,0.011961572127128606,6.0,5.25,7.310277065880176,sim_input.json
119,4,17,<bidder.IntegralGreedyBidder object at 0x0000028086D3F748>,5,True,24,0.0,4.0,4.0,0.75,0.6,5.25,0.0,0.0,0,0.0,0.0,0.0,0.0,0.0,6.0,5.25,7.310277065880176,sim_input.json
119,4,17,<bidder.IntegralGreedyBidder object at 0x0000028086D3F748>,5,True,25,5.151688214241768,2.0,2.0,1,1,5.25,0.0,0.0,0,0.04394224733207785,0.0,0.0,0.04394224733207785,0.22637675768796223,6.0,5.25,7.310277065880176,sim_input.json
119,4,17,<bidder.IntegralGreedyBidder object at 0x0000028086D3F748>,5,True,26,2.714004185526957,1.0,1.0,1,1,5.25,0.0,0.0,0,0.0847457627118644,0.0,0.0,0.0847457627118644,0.23000035470567431,6.0,5.25,7.310277065880176,sim_input.json
119,4,17,<bidder.IntegralGreedyBidder object at 0x0000028086D3F748>,5,True,27,1.685796802399973,0.0,0.0,1,1,5.25,0.0,0.0,0,0.1271186440677966,0.0,0.0,0.1271186440677966,0.2142962036949118,6.0,5.25,7.310277065880176,sim_input.json
119,4,17,<bidder.IntegralGreedyBidder object at 0x0000028086D3F748>,5,True,28,5.223668188852944,4.0,4.0,0.75,0.6,5.25,0.0,0.0,0,0.003447000269034174,0.0,0.0,0.003447000269034174,0.018005985652321352,6.0,5.25,7.310277065880176,sim_input.json
119,4,17,<bidder.IntegralGreedyBidder object at 0x0000028086D3F748>,5,True,29,1.2520942769867554,3.0,3.0,1,1,5.25,1.0,1.0,1,1.0,1.0,1.0,1.0,1.2520942769867554,6.0,5.25,7.310277065880176,sim_input.json
119,4,17,<bidder.IntegralGreedyBidder object at 0x0000028086D3F748>,5,True,30,1.7085810392544183,4.0,4.0,0.75,0.6,5.25,0.0,0.0,0,0.0011770244821092237,0.0,0.0,0.0011770244821092237,0.002011041712870071,6.0,5.25,7.310277065880176,sim_input.json
119,4,17,<bidder.IntegralGreedyBidder object at 0x0000028086D3F748>,5,True,31,4.00945270246815,4.0,4.0,0.75,0.6,5.25,0.0,0.0,0,0.0,0.0,0.0,0.0,0.0,6.0,5.25,7.310277065880176,sim_input.json
119,4,17,<bidder.IntegralGreedyBidder object at 0x0000028086D3F748>,5,True,32,0.7845766469401908,4.0,4.0,0.75,0.6,5.25,0.0,0.0,0,0.0023540489642184474,0.0,0.0,0.0023540489642184474,0.0018469318430795387,6.0,5.25,7.310277065880176,sim_input.json
119,4,17,<bidder.IntegralGreedyBidder object at 0x0000028086D3F748>,5,True,33,3.405464216362656,2.0,2.0,1,1,5.25,0.0,0.0,0,0.0423728813559322,0.0,0.0,0.0423728813559322,0.14429933120180746,6.0,5.25,7.310277065880176,sim_input.json
119,4,17,<bidder.IntegralGreedyBidder object at 0x0000028086D3F748>,5,True,34,1.9369985746352907,4.0,4.0,0.75,0.6,5.25,0.0,0.0,0,0.0,0.0,0.0,0.0,0.0,6.0,5.25,7.310277065880176,sim_input.json
119,4,17,<bidder.IntegralGreedyBidder object at 0x0000028086D3F748>,5,True,35,0.6233309305070838,4.0,4.0,0.75,0.75,5.25,1.0,1.0,1,0.7534470002690342,0.75,0.75,0.7534470002690342,0.46964681976546807,6.0,5.25,7.310277065880176,sim_input.json
119,4,17,<bidder.IntegralGreedyBidder object at 0x0000028086D3F748>,5,True,36,3.7089578811072714,3.0,3.0,1,0.75,5.25,0.0,0.0,0,0.004708097928436914,0.0,0.0,0.004708097928436914,0.01746213691670091,6.0,5.25,7.310277065880176,sim_input.json
119,4,17,<bidder.IntegralGreedyBidder object at 0x0000028086D3F748>,5,True,37,1.1070802790406242,6.0,6.0,0.5,0.42857142857142855,5.25,0.0,0.0,0,0.0029763837478624278,0.0,0.0,0.0029763837478624278,0.0032950957501155153,6.0,5.25,7.310277065880176,sim_input.json
119,4,17,<bidder.IntegralGreedyBidder object at 0x0000028086D3F748>,5,True,38,1.7348677127198064,3.0,3.0,1,0.75,5.25,0.0,0.0,0,0.001569365976145644,0.0,0.0,0.001569365976145644,0.00272264236145608,6.0,5.25,7.310277065880176,sim_input.json
119,4,17,<bidder.IntegralGreedyBidder object at 0x0000028086D3F748>,5,True,39,6.794781081886243,3.0,3.0,1,0.75,5.25,0.0,0.0,0,0.0,0.0,0.0,0.0,0.0,6.0,5.25,7.310277065880176,sim_input.json
119,4,17,<bidder.IntegralGreedyBidder object at 0x0000028086D3F748>,5,True,40,2.0703560338576503,4.0,4.0,0.75,0.6,5.25,0.0,0.0,0,0.0046240247511433975,0.0,0.0,0.0046240247511433975,0.009573377544236853,6.0,5.25,7.310277065880176,sim_input.json
119,4,17,<bidder.IntegralGreedyBidder object at 0x0000028086D3F748>,5,True,41,1.9422880817438422,1.0,1.0,1,1,5.25,0.0,0.0,0,0.0847457627118644,0.0,0.0,0.0847457627118644,0.16460068489354593,6.0,5.25,7.310277065880176,sim_input.json
119,4,17,<bidder.IntegralGreedyBidder object at 0x0000028086D3F748>,5,True,42,4.1714776606195,4.0,4.0,0.75,0.6,5.25,0.0,0.0,0,0.0032875511396843896,0.0,0.0,0.0032875511396843896,0.013713946137337608,6.0,5.25,7.310277065880176,sim_input.json
119,4,17,<bidder.IntegralGreedyBidder object at 0x0000028086D3F748>,5,True,43,1.3161774379028772,4.0,4.0,0.75,0.6,5.25,0.0,0.0,0,0.0,0.0,0.0,0.0,0.0,6.0,5.25,7.310277065880176,sim_input.json
119,4,17,<bidder.IntegralGreedyBidder object at 0x0000028086D3F748>,5,True,44,5.114880376454063,3.0,3.0,1,0.75,5.25,0.0,0.0,0,0.0059527674957248365,0.0,0.0,0.0059527674957248365,0.03044769364947656,6.0,5.25,7.310277065880176,sim_input.json
119,4,17,<bidder.IntegralGreedyBidder object at 0x0000028086D3F748>,5,True,45,4.044406952717281,1.0,1.0,1,1,5.25,0.0,0.0,0,0.0847457627118644,0.0,0.0,0.0847457627118644,0.34274635192519326,6.0,5.25,7.310277065880176,sim_input.json
119,4,17,<bidder.IntegralGreedyBidder object at 0x0000028086D3F748>,5,True,46,4.246151403277059,1.0,1.0,1,1,5.25,0.0,0.0,0,0.0847457627118644,0.0,0.0,0.0847457627118644,0.3598433392607677,6.0,5.25,7.310277065880176,sim_input.json
119,4,17,<bidder.IntegralGreedyBidder object at 0x0000028086D3F748>,5,True,47,0.7553868124283984,4.0,4.0,0.75,0.75,5.25,1.0,1.0,1,0.7523540489642184,0.75,0.75,0.7523540489642184,0.5683183268646802,6.0,5.25,7.310277065880176,sim_input.json
119,4,17,<bidder.IntegralGreedyBidder object at 0x0000028086D3F748>,5,True,48,2.141641498795855,2.0,2.0,1,1,5.25,0.0,0.0,0,0.0423728813559322,0.0,0.0,0.0423728813559322,0.09074752113541759,6.0,5.25,7.310277065880176,sim_input.json
119,4,17,<bidder.IntegralGreedyBidder object at 0x0000028086D3F748>,5,True,49,5.5852154914982,3.0,3.0,1,0.75,5.25,0.0,0.0,0,0.0043834015195791925,0.0,0.0,0.0043834015195791925,0.024482242072610457,6.0,5.25,7.310277065880176,sim_input.json
119,4,17,<bidder.IntegralGreedyBidder object at 0x0000028086D3F748>,5,True,50,2.850878271463842,1.0,1.0,1,1,5.25,0.0,0.0,0,0.08777239709443098,0.0,0.0,0.08777239709443098,0.25022841971080934,6.0,5.25,7.310277065880176,sim_input.json
119,4,17,<bidder.IntegralGreedyBidder object at 0x0000028086D3F748>,5,True,51,4.695224920332061,4.0,4.0,0.75,0.6,5.25,0.0,0.0,0,0.0032875511396843896,0.0,0.0,0.0032875511396843896,0.015435792037912214,6.0,5.25,7.310277065880176,sim_input.json
119,4,18,<bidder.UniformBidder object at 0x0000028086D3F198>,5,True,0,0.45812567126379355,6.0,6.0,0.5,0.5,4.0,1.0,1.0,1,0.5030266343825666,0.5,0.5,0.5030266343825666,0.23044941454008017,5.0,4.0,11.351131850580098,sim_input.json
119,4,18,<bidder.UniformBidder object at 0x0000028086D3F198>,5,True,1,4.090250263851833,1.0,1.0,1,1,4.0,0.0,0.0,0,0.1782583284628872,0.0,0.0,0.1782583284628872,0.7291211750291111,5.0,4.0,11.351131850580098,sim_input.json
119,4,18,<bidder.UniformBidder object at 0x0000028086D3F198>,5,True,2,2.9341135915193393,4.0,4.0,0.75,0.6,4.0,0.0,0.0,0,0.006894000538068348,0.0,0.0,0.006894000538068348,0.020227780678687978,5.0,4.0,11.351131850580098,sim_input.json
119,4,18,<bidder.UniformBidder object at 0x0000028086D3F198>,5,True,3,4.879393924712614,3.0,3.0,1,0.75,4.0,0.0,0.0,0,0.0,0.0,0.0,0.0,0.0,5.0,4.0,11.351131850580098,sim_input.json
119,4,18,<bidder.UniformBidder object at 0x0000028086D3F198>,5,True,4,0.8569350059278343,5.0,5.0,0.6,0.5,4.0,0.0,0.0,0,0.0,0.0,0.0,0.0,0.0,5.0,4.0,11.351131850580098,sim_input.json
119,4,18,<bidder.UniformBidder object at 0x0000028086D3F198>,5,True,5,5.322074085709088,3.0,3.0,1,0.75,4.0,0.0,0.0,0,0.00605326876513315,0.0,0.0,0.00605326876513315,0.032215944828747387,5.0,4.0,11.351131850580098,sim_input.json
119,4,18,<bidder.UniformBidder object at 0x0000028086D3F198>,5,True,6,3.6634305802926583,1.0,1.0,1,1,4.0,0.0,0.0,0,0.17263025737602009,0.0,0.0,0.17263025737602009,0.6324189639551042,5.0,4.0,11.351131850580098,sim_input.json
119,4,18,<bidder.UniformBidder object at 0x0000028086D3F198>,5,True,7,6.187686064707789,3.0,3.0,1,0.75,4.0,0.0,0.0,0,0.0,0.0,0.0,0.0,0.0,5.0,4.0,11.351131850580098,sim_input.json
119,4,18,<bidder.UniformBidder object at 0x0000028086D3F198>,5,True,8,2.6526398130799143,2.0,2.0,1,1,4.0,0.0,0.0,0,0.0847457627118644,0.0,0.0,0.0847457627118644,0.22479998415931476,5.0,4.0,11.351131850580098,sim_input.json
119,4,18,<bidder.UniformBidder object at 0x0000028086D3F198>,5,True,9,0.0,4.0,4.0,0.75,0.6,4.0,0.0,0.0,0,0.0,0.0,0.0,0.0,0.0,5.0,4.0,11.351131850580098,sim_input.json
119,4,18,<bidder.UniformBidder object at 0x0000028086D3F198>,5,True,10,3.1777616886574416,3.0,3.0,1,0.75,4.0,0.0,0.0,0,0.00605326876513315,0.0,0.0,0.00605326876513315,0.019235845572986864,5.0,4.0,11.351131850580098,sim_input.json
119,4,18,<bidder.UniformBidder object at 0x0000028086D3F198>,5,True,11,6.772932010954214,2.0,2.0,1,1,4.0,0.0,0.0,0,0.09079903147699757,0.0,0.0,0.09079903147699757,0.6149756668541961,5.0,4.0,11.351131850580098,sim_input.json
119,4,18,<bidder.UniformBidder object at 0x0000028086D3F198>,5,True,12,0.7535016840773264,3.0,3.0,1,0.75,4.0,0.0,0.0,0,0.00605326876513315,0.0,0.0,0.00605326876513315,0.004561148208700507,5.0,4.0,11.351131850580098,sim_input.json
119,4,18,<bidder.UniformBidder object at 0x0000028086D3F198>,5,True,13,3.0652311146306013,6.0,6.0,0.5,0.42857142857142855,4.0,0.0,0.0,0,0.003138731952291288,0.0,0.0,0.003138731952291288,0.009620938840648508,5.0,4.0,11.351131850580098,sim_input.json
119,4,18,<bidder.UniformBidder object at 0x0000028086D3F198>,5,True,14,2.9734037128455437,3.0,3.0,1,0.75,4.0,0.0,0.0,0,0.003138731952291288,0.0,0.0,0.003138731952291288,0.009332717240569858,5.0,4.0,11.351131850580098,sim_input.json
119,4,18,<bidder.UniformBidder object at 0x0000028086D3F198>,5,True,15,0.09907119470313441,3.0,3.0,1,1,4.0,1.0,1.0,1,1.0,1.0,1.0,1.0,0.09907119470313441,5.0,4.0,11.351131850580098,sim_input.json
119,4,18,<bidder.UniformBidder object at 0x0000028086D3F198>,5,True,16,6.075054969220377,3.0,3.0,1,0.75,4.0,0.0,0.0,0,0.0,0.0,0.0,0.0,0.0,5.0,4.0,11.351131850580098,sim_input.json
119,4,18,<bidder.UniformBidder object at 0x0000028086D3F198>,5,True,17,3.725718367563799,4.0,4.0,0.75,0.6,4.0,0.0,0.0,0,0.015823151781655574,0.0,0.0,0.015823151781655574,0.058952607225664026,5.0,4.0,11.351131850580098,sim_input.json
119,4,18,<bidder.UniformBidder object at 0x0000028086D3F198>,5,True,18,0.649608675546381,6.0,6.0,0.5,0.5,4.0,1.0,1.0,1,0.5104366702847124,0.5,0.5,0.5104366702847124,0.3315840893339568,5.0,4.0,11.351131850580098,sim_input.json
119,4,18,<bidder.UniformBidder object at 0x0000028086D3F198>,5,True,19,6.22899204483826,2.0,2.0,1,1,4.0,0.0,0.0,0,0.0847457627118644,0.0,0.0,0.0847457627118644,0.5278806817659543,5.0,4.0,11.351131850580098,sim_input.json
119,4,18,<bidder.UniformBidder object at 0x0000028086D3F198>,5,True,20,5.543066098577727,1.0,1.0,1,1,4.0,0.0,0.0,0,0.1694915254237288,0.0,0.0,0.1694915254237288,0.9395027285724961,5.0,4.0,11.351131850580098,sim_input.json
119,4,18,<bidder.UniformBidder object at 0x0000028086D3F198>,5,True,21,3.3954197489841063,1.0,1.0,1,1,4.0,0.0,0.0,0,0.1694915254237288,0.0,0.0,0.1694915254237288,0.5754948727091705,5.0,4.0,11.351131850580098,sim_input.json
119,4,18,<bidder.UniformBidder object at 0x0000028086D3F198>,5,True,22,4.415988677046791,3.0,3.0,1,0.75,4.0,0.0,0.0,0,0.014820071804291573,0.0,0.0,0.014820071804291573,0.06544526928077199,5.0,4.0,11.351131850580098,sim_input.json
119,4,18,<bidder.UniformBidder object at 0x0000028086D3F198>,5,True,23,0.47037491529036013,3.0,3.0,1,1,4.0,1.0,1.0,1,1.0,1.0,1.0,1.0,0.47037491529036013,5.0,4.0,11.351131850580098,sim_input.json
119,4,18,<bidder.UniformBidder object at 0x0000028086D3F198>,5,True,24,0.0,4.0,4.0,0.75,0.6,4.0,0.0,0.0,0,0.0,0.0,0.0,0.0,0.0,5.0,4.0,11.351131850580098,sim_input.json
119,4,18,<bidder.UniformBidder object at 0x0000028086D3F198>,5,True,25,6.781631780294847,2.0,2.0,1,1,4.0,0.0,0.0,0,0.0878844946641557,0.0,0.0,0.0878844946641557,0.5960002820095912,5.0,4.0,11.351131850580098,sim_input.json
119,4,18,<bidder.UniformBidder object at 0x0000028086D3F198>,5,True,26,2.740237223185332,1.0,1.0,1,1,4.0,0.0,0.0,0,0.1694915254237288,0.0,0.0,0.1694915254237288,0.46444698698056475,5.0,4.0,11.351131850580098,sim_input.json
119,4,18,<bidder.UniformBidder object at 0x0000028086D3F198>,5,True,27,2.932125399741386,0.0,0.0,1,1,4.0,0.0,0.0,0,0.2542372881355932,0.0,0.0,0.2542372881355932,0.7454556101037422,5.0,4.0,11.351131850580098,sim_input.json
119,4,18,<bidder.UniformBidder object at 0x0000028086D3F198>,5,True,28,3.813683133782712,4.0,4.0,0.75,0.6,4.0,0.0,0.0,0,0.006894000538068348,0.0,0.0,0.006894000538068348,0.0262915335763202,5.0,4.0,11.351131850580098,sim_input.json
119,4,18,<bidder.UniformBidder object at 0x0000028086D3F198>,5,True,29,2.283722665999573,3.0,3.0,1,0.75,4.0,0.0,0.0,0,0.003138731952291288,0.0,0.0,0.003138731952291288,0.007167993301944705,5.0,4.0,11.351131850580098,sim_input.json
119,4,18,<bidder.UniformBidder object at 0x0000028086D3F198>,5,True,30,2.948881520710911,4.0,4.0,0.75,0.6,4.0,0.0,0.0,0,0.0023540489642184474,0.0,0.0,0.0023540489642184474,0.00694181148943244,5.0,4.0,11.351131850580098,sim_input.json
119,4,18,<bidder.UniformBidder object at 0x0000028086D3F198>,5,True,31,3.8762138675402453,4.0,4.0,0.75,0.6,4.0,0.0,0.0,0,0.0,0.0,0.0,0.0,0.0,5.0,4.0,11.351131850580098,sim_input.json
119,4,18,<bidder.UniformBidder object at 0x0000028086D3F198>,5,True,32,2.5399093727773465,4.0,4.0,0.75,0.6,4.0,0.0,0.0,0,0.004708097928436895,0.0,0.0,0.004708097928436895,0.011958142056390477,5.0,4.0,11.351131850580098,sim_input.json
119,4,18,<bidder.UniformBidder object at 0x0000028086D3F198>,5,True,33,0.517666921553038,2.0,2.0,1,1,4.0,1.0,1.0,1,1.0,1.0,1.0,1.0,0.517666921553038,5.0,4.0,11.351131850580098,sim_input.json
119,4,18,<bidder.UniformBidder object at 0x0000028086D3F198>,5,True,34,3.7943960604246136,4.0,4.0,0.75,0.6,4.0,0.0,0.0,0,0.0,0.0,0.0,0.0,0.0,5.0,4.0,11.351131850580098,sim_input.json
119,4,18,<bidder.UniformBidder object at 0x0000028086D3F198>,5,True,35,7.388967106061471,4.0,4.0,0.75,0.6,4.0,0.0,0.0,0,0.006894000538068348,0.0,0.0,0.006894000538068348,0.050939543204957104,5.0,4.0,11.351131850580098,sim_input.json
119,4,18,<bidder.UniformBidder object at 0x0000028086D3F198>,5,True,36,2.4248262464006887,3.0,3.0,1,0.75,4.0,0.0,0.0,0,0.009416195856873828,0.0,0.0,0.009416195856873828,0.02283263885499708,5.0,4.0,11.351131850580098,sim_input.json
119,4,18,<bidder.UniformBidder object at 0x0000028086D3F198>,5,True,37,6.1417904856348615,6.0,6.0,0.5,0.42857142857142855,4.0,0.0,0.0,0,0.0059527674957248556,0.0,0.0,0.0059527674957248556,0.03656065076843938,5.0,4.0,11.351131850580098,sim_input.json
119,4,18,<bidder.UniformBidder object at 0x0000028086D3F198>,5,True,38,5.564386490147965,3.0,3.0,1,0.75,4.0,0.0,0.0,0,0.003138731952291288,0.0,0.0,0.003138731952291288,0.01746511767152539,5.0,4.0,11.351131850580098,sim_input.json
119,4,18,<bidder.UniformBidder object at 0x0000028086D3F198>,5,True,39,4.697458460770707,3.0,3.0,1,0.75,4.0,0.0,0.0,0,0.0,0.0,0.0,0.0,0.0,5.0,4.0,11.351131850580098,sim_input.json
119,4,18,<bidder.UniformBidder object at 0x0000028086D3F198>,5,True,40,5.486031852451068,4.0,4.0,0.75,0.6,4.0,0.0,0.0,0,0.009248049502286795,0.0,0.0,0.009248049502286795,0.0507350941425896,5.0,4.0,11.351131850580098,sim_input.json
119,4,18,<bidder.UniformBidder object at 0x0000028086D3F198>,5,True,41,6.534718406162843,1.0,1.0,1,1,4.0,0.0,0.0,0,0.1694915254237288,0.0,0.0,0.1694915254237288,1.107579390875058,5.0,4.0,11.351131850580098,sim_input.json
119,4,18,<bidder.UniformBidder object at 0x0000028086D3F198>,5,True,42,6.187463125985335,4.0,4.0,0.75,0.6,4.0,0.0,0.0,0,0.006575102279368779,0.0,0.0,0.006575102279368779,0.04068320290317645,5.0,4.0,11.351131850580098,sim_input.json
119,4,18,<bidder.UniformBidder object at 0x0000028086D3F198>,5,True,43,4.802074788190765,4.0,4.0,0.75,0.6,4.0,0.0,0.0,0,0.0,0.0,0.0,0.0,0.0,5.0,4.0,11.351131850580098,sim_input.json
119,4,18,<bidder.UniformBidder object at 0x0000028086D3F198>,5,True,44,5.9975549270013335,3.0,3.0,1,0.75,4.0,0.0,0.0,0,0.011905534991449673,0.0,0.0,0.011905534991449673,0.07140410004655577,5.0,4.0,11.351131850580098,sim_input.json
119,4,18,<bidder.UniformBidder object at 0x0000028086D3F198>,5,True,45,0.8683196894438171,1.0,1.0,1,1,4.0,0.0,0.0,0,0.1694915254237288,0.0,0.0,0.1694915254237288,0.14717282871929102,5.0,4.0,11.351131850580098,sim_input.json
119,4,18,<bidder.UniformBidder object at 0x0000028086D3F198>,5,True,46,4.44115169707584,1.0,1.0,1,1,4.0,0.0,0.0,0,0.1694915254237288,0.0,0.0,0.1694915254237288,0.7527375757755661,5.0,4.0,11.351131850580098,sim_input.json
119,4,18,<bidder.UniformBidder object at 0x0000028086D3F198>,5,True,47,4.685102647021263,4.0,4.0,0.75,0.6,4.0,0.0,0.0,0,0.004708097928436895,0.0,0.0,0.004708097928436895,0.02205792206695502,5.0,4.0,11.351131850580098,sim_input.json
119,4,18,<bidder.UniformBidder object at 0x0000028086D3F198>,5,True,48,0.8947630817802316,2.0,2.0,1,1,4.0,0.0,0.0,0,0.0847457627118644,0.0,0.0,0.0847457627118644,0.07582737981188403,5.0,4.0,11.351131850580098,sim_input.json
119,4,18,<bidder.UniformBidder object at 0x0000028086D3F198>,5,True,49,3.886219553114949,3.0,3.0,1,0.75,4.0,0.0,0.0,0,0.008766803039158385,0.0,0.0,0.008766803039158385,0.03406972138908487,5.0,4.0,11.351131850580098,sim_input.json
119,4,18,<bidder.UniformBidder object at 0x0000028086D3F198>,5,True,50,5.380574908961501,1.0,1.0,1,1,4.0,0.0,0.0,0,0.17554479418886196,0.0,0.0,0.17554479418886196,0.9445319150114013,5.0,4.0,11.351131850580098,sim_input.json
119,4,18,<bidder.UniformBidder object at 0x0000028086D3F198>,5,True,51,0.8120861472669128,4.0,4.0,0.75,0.6,4.0,0.0,0.0,0,0.006575102279368779,0.0,0.0,0.006575102279368779,0.005339549477938488,5.0,4.0,11.351131850580098,sim_input.json
119,4,19,<bidder.IntegralGreedyBidder object at 0x0000028086CB7978>,5,True,0,1.4157928004130482,6.0,6.0,0.5,0.42857142857142855,7.25,0.0,0.0,0,0.0,0.0,0.0,0.0,0.0,9.0,7.25,2.582302478875868,sim_input.json
119,4,19,<bidder.IntegralGreedyBidder object at 0x0000028086CB7978>,5,True,1,0.20863669155046538,1.0,1.0,1,1,7.25,1.0,1.0,1,0.896551724137931,1.0,0.896551724137931,0.896551724137931,0.18705358552800344,9.0,7.25,2.582302478875868,sim_input.json
119,4,19,<bidder.IntegralGreedyBidder object at 0x0000028086CB7978>,5,True,2,0.0,4.0,4.0,0.75,0.6,7.25,0.0,0.0,0,0.0,0.0,0.0,0.0,0.0,9.0,7.25,2.582302478875868,sim_input.json
119,4,19,<bidder.IntegralGreedyBidder object at 0x0000028086CB7978>,5,True,3,1.2045893710885411,3.0,3.0,1,0.75,7.25,0.0,0.0,0,0.0,0.0,0.0,0.0,0.0,9.0,7.25,2.582302478875868,sim_input.json
119,4,19,<bidder.IntegralGreedyBidder object at 0x0000028086CB7978>,5,True,4,0.8802454041456405,5.0,5.0,0.6,0.5,7.25,0.0,0.0,0,0.0,0.0,0.0,0.0,0.0,9.0,7.25,2.582302478875868,sim_input.json
119,4,19,<bidder.IntegralGreedyBidder object at 0x0000028086CB7978>,5,True,5,5.187502091952422,3.0,3.0,1,0.75,7.25,0.0,0.0,0,0.0,0.0,0.0,0.0,0.0,9.0,7.25,2.582302478875868,sim_input.json
119,4,19,<bidder.IntegralGreedyBidder object at 0x0000028086CB7978>,5,True,6,1.5342798180679653,1.0,1.0,1,1,7.25,0.0,0.0,0,0.0,0.0,0.0,0.0,0.0,9.0,7.25,2.582302478875868,sim_input.json
119,4,19,<bidder.IntegralGreedyBidder object at 0x0000028086CB7978>,5,True,7,1.5529883540214444,3.0,3.0,1,0.75,7.25,0.0,0.0,0,0.0,0.0,0.0,0.0,0.0,9.0,7.25,2.582302478875868,sim_input.json
119,4,19,<bidder.IntegralGreedyBidder object at 0x0000028086CB7978>,5,True,8,4.28209308319677,2.0,2.0,1,1,7.25,0.0,0.0,0,0.0,0.0,0.0,0.0,0.0,9.0,7.25,2.582302478875868,sim_input.json
119,4,19,<bidder.IntegralGreedyBidder object at 0x0000028086CB7978>,5,True,9,1.6764188074362696,4.0,4.0,0.75,0.6,7.25,0.0,0.0,0,0.0,0.0,0.0,0.0,0.0,9.0,7.25,2.582302478875868,sim_input.json
119,4,19,<bidder.IntegralGreedyBidder object at 0x0000028086CB7978>,5,True,10,7.307708216858034,3.0,3.0,1,0.75,7.25,0.0,0.0,0,0.0,0.0,0.0,0.0,0.0,9.0,7.25,2.582302478875868,sim_input.json
119,4,19,<bidder.IntegralGreedyBidder object at 0x0000028086CB7978>,5,True,11,3.6341886695013086,2.0,2.0,1,1,7.25,0.0,0.0,0,0.0,0.0,0.0,0.0,0.0,9.0,7.25,2.582302478875868,sim_input.json
119,4,19,<bidder.IntegralGreedyBidder object at 0x0000028086CB7978>,5,True,12,3.1304953552197703,3.0,3.0,1,0.75,7.25,0.0,0.0,0,0.0,0.0,0.0,0.0,0.0,9.0,7.25,2.582302478875868,sim_input.json
119,4,19,<bidder.IntegralGreedyBidder object at 0x0000028086CB7978>,5,True,13,6.2828773884673605,6.0,6.0,0.5,0.42857142857142855,7.25,0.0,0.0,0,0.0,0.0,0.0,0.0,0.0,9.0,7.25,2.582302478875868,sim_input.json
119,4,19,<bidder.IntegralGreedyBidder object at 0x0000028086CB7978>,5,True,14,2.426453903231897,3.0,3.0,1,0.75,7.25,0.0,0.0,0,0.0,0.0,0.0,0.0,0.0,9.0,7.25,2.582302478875868,sim_input.json
119,4,19,<bidder.IntegralGreedyBidder object at 0x0000028086CB7978>,5,True,15,0.5512839508735978,3.0,3.0,1,0.75,7.25,0.0,0.0,0,0.0,0.0,0.0,0.0,0.0,9.0,7.25,2.582302478875868,sim_input.json
119,4,19,<bidder.IntegralGreedyBidder object at 0x0000028086CB7978>,5,True,16,0.8161006938475508,3.0,3.0,1,0.75,7.25,0.0,0.0,0,0.0,0.0,0.0,0.0,0.0,9.0,7.25,2.582302478875868,sim_input.json
119,4,19,<bidder.IntegralGreedyBidder object at 0x0000028086CB7978>,5,True,17,0.5096046992983317,4.0,4.0,0.75,0.75,7.25,1.0,1.0,1,0.6724137931034483,0.75,0.6724137931034483,0.6724137931034483,0.3426652288385334,9.0,7.25,2.582302478875868,sim_input.json
119,4,19,<bidder.IntegralGreedyBidder object at 0x0000028086CB7978>,5,True,18,0.40930155961884407,6.0,6.0,0.5,0.5,7.25,1.0,1.0,1,0.4482758620689655,0.5,0.4482758620689655,0.4482758620689655,0.18348000948430943,9.0,7.25,2.582302478875868,sim_input.json
119,4,19,<bidder.IntegralGreedyBidder object at 0x0000028086CB7978>,5,True,19,1.9906892361847741,2.0,2.0,1,1,7.25,0.0,0.0,0,0.0,0.0,0.0,0.0,0.0,9.0,7.25,2.582302478875868,sim_input.json
119,4,19,<bidder.IntegralGreedyBidder object at 0x0000028086CB7978>,5,True,20,5.8630175098927815,1.0,1.0,1,1,7.25,0.0,0.0,0,0.0,0.0,0.0,0.0,0.0,9.0,7.25,2.582302478875868,sim_input.json
119,4,19,<bidder.IntegralGreedyBidder object at 0x0000028086CB7978>,5,True,21,5.812454894765089,1.0,1.0,1,1,7.25,0.0,0.0,0,0.0,0.0,0.0,0.0,0.0,9.0,7.25,2.582302478875868,sim_input.json
119,4,19,<bidder.IntegralGreedyBidder object at 0x0000028086CB7978>,5,True,22,0.29361300922597877,3.0,3.0,1,1,7.25,1.0,1.0,1,0.896551724137931,1.0,0.896551724137931,0.896551724137931,0.2632392496508775,9.0,7.25,2.582302478875868,sim_input.json
119,4,19,<bidder.IntegralGreedyBidder object at 0x0000028086CB7978>,5,True,23,5.459985341195626,3.0,3.0,1,0.75,7.25,0.0,0.0,0,0.0,0.0,0.0,0.0,0.0,9.0,7.25,2.582302478875868,sim_input.json
119,4,19,<bidder.IntegralGreedyBidder object at 0x0000028086CB7978>,5,True,24,1.9118530912138545,4.0,4.0,0.75,0.6,7.25,0.0,0.0,0,0.0,0.0,0.0,0.0,0.0,9.0,7.25,2.582302478875868,sim_input.json
119,4,19,<bidder.IntegralGreedyBidder object at 0x0000028086CB7978>,5,True,25,7.257790031321195,2.0,2.0,1,1,7.25,0.0,0.0,0,0.0,0.0,0.0,0.0,0.0,9.0,7.25,2.582302478875868,sim_input.json
119,4,19,<bidder.IntegralGreedyBidder object at 0x0000028086CB7978>,5,True,26,5.33914195567803,1.0,1.0,1,1,7.25,0.0,0.0,0,0.0,0.0,0.0,0.0,0.0,9.0,7.25,2.582302478875868,sim_input.json
119,4,19,<bidder.IntegralGreedyBidder object at 0x0000028086CB7978>,5,True,27,4.649634839306377,0.0,0.0,1,1,7.25,0.0,0.0,0,0.0,0.0,0.0,0.0,0.0,9.0,7.25,2.582302478875868,sim_input.json
119,4,19,<bidder.IntegralGreedyBidder object at 0x0000028086CB7978>,5,True,28,6.084039791881742,4.0,4.0,0.75,0.6,7.25,0.0,0.0,0,0.0,0.0,0.0,0.0,0.0,9.0,7.25,2.582302478875868,sim_input.json
119,4,19,<bidder.IntegralGreedyBidder object at 0x0000028086CB7978>,5,True,29,7.399157205195897,3.0,3.0,1,0.75,7.25,0.0,0.0,0,0.0,0.0,0.0,0.0,0.0,9.0,7.25,2.582302478875868,sim_input.json
119,4,19,<bidder.IntegralGreedyBidder object at 0x0000028086CB7978>,5,True,30,7.412315565111891,4.0,4.0,0.75,0.6,7.25,0.0,0.0,0,0.0,0.0,0.0,0.0,0.0,9.0,7.25,2.582302478875868,sim_input.json
119,4,19,<bidder.IntegralGreedyBidder object at 0x0000028086CB7978>,5,True,31,1.2524965362817482,4.0,4.0,0.75,0.6,7.25,0.0,0.0,0,0.0,0.0,0.0,0.0,0.0,9.0,7.25,2.582302478875868,sim_input.json
119,4,19,<bidder.IntegralGreedyBidder object at 0x0000028086CB7978>,5,True,32,7.927331916433518,4.0,4.0,0.75,0.6,7.25,0.0,0.0,0,0.0,0.0,0.0,0.0,0.0,9.0,7.25,2.582302478875868,sim_input.json
119,4,19,<bidder.IntegralGreedyBidder object at 0x0000028086CB7978>,5,True,33,6.105677109516412,2.0,2.0,1,1,7.25,0.0,0.0,0,0.0,0.0,0.0,0.0,0.0,9.0,7.25,2.582302478875868,sim_input.json
119,4,19,<bidder.IntegralGreedyBidder object at 0x0000028086CB7978>,5,True,34,3.9914369634149107,4.0,4.0,0.75,0.6,7.25,0.0,0.0,0,0.0,0.0,0.0,0.0,0.0,9.0,7.25,2.582302478875868,sim_input.json
119,4,19,<bidder.IntegralGreedyBidder object at 0x0000028086CB7978>,5,True,35,7.999132006562608,4.0,4.0,0.75,0.6,7.25,0.0,0.0,0,0.0,0.0,0.0,0.0,0.0,9.0,7.25,2.582302478875868,sim_input.json
119,4,19,<bidder.IntegralGreedyBidder object at 0x0000028086CB7978>,5,True,36,7.655372617612107,3.0,3.0,1,0.75,7.25,0.0,0.0,0,0.0,0.0,0.0,0.0,0.0,9.0,7.25,2.582302478875868,sim_input.json
119,4,19,<bidder.IntegralGreedyBidder object at 0x0000028086CB7978>,5,True,37,0.00862820621709659,6.0,6.0,0.5,0.5,7.25,1.0,1.0,1,0.4482758620689655,0.5,0.4482758620689655,0.4482758620689655,0.003867816580077782,9.0,7.25,2.582302478875868,sim_input.json
119,4,19,<bidder.IntegralGreedyBidder object at 0x0000028086CB7978>,5,True,38,5.154874028300172,3.0,3.0,1,0.75,7.25,0.0,0.0,0,0.0,0.0,0.0,0.0,0.0,9.0,7.25,2.582302478875868,sim_input.json
119,4,19,<bidder.IntegralGreedyBidder object at 0x0000028086CB7978>,5,True,39,5.236016160692637,3.0,3.0,1,0.75,7.25,0.0,0.0,0,0.0,0.0,0.0,0.0,0.0,9.0,7.25,2.582302478875868,sim_input.json
119,4,19,<bidder.IntegralGreedyBidder object at 0x0000028086CB7978>,5,True,40,7.7490419899084895,4.0,4.0,0.75,0.6,7.25,0.0,0.0,0,0.0,0.0,0.0,0.0,0.0,9.0,7.25,2.582302478875868,sim_input.json
119,4,19,<bidder.IntegralGreedyBidder object at 0x0000028086CB7978>,5,True,41,3.5539663222772195,1.0,1.0,1,1,7.25,0.0,0.0,0,0.0,0.0,0.0,0.0,0.0,9.0,7.25,2.582302478875868,sim_input.json
119,4,19,<bidder.IntegralGreedyBidder object at 0x0000028086CB7978>,5,True,42,0.4094239305813693,4.0,4.0,0.75,0.75,7.25,1.0,1.0,1,0.6724137931034483,0.75,0.6724137931034483,0.6724137931034483,0.27530229814954144,9.0,7.25,2.582302478875868,sim_input.json
119,4,19,<bidder.IntegralGreedyBidder object at 0x0000028086CB7978>,5,True,43,3.8540945471926147,4.0,4.0,0.75,0.6,7.25,0.0,0.0,0,0.0,0.0,0.0,0.0,0.0,9.0,7.25,2.582302478875868,sim_input.json
119,4,19,<bidder.IntegralGreedyBidder object at 0x0000028086CB7978>,5,True,44,0.5848189824863733,3.0,3.0,1,1,7.25,1.0,1.0,1,0.896551724137931,1.0,0.896551724137931,0.896551724137931,0.5243204670567485,9.0,7.25,2.582302478875868,sim_input.json
119,4,19,<bidder.IntegralGreedyBidder object at 0x0000028086CB7978>,5,True,45,5.11045616868767,1.0,1.0,1,1,7.25,0.0,0.0,0,0.0,0.0,0.0,0.0,0.0,9.0,7.25,2.582302478875868,sim_input.json
119,4,19,<bidder.IntegralGreedyBidder object at 0x0000028086CB7978>,5,True,46,6.632705092563487,1.0,1.0,1,1,7.25,0.0,0.0,0,0.0,0.0,0.0,0.0,0.0,9.0,7.25,2.582302478875868,sim_input.json
119,4,19,<bidder.IntegralGreedyBidder object at 0x0000028086CB7978>,5,True,47,5.010521120973906,4.0,4.0,0.75,0.6,7.25,0.0,0.0,0,0.0,0.0,0.0,0.0,0.0,9.0,7.25,2.582302478875868,sim_input.json
119,4,19,<bidder.IntegralGreedyBidder object at 0x0000028086CB7978>,5,True,48,6.242865642221441,2.0,2.0,1,1,7.25,0.0,0.0,0,0.0,0.0,0.0,0.0,0.0,9.0,7.25,2.582302478875868,sim_input.json
119,4,19,<bidder.IntegralGreedyBidder object at 0x0000028086CB7978>,5,True,49,0.6762184756004613,3.0,3.0,1,1,7.25,1.0,1.0,1,0.896551724137931,1.0,0.896551724137931,0.896551724137931,0.6062648401935171,9.0,7.25,2.582302478875868,sim_input.json
119,4,19,<bidder.IntegralGreedyBidder object at 0x0000028086CB7978>,5,True,50,5.358382335330373,1.0,1.0,1,1,7.25,0.0,0.0,0,0.0,0.0,0.0,0.0,0.0,9.0,7.25,2.582302478875868,sim_input.json
119,4,19,<bidder.IntegralGreedyBidder object at 0x0000028086CB7978>,5,True,51,0.29164925735556513,4.0,4.0,0.75,0.75,7.25,1.0,1.0,1,0.6724137931034483,0.75,0.6724137931034483,0.6724137931034483,0.1961089833942593,9.0,7.25,2.582302478875868,sim_input.json
119,4,20,<bidder.IntegralGreedyBidder object at 0x0000028086CB7F28>,5,True,0,2.3082114061087626,6.0,6.0,0.5,0.42857142857142855,6.75,0.0,0.0,0,0.0,0.0,0.0,0.0,0.0,9.0,6.75,3.0553535164985766,sim_input.json
119,4,20,<bidder.IntegralGreedyBidder object at 0x0000028086CB7F28>,5,True,1,7.5983576724912165,1.0,1.0,1,1,6.75,0.0,0.0,0,0.0,0.0,0.0,0.0,0.0,9.0,6.75,3.0553535164985766,sim_input.json
119,4,20,<bidder.IntegralGreedyBidder object at 0x0000028086CB7F28>,5,True,2,4.586373782381752,4.0,4.0,0.75,0.6,6.75,0.0,0.0,0,0.0,0.0,0.0,0.0,0.0,9.0,6.75,3.0553535164985766,sim_input.json
119,4,20,<bidder.IntegralGreedyBidder object at 0x0000028086CB7F28>,5,True,3,2.73211899796365,3.0,3.0,1,0.75,6.75,0.0,0.0,0,0.0,0.0,0.0,0.0,0.0,9.0,6.75,3.0553535164985766,sim_input.json
119,4,20,<bidder.IntegralGreedyBidder object at 0x0000028086CB7F28>,5,True,4,7.628739301554569,5.0,5.0,0.6,0.5,6.75,0.0,0.0,0,0.0,0.0,0.0,0.0,0.0,9.0,6.75,3.0553535164985766,sim_input.json
119,4,20,<bidder.IntegralGreedyBidder object at 0x0000028086CB7F28>,5,True,5,2.8135149706945812,3.0,3.0,1,0.75,6.75,0.0,0.0,0,0.0,0.0,0.0,0.0,0.0,9.0,6.75,3.0553535164985766,sim_input.json
119,4,20,<bidder.IntegralGreedyBidder object at 0x0000028086CB7F28>,5,True,6,0.9110305068020731,1.0,1.0,1,1,6.75,1.0,1.0,1,0.9629629629629629,1.0,0.9629629629629629,0.9629629629629629,0.877288636179774,9.0,6.75,3.0553535164985766,sim_input.json
119,4,20,<bidder.IntegralGreedyBidder object at 0x0000028086CB7F28>,5,True,7,6.9461075043101275,3.0,3.0,1,0.75,6.75,0.0,0.0,0,0.0,0.0,0.0,0.0,0.0,9.0,6.75,3.0553535164985766,sim_input.json
119,4,20,<bidder.IntegralGreedyBidder object at 0x0000028086CB7F28>,5,True,8,4.199528930200873,2.0,2.0,1,1,6.75,0.0,0.0,0,0.0,0.0,0.0,0.0,0.0,9.0,6.75,3.0553535164985766,sim_input.json
119,4,20,<bidder.IntegralGreedyBidder object at 0x0000028086CB7F28>,5,True,9,0.9321528488134967,4.0,4.0,0.75,0.6,6.75,0.0,0.0,0,0.0,0.0,0.0,0.0,0.0,9.0,6.75,3.0553535164985766,sim_input.json
119,4,20,<bidder.IntegralGreedyBidder object at 0x0000028086CB7F28>,5,True,10,5.981470125145101,3.0,3.0,1,0.75,6.75,0.0,0.0,0,0.0,0.0,0.0,0.0,0.0,9.0,6.75,3.0553535164985766,sim_input.json
119,4,20,<bidder.IntegralGreedyBidder object at 0x0000028086CB7F28>,5,True,11,2.7641966927968236,2.0,2.0,1,1,6.75,0.0,0.0,0,0.0,0.0,0.0,0.0,0.0,9.0,6.75,3.0553535164985766,sim_input.json
119,4,20,<bidder.IntegralGreedyBidder object at 0x0000028086CB7F28>,5,True,12,4.745138700373349,3.0,3.0,1,0.75,6.75,0.0,0.0,0,0.0,0.0,0.0,0.0,0.0,9.0,6.75,3.0553535164985766,sim_input.json
119,4,20,<bidder.IntegralGreedyBidder object at 0x0000028086CB7F28>,5,True,13,0.03198346086094983,6.0,6.0,0.5,0.5,6.75,1.0,1.0,1,0.48148148148148145,0.5,0.48148148148148145,0.48148148148148145,0.015399444118235102,9.0,6.75,3.0553535164985766,sim_input.json
119,4,20,<bidder.IntegralGreedyBidder object at 0x0000028086CB7F28>,5,True,14,0.0,3.0,3.0,1,0.75,6.75,0.0,0.0,0,0.0,0.0,0.0,0.0,0.0,9.0,6.75,3.0553535164985766,sim_input.json
119,4,20,<bidder.IntegralGreedyBidder object at 0x0000028086CB7F28>,5,True,15,3.98040435508564,3.0,3.0,1,0.75,6.75,0.0,0.0,0,0.0,0.0,0.0,0.0,0.0,9.0,6.75,3.0553535164985766,sim_input.json
119,4,20,<bidder.IntegralGreedyBidder object at 0x0000028086CB7F28>,5,True,16,0.0,3.0,3.0,1,0.75,6.75,0.0,0.0,0,0.0,0.0,0.0,0.0,0.0,9.0,6.75,3.0553535164985766,sim_input.json
119,4,20,<bidder.IntegralGreedyBidder object at 0x0000028086CB7F28>,5,True,17,0.30172571051996566,4.0,4.0,0.75,0.75,6.75,1.0,1.0,1,0.7222222222222222,0.75,0.7222222222222222,0.7222222222222222,0.21791301315330852,9.0,6.75,3.0553535164985766,sim_input.json
119,4,20,<bidder.IntegralGreedyBidder object at 0x0000028086CB7F28>,5,True,18,4.997392072613367,6.0,6.0,0.5,0.42857142857142855,6.75,0.0,0.0,0,0.0,0.0,0.0,0.0,0.0,9.0,6.75,3.0553535164985766,sim_input.json
119,4,20,<bidder.IntegralGreedyBidder object at 0x0000028086CB7F28>,5,True,19,5.927137081722592,2.0,2.0,1,1,6.75,0.0,0.0,0,0.0,0.0,0.0,0.0,0.0,9.0,6.75,3.0553535164985766,sim_input.json
119,4,20,<bidder.IntegralGreedyBidder object at 0x0000028086CB7F28>,5,True,20,4.023000920101753,1.0,1.0,1,1,6.75,0.0,0.0,0,0.0,0.0,0.0,0.0,0.0,9.0,6.75,3.0553535164985766,sim_input.json
119,4,20,<bidder.IntegralGreedyBidder object at 0x0000028086CB7F28>,5,True,21,5.0151032302944465,1.0,1.0,1,1,6.75,0.0,0.0,0,0.0,0.0,0.0,0.0,0.0,9.0,6.75,3.0553535164985766,sim_input.json
119,4,20,<bidder.IntegralGreedyBidder object at 0x0000028086CB7F28>,5,True,22,2.4179666266258693,3.0,3.0,1,0.75,6.75,0.0,0.0,0,0.0,0.0,0.0,0.0,0.0,9.0,6.75,3.0553535164985766,sim_input.json
119,4,20,<bidder.IntegralGreedyBidder object at 0x0000028086CB7F28>,5,True,23,4.511306002870674,3.0,3.0,1,0.75,6.75,0.0,0.0,0,0.0,0.0,0.0,0.0,0.0,9.0,6.75,3.0553535164985766,sim_input.json
119,4,20,<bidder.IntegralGreedyBidder object at 0x0000028086CB7F28>,5,True,24,0.8282501283487078,4.0,4.0,0.75,0.75,6.75,1.0,1.0,1,0.7222222222222222,0.75,0.7222222222222222,0.7222222222222222,0.5981806482518445,9.0,6.75,3.0553535164985766,sim_input.json
119,4,20,<bidder.IntegralGreedyBidder object at 0x0000028086CB7F28>,5,True,25,5.122351829531283,2.0,2.0,1,1,6.75,0.0,0.0,0,0.0,0.0,0.0,0.0,0.0,9.0,6.75,3.0553535164985766,sim_input.json
119,4,20,<bidder.IntegralGreedyBidder object at 0x0000028086CB7F28>,5,True,26,0.9799123150452158,1.0,1.0,1,1,6.75,0.0,0.0,0,0.0,0.0,0.0,0.0,0.0,9.0,6.75,3.0553535164985766,sim_input.json
119,4,20,<bidder.IntegralGreedyBidder object at 0x0000028086CB7F28>,5,True,27,0.0,0.0,0.0,1,1,6.75,0.0,0.0,0,0.0,0.0,0.0,0.0,0.0,9.0,6.75,3.0553535164985766,sim_input.json
119,4,20,<bidder.IntegralGreedyBidder object at 0x0000028086CB7F28>,5,True,28,0.0,4.0,4.0,0.75,0.6,6.75,0.0,0.0,0,0.0,0.0,0.0,0.0,0.0,9.0,6.75,3.0553535164985766,sim_input.json
119,4,20,<bidder.IntegralGreedyBidder object at 0x0000028086CB7F28>,5,True,29,0.0,3.0,3.0,1,0.75,6.75,0.0,0.0,0,0.0,0.0,0.0,0.0,0.0,9.0,6.75,3.0553535164985766,sim_input.json
119,4,20,<bidder.IntegralGreedyBidder object at 0x0000028086CB7F28>,5,True,30,0.3797543077999792,4.0,4.0,0.75,0.75,6.75,1.0,1.0,1,0.7222222222222222,0.75,0.7222222222222222,0.7222222222222222,0.2742670000777628,9.0,6.75,3.0553535164985766,sim_input.json
119,4,20,<bidder.IntegralGreedyBidder object at 0x0000028086CB7F28>,5,True,31,6.868613878853594,4.0,4.0,0.75,0.6,6.75,0.0,0.0,0,0.0,0.0,0.0,0.0,0.0,9.0,6.75,3.0553535164985766,sim_input.json
119,4,20,<bidder.IntegralGreedyBidder object at 0x0000028086CB7F28>,5,True,32,0.31534754102141715,4.0,4.0,0.75,0.75,6.75,1.0,1.0,1,0.7222222222222222,0.75,0.7222222222222222,0.7222222222222222,0.2277510018488013,9.0,6.75,3.0553535164985766,sim_input.json
119,4,20,<bidder.IntegralGreedyBidder object at 0x0000028086CB7F28>,5,True,33,6.512979584810474,2.0,2.0,1,1,6.75,0.0,0.0,0,0.0,0.0,0.0,0.0,0.0,9.0,6.75,3.0553535164985766,sim_input.json
119,4,20,<bidder.IntegralGreedyBidder object at 0x0000028086CB7F28>,5,True,34,0.756633011241033,4.0,4.0,0.75,0.6,6.75,0.0,0.0,0,0.0,0.0,0.0,0.0,0.0,9.0,6.75,3.0553535164985766,sim_input.json
119,4,20,<bidder.IntegralGreedyBidder object at 0x0000028086CB7F28>,5,True,35,5.9912604605036215,4.0,4.0,0.75,0.6,6.75,0.0,0.0,0,0.0,0.0,0.0,0.0,0.0,9.0,6.75,3.0553535164985766,sim_input.json
119,4,20,<bidder.IntegralGreedyBidder object at 0x0000028086CB7F28>,5,True,36,0.44393875235159264,3.0,3.0,1,1,6.75,1.0,1.0,1,0.9629629629629629,1.0,0.9629629629629629,0.9629629629629629,0.4274965763385707,9.0,6.75,3.0553535164985766,sim_input.json
119,4,20,<bidder.IntegralGreedyBidder object at 0x0000028086CB7F28>,5,True,37,0.24997831741307008,6.0,6.0,0.5,0.5,6.75,1.0,1.0,1,0.48148148148148145,0.5,0.48148148148148145,0.48148148148148145,0.12035993060629299,9.0,6.75,3.0553535164985766,sim_input.json
119,4,20,<bidder.IntegralGreedyBidder object at 0x0000028086CB7F28>,5,True,38,4.957311698439689,3.0,3.0,1,0.75,6.75,0.0,0.0,0,0.0,0.0,0.0,0.0,0.0,9.0,6.75,3.0553535164985766,sim_input.json
119,4,20,<bidder.IntegralGreedyBidder object at 0x0000028086CB7F28>,5,True,39,7.143826335892478,3.0,3.0,1,0.75,6.75,0.0,0.0,0,0.0,0.0,0.0,0.0,0.0,9.0,6.75,3.0553535164985766,sim_input.json
119,4,20,<bidder.IntegralGreedyBidder object at 0x0000028086CB7F28>,5,True,40,4.946155223207547,4.0,4.0,0.75,0.6,6.75,0.0,0.0,0,0.0,0.0,0.0,0.0,0.0,9.0,6.75,3.0553535164985766,sim_input.json
119,4,20,<bidder.IntegralGreedyBidder object at 0x0000028086CB7F28>,5,True,41,6.781805906866014,1.0,1.0,1,1,6.75,0.0,0.0,0,0.0,0.0,0.0,0.0,0.0,9.0,6.75,3.0553535164985766,sim_input.json
119,4,20,<bidder.IntegralGreedyBidder object at 0x0000028086CB7F28>,5,True,42,6.773775110094891,4.0,4.0,0.75,0.6,6.75,0.0,0.0,0,0.0,0.0,0.0,0.0,0.0,9.0,6.75,3.0553535164985766,sim_input.json
119,4,20,<bidder.IntegralGreedyBidder object at 0x0000028086CB7F28>,5,True,43,3.9679274217920555,4.0,4.0,0.75,0.6,6.75,0.0,0.0,0,0.0,0.0,0.0,0.0,0.0,9.0,6.75,3.0553535164985766,sim_input.json
119,4,20,<bidder.IntegralGreedyBidder object at 0x0000028086CB7F28>,5,True,44,7.648481152695934,3.0,3.0,1,0.75,6.75,0.0,0.0,0,0.0,0.0,0.0,0.0,0.0,9.0,6.75,3.0553535164985766,sim_input.json
119,4,20,<bidder.IntegralGreedyBidder object at 0x0000028086CB7F28>,5,True,45,0.9474071753350684,1.0,1.0,1,1,6.75,0.0,0.0,0,0.0,0.0,0.0,0.0,0.0,9.0,6.75,3.0553535164985766,sim_input.json
119,4,20,<bidder.IntegralGreedyBidder object at 0x0000028086CB7F28>,5,True,46,7.981651435416028,1.0,1.0,1,1,6.75,0.0,0.0,0,0.0,0.0,0.0,0.0,0.0,9.0,6.75,3.0553535164985766,sim_input.json
119,4,20,<bidder.IntegralGreedyBidder object at 0x0000028086CB7F28>,5,True,47,0.4108115989716732,4.0,4.0,0.75,0.75,6.75,1.0,1.0,1,0.7222222222222222,0.75,0.7222222222222222,0.7222222222222222,0.2966972659239862,9.0,6.75,3.0553535164985766,sim_input.json
119,4,20,<bidder.IntegralGreedyBidder object at 0x0000028086CB7F28>,5,True,48,2.094751816180569,2.0,2.0,1,1,6.75,0.0,0.0,0,0.0,0.0,0.0,0.0,0.0,9.0,6.75,3.0553535164985766,sim_input.json
119,4,20,<bidder.IntegralGreedyBidder object at 0x0000028086CB7F28>,5,True,49,4.61937015878077,3.0,3.0,1,0.75,6.75,0.0,0.0,0,0.0,0.0,0.0,0.0,0.0,9.0,6.75,3.0553535164985766,sim_input.json
119,4,20,<bidder.IntegralGreedyBidder object at 0x0000028086CB7F28>,5,True,50,2.83465198845406,1.0,1.0,1,1,6.75,0.0,0.0,0,0.0,0.0,0.0,0.0,0.0,9.0,6.75,3.0553535164985766,sim_input.json
119,4,20,<bidder.IntegralGreedyBidder object at 0x0000028086CB7F28>,5,True,51,3.5312615959606886,4.0,4.0,0.75,0.6,6.75,0.0,0.0,0,0.0,0.0,0.0,0.0,0.0,9.0,6.75,3.0553535164985766,sim_input.json
119,4,21,<bidder.IntegralGreedyBidder object at 0x0000028086CB7F98>,5,True,0,0.0,6.0,6.0,0.5,0.42857142857142855,7.0,0.0,0.0,0,0.0,0.0,0.0,0.0,0.0,8.0,7.0,4.288602473877114,sim_input.json
119,4,21,<bidder.IntegralGreedyBidder object at 0x0000028086CB7F98>,5,True,1,7.6229785552601745,1.0,1.0,1,1,7.0,0.0,0.0,0,0.0,0.0,0.0,0.0,0.0,8.0,7.0,4.288602473877114,sim_input.json
119,4,21,<bidder.IntegralGreedyBidder object at 0x0000028086CB7F98>,5,True,2,0.5922592005146028,4.0,4.0,0.75,0.75,7.0,1.0,1.0,1,0.6964285714285714,0.75,0.6964285714285714,0.6964285714285714,0.41246622892981266,8.0,7.0,4.288602473877114,sim_input.json
119,4,21,<bidder.IntegralGreedyBidder object at 0x0000028086CB7F98>,5,True,3,7.146553396117546,3.0,3.0,1,0.75,7.0,0.0,0.0,0,0.0,0.0,0.0,0.0,0.0,8.0,7.0,4.288602473877114,sim_input.json
119,4,21,<bidder.IntegralGreedyBidder object at 0x0000028086CB7F98>,5,True,4,7.658621796462693,5.0,5.0,0.6,0.5,7.0,0.0,0.0,0,0.0,0.0,0.0,0.0,0.0,8.0,7.0,4.288602473877114,sim_input.json
119,4,21,<bidder.IntegralGreedyBidder object at 0x0000028086CB7F98>,5,True,5,0.06150128985580272,3.0,3.0,1,1,7.0,1.0,1.0,1,0.9285714285714286,1.0,0.9285714285714286,0.9285714285714286,0.057108340580388245,8.0,7.0,4.288602473877114,sim_input.json
119,4,21,<bidder.IntegralGreedyBidder object at 0x0000028086CB7F98>,5,True,6,2.7904674053694,1.0,1.0,1,1,7.0,0.0,0.0,0,0.0,0.0,0.0,0.0,0.0,8.0,7.0,4.288602473877114,sim_input.json
119,4,21,<bidder.IntegralGreedyBidder object at 0x0000028086CB7F98>,5,True,7,5.227257267176301,3.0,3.0,1,0.75,7.0,0.0,0.0,0,0.0,0.0,0.0,0.0,0.0,8.0,7.0,4.288602473877114,sim_input.json
119,4,21,<bidder.IntegralGreedyBidder object at 0x0000028086CB7F98>,5,True,8,6.638345226917731,2.0,2.0,1,1,7.0,0.0,0.0,0,0.0,0.0,0.0,0.0,0.0,8.0,7.0,4.288602473877114,sim_input.json
119,4,21,<bidder.IntegralGreedyBidder object at 0x0000028086CB7F98>,5,True,9,0.0,4.0,4.0,0.75,0.6,7.0,0.0,0.0,0,0.0,0.0,0.0,0.0,0.0,8.0,7.0,4.288602473877114,sim_input.json
119,4,21,<bidder.IntegralGreedyBidder object at 0x0000028086CB7F98>,5,True,10,2.1384755153226838,3.0,3.0,1,0.75,7.0,0.0,0.0,0,0.0,0.0,0.0,0.0,0.0,8.0,7.0,4.288602473877114,sim_input.json
119,4,21,<bidder.IntegralGreedyBidder object at 0x0000028086CB7F98>,5,True,11,0.0,2.0,2.0,1,1,7.0,0.0,0.0,0,0.0,0.0,0.0,0.0,0.0,8.0,7.0,4.288602473877114,sim_input.json
119,4,21,<bidder.IntegralGreedyBidder object at 0x0000028086CB7F98>,5,True,12,0.05405603745832366,3.0,3.0,1,1,7.0,1.0,1.0,1,0.9285714285714286,1.0,0.9285714285714286,0.9285714285714286,0.05019489192558626,8.0,7.0,4.288602473877114,sim_input.json
119,4,21,<bidder.IntegralGreedyBidder object at 0x0000028086CB7F98>,5,True,13,0.0,6.0,6.0,0.5,0.42857142857142855,7.0,0.0,0.0,0,0.0,0.0,0.0,0.0,0.0,8.0,7.0,4.288602473877114,sim_input.json
119,4,21,<bidder.IntegralGreedyBidder object at 0x0000028086CB7F98>,5,True,14,1.1874518537256664,3.0,3.0,1,0.75,7.0,0.0,0.0,0,0.0,0.0,0.0,0.0,0.0,8.0,7.0,4.288602473877114,sim_input.json
119,4,21,<bidder.IntegralGreedyBidder object at 0x0000028086CB7F98>,5,True,15,0.4712340550287297,3.0,3.0,1,1,7.0,1.0,1.0,1,0.9285714285714286,1.0,0.9285714285714286,0.9285714285714286,0.4375744796695348,8.0,7.0,4.288602473877114,sim_input.json
119,4,21,<bidder.IntegralGreedyBidder object at 0x0000028086CB7F98>,5,True,16,0.0,3.0,3.0,1,0.75,7.0,0.0,0.0,0,0.0,0.0,0.0,0.0,0.0,8.0,7.0,4.288602473877114,sim_input.json
119,4,21,<bidder.IntegralGreedyBidder object at 0x0000028086CB7F98>,5,True,17,0.0,4.0,4.0,0.75,0.6,7.0,0.0,0.0,0,0.0,0.0,0.0,0.0,0.0,8.0,7.0,4.288602473877114,sim_input.json
119,4,21,<bidder.IntegralGreedyBidder object at 0x0000028086CB7F98>,5,True,18,0.8038666690620028,6.0,6.0,0.5,0.5,7.0,1.0,1.0,1,0.4642857142857143,0.5,0.4642857142857143,0.4642857142857143,0.37322381063592985,8.0,7.0,4.288602473877114,sim_input.json
119,4,21,<bidder.IntegralGreedyBidder object at 0x0000028086CB7F98>,5,True,19,2.1012247090220377,2.0,2.0,1,1,7.0,0.0,0.0,0,0.0,0.0,0.0,0.0,0.0,8.0,7.0,4.288602473877114,sim_input.json
119,4,21,<bidder.IntegralGreedyBidder object at 0x0000028086CB7F98>,5,True,20,2.15163078781743,1.0,1.0,1,1,7.0,0.0,0.0,0,0.0,0.0,0.0,0.0,0.0,8.0,7.0,4.288602473877114,sim_input.json
119,4,21,<bidder.IntegralGreedyBidder object at 0x0000028086CB7F98>,5,True,21,0.0,1.0,1.0,1,1,7.0,0.0,0.0,0,0.0,0.0,0.0,0.0,0.0,8.0,7.0,4.288602473877114,sim_input.json
119,4,21,<bidder.IntegralGreedyBidder object at 0x0000028086CB7F98>,5,True,22,2.6657281104725987,3.0,3.0,1,0.75,7.0,0.0,0.0,0,0.0,0.0,0.0,0.0,0.0,8.0,7.0,4.288602473877114,sim_input.json
119,4,21,<bidder.IntegralGreedyBidder object at 0x0000028086CB7F98>,5,True,23,1.2343816531685219,3.0,3.0,1,1,7.0,1.0,1.0,1,0.9285714285714286,1.0,0.9285714285714286,0.9285714285714286,1.1462115350850561,8.0,7.0,4.288602473877114,sim_input.json
119,4,21,<bidder.IntegralGreedyBidder object at 0x0000028086CB7F98>,5,True,24,6.056920904781192,4.0,4.0,0.75,0.6,7.0,0.0,0.0,0,0.0,0.0,0.0,0.0,0.0,8.0,7.0,4.288602473877114,sim_input.json
119,4,21,<bidder.IntegralGreedyBidder object at 0x0000028086CB7F98>,5,True,25,4.23162355749542,2.0,2.0,1,1,7.0,0.0,0.0,0,0.0,0.0,0.0,0.0,0.0,8.0,7.0,4.288602473877114,sim_input.json
119,4,21,<bidder.IntegralGreedyBidder object at 0x0000028086CB7F98>,5,True,26,7.704322774936507,1.0,1.0,1,1,7.0,0.0,0.0,0,0.0,0.0,0.0,0.0,0.0,8.0,7.0,4.288602473877114,sim_input.json
119,4,21,<bidder.IntegralGreedyBidder object at 0x0000028086CB7F98>,5,True,27,4.558038599782803,0.0,0.0,1,1,7.0,0.0,0.0,0,0.0,0.0,0.0,0.0,0.0,8.0,7.0,4.288602473877114,sim_input.json
119,4,21,<bidder.IntegralGreedyBidder object at 0x0000028086CB7F98>,5,True,28,6.624495129645584,4.0,4.0,0.75,0.6,7.0,0.0,0.0,0,0.0,0.0,0.0,0.0,0.0,8.0,7.0,4.288602473877114,sim_input.json
119,4,21,<bidder.IntegralGreedyBidder object at 0x0000028086CB7F98>,5,True,29,6.5511877649353725,3.0,3.0,1,0.75,7.0,0.0,0.0,0,0.0,0.0,0.0,0.0,0.0,8.0,7.0,4.288602473877114,sim_input.json
119,4,21,<bidder.IntegralGreedyBidder object at 0x0000028086CB7F98>,5,True,30,7.611193520577263,4.0,4.0,0.75,0.6,7.0,0.0,0.0,0,0.0,0.0,0.0,0.0,0.0,8.0,7.0,4.288602473877114,sim_input.json
119,4,21,<bidder.IntegralGreedyBidder object at 0x0000028086CB7F98>,5,True,31,4.940633546559601,4.0,4.0,0.75,0.6,7.0,0.0,0.0,0,0.0,0.0,0.0,0.0,0.0,8.0,7.0,4.288602473877114,sim_input.json
119,4,21,<bidder.IntegralGreedyBidder object at 0x0000028086CB7F98>,5,True,32,0.0,4.0,4.0,0.75,0.6,7.0,0.0,0.0,0,0.0,0.0,0.0,0.0,0.0,8.0,7.0,4.288602473877114,sim_input.json
119,4,21,<bidder.IntegralGreedyBidder object at 0x0000028086CB7F98>,5,True,33,6.925830241512566,2.0,2.0,1,1,7.0,0.0,0.0,0,0.0,0.0,0.0,0.0,0.0,8.0,7.0,4.288602473877114,sim_input.json
119,4,21,<bidder.IntegralGreedyBidder object at 0x0000028086CB7F98>,5,True,34,6.192919181568804,4.0,4.0,0.75,0.6,7.0,0.0,0.0,0,0.0,0.0,0.0,0.0,0.0,8.0,7.0,4.288602473877114,sim_input.json
119,4,21,<bidder.IntegralGreedyBidder object at 0x0000028086CB7F98>,5,True,35,0.9479686284402136,4.0,4.0,0.75,0.75,7.0,1.0,1.0,1,0.6964285714285714,0.75,0.6964285714285714,0.6964285714285714,0.6601924376637202,8.0,7.0,4.288602473877114,sim_input.json
119,4,21,<bidder.IntegralGreedyBidder object at 0x0000028086CB7F98>,5,True,36,0.0,3.0,3.0,1,0.75,7.0,0.0,0.0,0,0.0,0.0,0.0,0.0,0.0,8.0,7.0,4.288602473877114,sim_input.json
119,4,21,<bidder.IntegralGreedyBidder object at 0x0000028086CB7F98>,5,True,37,1.2965787514346152,6.0,6.0,0.5,0.42857142857142855,7.0,0.0,0.0,0,0.0,0.0,0.0,0.0,0.0,8.0,7.0,4.288602473877114,sim_input.json
119,4,21,<bidder.IntegralGreedyBidder object at 0x0000028086CB7F98>,5,True,38,1.2377809485890203,3.0,3.0,1,0.75,7.0,0.0,0.0,0,0.0,0.0,0.0,0.0,0.0,8.0,7.0,4.288602473877114,sim_input.json
119,4,21,<bidder.IntegralGreedyBidder object at 0x0000028086CB7F98>,5,True,39,5.447805302063117,3.0,3.0,1,0.75,7.0,0.0,0.0,0,0.0,0.0,0.0,0.0,0.0,8.0,7.0,4.288602473877114,sim_input.json
119,4,21,<bidder.IntegralGreedyBidder object at 0x0000028086CB7F98>,5,True,40,4.177076574576072,4.0,4.0,0.75,0.6,7.0,0.0,0.0,0,0.0,0.0,0.0,0.0,0.0,8.0,7.0,4.288602473877114,sim_input.json
119,4,21,<bidder.IntegralGreedyBidder object at 0x0000028086CB7F98>,5,True,41,6.086880876704409,1.0,1.0,1,1,7.0,0.0,0.0,0,0.0,0.0,0.0,0.0,0.0,8.0,7.0,4.288602473877114,sim_input.json
119,4,21,<bidder.IntegralGreedyBidder object at 0x0000028086CB7F98>,5,True,42,6.25982647541084,4.0,4.0,0.75,0.6,7.0,0.0,0.0,0,0.0,0.0,0.0,0.0,0.0,8.0,7.0,4.288602473877114,sim_input.json
119,4,21,<bidder.IntegralGreedyBidder object at 0x0000028086CB7F98>,5,True,43,1.167751993141401,4.0,4.0,0.75,0.6,7.0,0.0,0.0,0,0.0,0.0,0.0,0.0,0.0,8.0,7.0,4.288602473877114,sim_input.json
119,4,21,<bidder.IntegralGreedyBidder object at 0x0000028086CB7F98>,5,True,44,5.730378985511484,3.0,3.0,1,0.75,7.0,0.0,0.0,0,0.0,0.0,0.0,0.0,0.0,8.0,7.0,4.288602473877114,sim_input.json
119,4,21,<bidder.IntegralGreedyBidder object at 0x0000028086CB7F98>,5,True,45,2.970178880467194,1.0,1.0,1,1,7.0,0.0,0.0,0,0.0,0.0,0.0,0.0,0.0,8.0,7.0,4.288602473877114,sim_input.json
119,4,21,<bidder.IntegralGreedyBidder object at 0x0000028086CB7F98>,5,True,46,2.1984338555024934,1.0,1.0,1,1,7.0,0.0,0.0,0,0.0,0.0,0.0,0.0,0.0,8.0,7.0,4.288602473877114,sim_input.json
119,4,21,<bidder.IntegralGreedyBidder object at 0x0000028086CB7F98>,5,True,47,7.945572442533103,4.0,4.0,0.75,0.6,7.0,0.0,0.0,0,0.0,0.0,0.0,0.0,0.0,8.0,7.0,4.288602473877114,sim_input.json
119,4,21,<bidder.IntegralGreedyBidder object at 0x0000028086CB7F98>,5,True,48,6.818390049275289,2.0,2.0,1,1,7.0,0.0,0.0,0,0.0,0.0,0.0,0.0,0.0,8.0,7.0,4.288602473877114,sim_input.json
119,4,21,<bidder.IntegralGreedyBidder object at 0x0000028086CB7F98>,5,True,49,7.318023358651466,3.0,3.0,1,0.75,7.0,0.0,0.0,0,0.0,0.0,0.0,0.0,0.0,8.0,7.0,4.288602473877114,sim_input.json
119,4,21,<bidder.IntegralGreedyBidder object at 0x0000028086CB7F98>,5,True,50,1.240217730109169,1.0,1.0,1,1,7.0,1.0,1.0,1,0.9285714285714286,1.0,0.9285714285714286,0.9285714285714286,1.1516307493870857,8.0,7.0,4.288602473877114,sim_input.json
119,4,21,<bidder.IntegralGreedyBidder object at 0x0000028086CB7F98>,5,True,51,7.24243328727687,4.0,4.0,0.75,0.6,7.0,0.0,0.0,0,0.0,0.0,0.0,0.0,0.0,8.0,7.0,4.288602473877114,sim_input.json
119,4,22,<bidder.UniformBidder object at 0x0000028086CB7D68>,5,True,0,4.758219846509966,6.0,6.0,0.5,0.42857142857142855,4.75,0.0,0.0,0,0.002118644067796603,0.0,0.0,0.002118644067796603,0.0100809742510804,5.0,4.75,9.499407841555923,sim_input.json
119,4,22,<bidder.UniformBidder object at 0x0000028086CB7D68>,5,True,1,4.542294819389234,1.0,1.0,1,1,4.75,0.0,0.0,0,0.12478082992402104,0.0,0.0,0.12478082992402104,0.5667913173229698,5.0,4.75,9.499407841555923,sim_input.json
119,4,22,<bidder.UniformBidder object at 0x0000028086CB7D68>,5,True,2,4.7854435349846876,4.0,4.0,0.75,0.6,4.75,0.0,0.0,0,0.004825800376647844,0.0,0.0,0.004825800376647844,0.023093595213556094,5.0,4.75,9.499407841555923,sim_input.json
119,4,22,<bidder.UniformBidder object at 0x0000028086CB7D68>,5,True,3,3.299576955832204,3.0,3.0,1,0.75,4.75,0.0,0.0,0,0.0,0.0,0.0,0.0,0.0,5.0,4.75,9.499407841555923,sim_input.json
119,4,22,<bidder.UniformBidder object at 0x0000028086CB7D68>,5,True,4,0.948914506526623,5.0,5.0,0.6,0.5,4.75,0.0,0.0,0,0.0,0.0,0.0,0.0,0.0,5.0,4.75,9.499407841555923,sim_input.json
119,4,22,<bidder.UniformBidder object at 0x0000028086CB7D68>,5,True,5,0.5983306553972498,3.0,3.0,1,1,4.75,1.0,1.0,1,1.0,1.0,1.0,1.0,0.5983306553972498,5.0,4.75,9.499407841555923,sim_input.json
119,4,22,<bidder.UniformBidder object at 0x0000028086CB7D68>,5,True,6,4.821604461707216,1.0,1.0,1,1,4.75,0.0,0.0,0,0.12084118016321407,0.0,0.0,0.12084118016321407,0.5826483734329185,5.0,4.75,9.499407841555923,sim_input.json
119,4,22,<bidder.UniformBidder object at 0x0000028086CB7D68>,5,True,7,4.019130561798734,3.0,3.0,1,0.75,4.75,0.0,0.0,0,0.0,0.0,0.0,0.0,0.0,5.0,4.75,9.499407841555923,sim_input.json
119,4,22,<bidder.UniformBidder object at 0x0000028086CB7D68>,5,True,8,7.727427443298637,2.0,2.0,1,1,4.75,0.0,0.0,0,0.059322033898305086,0.0,0.0,0.059322033898305086,0.4584067127380548,5.0,4.75,9.499407841555923,sim_input.json
119,4,22,<bidder.UniformBidder object at 0x0000028086CB7D68>,5,True,9,1.1968195888226,4.0,4.0,0.75,0.6,4.75,0.0,0.0,0,0.00317796610169493,0.0,0.0,0.00317796610169493,0.0038034520831226877,5.0,4.75,9.499407841555923,sim_input.json
119,4,22,<bidder.UniformBidder object at 0x0000028086CB7D68>,5,True,10,1.8281230376423934,3.0,3.0,1,0.75,4.75,0.0,0.0,0,0.004237288135593206,0.0,0.0,0.004237288135593206,0.007746284057806725,5.0,4.75,9.499407841555923,sim_input.json
119,4,22,<bidder.UniformBidder object at 0x0000028086CB7D68>,5,True,11,2.5886274063563093,2.0,2.0,1,1,4.75,0.0,0.0,0,0.0635593220338983,0.0,0.0,0.0635593220338983,0.16453140294637558,5.0,4.75,9.499407841555923,sim_input.json
119,4,22,<bidder.UniformBidder object at 0x0000028086CB7D68>,5,True,12,5.24058988372829,3.0,3.0,1,0.75,4.75,0.0,0.0,0,0.004237288135593206,0.0,0.0,0.004237288135593206,0.022205889337831658,5.0,4.75,9.499407841555923,sim_input.json
119,4,22,<bidder.UniformBidder object at 0x0000028086CB7D68>,5,True,13,1.5719488850507684,6.0,6.0,0.5,0.42857142857142855,4.75,0.0,0.0,0,0.002197112366603902,0.0,0.0,0.002197112366603902,0.0034537483350142585,5.0,4.75,9.499407841555923,sim_input.json
119,4,22,<bidder.UniformBidder object at 0x0000028086CB7D68>,5,True,14,3.4324794683531943,3.0,3.0,1,0.75,4.75,0.0,0.0,0,0.002197112366603902,0.0,0.0,0.002197112366603902,0.00754154308803279,5.0,4.75,9.499407841555923,sim_input.json
119,4,22,<bidder.UniformBidder object at 0x0000028086CB7D68>,5,True,15,4.203446822009967,3.0,3.0,1,0.75,4.75,0.0,0.0,0,0.004237288135593206,0.0,0.0,0.004237288135593206,0.017811215347499798,5.0,4.75,9.499407841555923,sim_input.json
119,4,22,<bidder.UniformBidder object at 0x0000028086CB7D68>,5,True,16,0.09100889898220343,3.0,3.0,1,1,4.75,1.0,1.0,1,1.0,1.0,1.0,1.0,0.09100889898220343,5.0,4.75,9.499407841555923,sim_input.json
119,4,22,<bidder.UniformBidder object at 0x0000028086CB7D68>,5,True,17,5.590154149957437,4.0,4.0,0.75,0.6,4.75,0.0,0.0,0,0.011076206247158903,0.0,0.0,0.011076206247158903,0.061917700318339826,5.0,4.75,9.499407841555923,sim_input.json
119,4,22,<bidder.UniformBidder object at 0x0000028086CB7D68>,5,True,18,6.914762830430781,6.0,6.0,0.5,0.42857142857142855,4.75,0.0,0.0,0,0.007305669199298654,0.0,0.0,0.007305669199298654,0.05051696983073334,5.0,4.75,9.499407841555923,sim_input.json
119,4,22,<bidder.UniformBidder object at 0x0000028086CB7D68>,5,True,19,3.604507798563038,2.0,2.0,1,1,4.75,0.0,0.0,0,0.059322033898305086,0.0,0.0,0.059322033898305086,0.21382673381306158,5.0,4.75,9.499407841555923,sim_input.json
119,4,22,<bidder.UniformBidder object at 0x0000028086CB7D68>,5,True,20,1.9396787089929086,1.0,1.0,1,1,4.75,0.0,0.0,0,0.11864406779661017,0.0,0.0,0.11864406779661017,0.23013137225339594,5.0,4.75,9.499407841555923,sim_input.json
119,4,22,<bidder.UniformBidder object at 0x0000028086CB7D68>,5,True,21,2.5617835007040832,1.0,1.0,1,1,4.75,0.0,0.0,0,0.11864406779661017,0.0,0.0,0.11864406779661017,0.3039404153377726,5.0,4.75,9.499407841555923,sim_input.json
119,4,22,<bidder.UniformBidder object at 0x0000028086CB7D68>,5,True,22,4.4288676676404,3.0,3.0,1,0.75,4.75,0.0,0.0,0,0.010374050263004102,0.0,0.0,0.010374050263004102,0.04594529579229526,5.0,4.75,9.499407841555923,sim_input.json
119,4,22,<bidder.UniformBidder object at 0x0000028086CB7D68>,5,True,23,7.126968660833667,3.0,3.0,1,0.75,4.75,0.0,0.0,0,0.004237288135593206,0.0,0.0,0.004237288135593206,0.030199019749295092,5.0,4.75,9.499407841555923,sim_input.json
119,4,22,<bidder.UniformBidder object at 0x0000028086CB7D68>,5,True,24,4.51223084853991,4.0,4.0,0.75,0.6,4.75,0.0,0.0,0,0.0016478342749529132,0.0,0.0,0.0016478342749529132,0.0074354086487239315,5.0,4.75,9.499407841555923,sim_input.json
119,4,22,<bidder.UniformBidder object at 0x0000028086CB7D68>,5,True,25,5.255891738743326,2.0,2.0,1,1,4.75,0.0,0.0,0,0.06151914626490899,0.0,0.0,0.06151914626490899,0.3233379726282775,5.0,4.75,9.499407841555923,sim_input.json
119,4,22,<bidder.UniformBidder object at 0x0000028086CB7D68>,5,True,26,3.865678114546947,1.0,1.0,1,1,4.75,0.0,0.0,0,0.11864406779661017,0.0,0.0,0.11864406779661017,0.45863977630218017,5.0,4.75,9.499407841555923,sim_input.json
119,4,22,<bidder.UniformBidder object at 0x0000028086CB7D68>,5,True,27,6.950554886136633,0.0,0.0,1,1,4.75,0.0,0.0,0,0.17796610169491525,0.0,0.0,0.17796610169491525,1.2369631577022822,5.0,4.75,9.499407841555923,sim_input.json
119,4,22,<bidder.UniformBidder object at 0x0000028086CB7D68>,5,True,28,7.422052891841081,4.0,4.0,0.75,0.6,4.75,0.0,0.0,0,0.004825800376647844,0.0,0.0,0.004825800376647844,0.03581734564094691,5.0,4.75,9.499407841555923,sim_input.json
119,4,22,<bidder.UniformBidder object at 0x0000028086CB7D68>,5,True,29,6.16948978846499,3.0,3.0,1,0.75,4.75,0.0,0.0,0,0.002197112366603902,0.0,0.0,0.002197112366603902,0.01355506230987292,5.0,4.75,9.499407841555923,sim_input.json
119,4,22,<bidder.UniformBidder object at 0x0000028086CB7D68>,5,True,30,7.324371102144226,4.0,4.0,0.75,0.6,4.75,0.0,0.0,0,0.0016478342749529132,0.0,0.0,0.0016478342749529132,0.0120693497445879,5.0,4.75,9.499407841555923,sim_input.json
119,4,22,<bidder.UniformBidder object at 0x0000028086CB7D68>,5,True,31,2.751251735016547,4.0,4.0,0.75,0.6,4.75,0.0,0.0,0,0.0,0.0,0.0,0.0,0.0,5.0,4.75,9.499407841555923,sim_input.json
119,4,22,<bidder.UniformBidder object at 0x0000028086CB7D68>,5,True,32,0.6047783068661026,4.0,4.0,0.75,0.75,4.75,1.0,1.0,1,0.7532956685499058,0.75,0.75,0.7532956685499058,0.45557687899518085,5.0,4.75,9.499407841555923,sim_input.json
119,4,22,<bidder.UniformBidder object at 0x0000028086CB7D68>,5,True,33,1.8330719025542463,2.0,2.0,1,1,4.75,0.0,0.0,0,0.059322033898305086,0.0,0.0,0.059322033898305086,0.1087415535413536,5.0,4.75,9.499407841555923,sim_input.json
119,4,22,<bidder.UniformBidder object at 0x0000028086CB7D68>,5,True,34,1.4397275738106239,4.0,4.0,0.75,0.6,4.75,0.0,0.0,0,0.0,0.0,0.0,0.0,0.0,5.0,4.75,9.499407841555923,sim_input.json
119,4,22,<bidder.UniformBidder object at 0x0000028086CB7D68>,5,True,35,2.1853301852114932,4.0,4.0,0.75,0.6,4.75,0.0,0.0,0,0.004825800376647844,0.0,0.0,0.004825800376647844,0.010545967230893526,5.0,4.75,9.499407841555923,sim_input.json
119,4,22,<bidder.UniformBidder object at 0x0000028086CB7D68>,5,True,36,6.015341987774654,3.0,3.0,1,0.75,4.75,0.0,0.0,0,0.006591337099811679,0.0,0.0,0.006591337099811679,0.03964914681207401,5.0,4.75,9.499407841555923,sim_input.json
119,4,22,<bidder.UniformBidder object at 0x0000028086CB7D68>,5,True,37,5.887578902032378,6.0,6.0,0.5,0.42857142857142855,4.75,0.0,0.0,0,0.004166937247007399,0.0,0.0,0.004166937247007399,0.024533171821573642,5.0,4.75,9.499407841555923,sim_input.json
119,4,22,<bidder.UniformBidder object at 0x0000028086CB7D68>,5,True,38,3.3736824078749237,3.0,3.0,1,0.75,4.75,0.0,0.0,0,0.002197112366603902,0.0,0.0,0.002197112366603902,0.007412359339336024,5.0,4.75,9.499407841555923,sim_input.json
119,4,22,<bidder.UniformBidder object at 0x0000028086CB7D68>,5,True,39,0.5941790358582417,3.0,3.0,1,1,4.75,1.0,1.0,1,1.0,1.0,1.0,1.0,0.5941790358582417,5.0,4.75,9.499407841555923,sim_input.json
119,4,22,<bidder.UniformBidder object at 0x0000028086CB7D68>,5,True,40,6.8364909549281325,4.0,4.0,0.75,0.6,4.75,0.0,0.0,0,0.006473634651600757,0.0,0.0,0.006473634651600757,0.0442569447411779,5.0,4.75,9.499407841555923,sim_input.json
119,4,22,<bidder.UniformBidder object at 0x0000028086CB7D68>,5,True,41,5.751229453904242,1.0,1.0,1,1,4.75,0.0,0.0,0,0.11864406779661017,0.0,0.0,0.11864406779661017,0.6823492572428761,5.0,4.75,9.499407841555923,sim_input.json
119,4,22,<bidder.UniformBidder object at 0x0000028086CB7D68>,5,True,42,1.4709296692282592,4.0,4.0,0.75,0.6,4.75,0.0,0.0,0,0.004602571595558146,0.0,0.0,0.004602571595558146,0.006770059114653725,5.0,4.75,9.499407841555923,sim_input.json
119,4,22,<bidder.UniformBidder object at 0x0000028086CB7D68>,5,True,43,3.9203149057738695,4.0,4.0,0.75,0.6,4.75,0.0,0.0,0,0.0,0.0,0.0,0.0,0.0,5.0,4.75,9.499407841555923,sim_input.json
119,4,22,<bidder.UniformBidder object at 0x0000028086CB7D68>,5,True,44,4.221720002811179,3.0,3.0,1,0.75,4.75,0.0,0.0,0,0.008333874494014772,0.0,0.0,0.008333874494014772,0.035183284652300056,5.0,4.75,9.499407841555923,sim_input.json
119,4,22,<bidder.UniformBidder object at 0x0000028086CB7D68>,5,True,45,0.1616093155568934,1.0,1.0,1,1,4.75,1.0,1.0,1,1.0,1.0,1.0,1.0,0.1616093155568934,5.0,4.75,9.499407841555923,sim_input.json
119,4,22,<bidder.UniformBidder object at 0x0000028086CB7D68>,5,True,46,5.554517068127428,1.0,1.0,1,1,4.75,0.0,0.0,0,0.11864406779661017,0.0,0.0,0.11864406779661017,0.6590104996083389,5.0,4.75,9.499407841555923,sim_input.json
119,4,22,<bidder.UniformBidder object at 0x0000028086CB7D68>,5,True,47,6.228191849929317,4.0,4.0,0.75,0.6,4.75,0.0,0.0,0,0.0032956685499058265,0.0,0.0,0.0032956685499058265,0.020526056002591837,5.0,4.75,9.499407841555923,sim_input.json
119,4,22,<bidder.UniformBidder object at 0x0000028086CB7D68>,5,True,48,5.243502108030342,2.0,2.0,1,1,4.75,0.0,0.0,0,0.059322033898305086,0.0,0.0,0.059322033898305086,0.31105520979841017,5.0,4.75,9.499407841555923,sim_input.json
119,4,22,<bidder.UniformBidder object at 0x0000028086CB7D68>,5,True,49,4.217233065783269,3.0,3.0,1,0.75,4.75,0.0,0.0,0,0.0061367621274108705,0.0,0.0,0.0061367621274108705,0.025880156160563602,5.0,4.75,9.499407841555923,sim_input.json
119,4,22,<bidder.UniformBidder object at 0x0000028086CB7D68>,5,True,50,5.676662703096388,1.0,1.0,1,1,4.75,0.0,0.0,0,0.12288135593220338,0.0,0.0,0.12288135593220338,0.697556010126251,5.0,4.75,9.499407841555923,sim_input.json
119,4,22,<bidder.UniformBidder object at 0x0000028086CB7D68>,5,True,51,7.131511518345322,4.0,4.0,0.75,0.6,4.75,0.0,0.0,0,0.004602571595558146,0.0,0.0,0.004602571595558146,0.032823292347731924,5.0,4.75,9.499407841555923,sim_input.json
119,4,23,<bidder.IntegralGreedyBidder object at 0x0000028086CB7F60>,5,True,0,3.326465915416624,6.0,6.0,0.5,0.42857142857142855,5.35,0.0,0.0,0,0.001392251815980625,0.0,0.0,0.001392251815980625,0.004631278211536447,6.0,5.35,7.1346105957273185,sim_input.json
119,4,23,<bidder.IntegralGreedyBidder object at 0x0000028086CB7F60>,5,True,1,6.383578840874052,1.0,1.0,1,1,5.35,0.0,0.0,0,0.08199883109292813,0.0,0.0,0.08199883109292813,0.5234460031412214,6.0,5.35,7.1346105957273185,sim_input.json
119,4,23,<bidder.IntegralGreedyBidder object at 0x0000028086CB7F60>,5,True,2,5.777733865376913,4.0,4.0,0.75,0.6,5.35,0.0,0.0,0,0.0031712402475114407,0.0,0.0,0.0031712402475114407,0.018322582173293113,6.0,5.35,7.1346105957273185,sim_input.json
119,4,23,<bidder.IntegralGreedyBidder object at 0x0000028086CB7F60>,5,True,3,0.32183510594691145,3.0,3.0,1,1,5.35,1.0,1.0,1,1.0,1.0,1.0,1.0,0.32183510594691145,6.0,5.35,7.1346105957273185,sim_input.json
119,4,23,<bidder.IntegralGreedyBidder object at 0x0000028086CB7F60>,5,True,4,0.11203044487435265,5.0,5.0,0.6,0.6,5.35,1.0,1.0,1,0.6,0.6,0.6,0.6,0.0672182669246116,6.0,5.35,7.1346105957273185,sim_input.json
119,4,23,<bidder.IntegralGreedyBidder object at 0x0000028086CB7F60>,5,True,5,6.238051875517214,3.0,3.0,1,0.75,5.35,0.0,0.0,0,0.00278450363196125,0.0,0.0,0.00278450363196125,0.01736987810374037,6.0,5.35,7.1346105957273185,sim_input.json
119,4,23,<bidder.IntegralGreedyBidder object at 0x0000028086CB7F60>,5,True,6,1.0902216900730695,1.0,1.0,1,1,5.35,0.0,0.0,0,0.07940991839296926,0.0,0.0,0.07940991839296926,0.08657441543894748,6.0,5.35,7.1346105957273185,sim_input.json
119,4,23,<bidder.IntegralGreedyBidder object at 0x0000028086CB7F60>,5,True,7,5.934011249329166,3.0,3.0,1,0.75,5.35,0.0,0.0,0,0.0,0.0,0.0,0.0,0.0,6.0,5.35,7.1346105957273185,sim_input.json
119,4,23,<bidder.IntegralGreedyBidder object at 0x0000028086CB7F60>,5,True,8,1.6946956602228478,2.0,2.0,1,1,5.35,0.0,0.0,0,0.03898305084745764,0.0,0.0,0.03898305084745764,0.06606440709343307,6.0,5.35,7.1346105957273185,sim_input.json
119,4,23,<bidder.IntegralGreedyBidder object at 0x0000028086CB7F60>,5,True,9,0.0,4.0,4.0,0.75,0.6,5.35,0.0,0.0,0,0.0,0.0,0.0,0.0,0.0,6.0,5.35,7.1346105957273185,sim_input.json
119,4,23,<bidder.IntegralGreedyBidder object at 0x0000028086CB7F60>,5,True,10,0.7620691102456787,3.0,3.0,1,1,5.35,1.0,1.0,1,1.0,1.0,1.0,1.0,0.7620691102456787,6.0,5.35,7.1346105957273185,sim_input.json
119,4,23,<bidder.IntegralGreedyBidder object at 0x0000028086CB7F60>,5,True,11,2.281956461693687,2.0,2.0,1,1,5.35,0.0,0.0,0,0.0417675544794189,0.0,0.0,0.0417675544794189,0.09531174083345305,6.0,5.35,7.1346105957273185,sim_input.json
119,4,23,<bidder.IntegralGreedyBidder object at 0x0000028086CB7F60>,5,True,12,5.242870705752605,3.0,3.0,1,0.75,5.35,0.0,0.0,0,0.00278450363196125,0.0,0.0,0.00278450363196125,0.01459879252207137,6.0,5.35,7.1346105957273185,sim_input.json
119,4,23,<bidder.IntegralGreedyBidder object at 0x0000028086CB7F60>,5,True,13,6.625174290067435,6.0,6.0,0.5,0.42857142857142855,5.35,0.0,0.0,0,0.001443816698053993,0.0,0.0,0.001443816698053993,0.009565537267517372,6.0,5.35,7.1346105957273185,sim_input.json
119,4,23,<bidder.IntegralGreedyBidder object at 0x0000028086CB7F60>,5,True,14,4.875787558883553,3.0,3.0,1,0.75,5.35,0.0,0.0,0,0.001443816698053993,0.0,0.0,0.001443816698053993,0.0070397434936799895,6.0,5.35,7.1346105957273185,sim_input.json
119,4,23,<bidder.IntegralGreedyBidder object at 0x0000028086CB7F60>,5,True,15,4.917015568045109,3.0,3.0,1,0.75,5.35,0.0,0.0,0,0.00278450363196125,0.0,0.0,0.00278450363196125,0.013691447707631615,6.0,5.35,7.1346105957273185,sim_input.json
119,4,23,<bidder.IntegralGreedyBidder object at 0x0000028086CB7F60>,5,True,16,0.6065467268383707,3.0,3.0,1,1,5.35,1.0,1.0,1,1.0,1.0,1.0,1.0,0.6065467268383707,6.0,5.35,7.1346105957273185,sim_input.json
119,4,23,<bidder.IntegralGreedyBidder object at 0x0000028086CB7F60>,5,True,17,6.813525512416465,4.0,4.0,0.75,0.6,5.35,0.0,0.0,0,0.007278649819561566,0.0,0.0,0.007278649819561566,0.04959326624152823,6.0,5.35,7.1346105957273185,sim_input.json
119,4,23,<bidder.IntegralGreedyBidder object at 0x0000028086CB7F60>,5,True,18,4.661934232177896,6.0,6.0,0.5,0.42857142857142855,5.35,0.0,0.0,0,0.004800868330967688,0.0,0.0,0.004800868330967688,0.022381332416317026,6.0,5.35,7.1346105957273185,sim_input.json
119,4,23,<bidder.IntegralGreedyBidder object at 0x0000028086CB7F60>,5,True,19,4.110757354047453,2.0,2.0,1,1,5.35,0.0,0.0,0,0.03898305084745764,0.0,0.0,0.03898305084745764,0.16024986295439228,6.0,5.35,7.1346105957273185,sim_input.json
119,4,23,<bidder.IntegralGreedyBidder object at 0x0000028086CB7F60>,5,True,20,5.947635063017609,1.0,1.0,1,1,5.35,0.0,0.0,0,0.07796610169491527,0.0,0.0,0.07796610169491527,0.4637139201674747,6.0,5.35,7.1346105957273185,sim_input.json
119,4,23,<bidder.IntegralGreedyBidder object at 0x0000028086CB7F60>,5,True,21,4.079372470354275,1.0,1.0,1,1,5.35,0.0,0.0,0,0.07796610169491527,0.0,0.0,0.07796610169491527,0.31805276887507916,6.0,5.35,7.1346105957273185,sim_input.json
119,4,23,<bidder.IntegralGreedyBidder object at 0x0000028086CB7F60>,5,True,22,4.701169443442113,3.0,3.0,1,0.75,5.35,0.0,0.0,0,0.006817233029974125,0.0,0.0,0.006817233029974125,0.032048967609338654,6.0,5.35,7.1346105957273185,sim_input.json
119,4,23,<bidder.IntegralGreedyBidder object at 0x0000028086CB7F60>,5,True,23,2.13162806912714,3.0,3.0,1,0.75,5.35,0.0,0.0,0,0.00278450363196125,0.0,0.0,0.00278450363196125,0.005935526100475068,6.0,5.35,7.1346105957273185,sim_input.json
119,4,23,<bidder.IntegralGreedyBidder object at 0x0000028086CB7F60>,5,True,24,0.0,4.0,4.0,0.75,0.6,5.35,0.0,0.0,0,0.0,0.0,0.0,0.0,0.0,6.0,5.35,7.1346105957273185,sim_input.json
119,4,23,<bidder.IntegralGreedyBidder object at 0x0000028086CB7F60>,5,True,25,6.449650627635239,2.0,2.0,1,1,5.35,0.0,0.0,0,0.04042686754551163,0.0,0.0,0.04042686754551163,0.26073917163823573,6.0,5.35,7.1346105957273185,sim_input.json
119,4,23,<bidder.IntegralGreedyBidder object at 0x0000028086CB7F60>,5,True,26,5.400874198091677,1.0,1.0,1,1,5.35,0.0,0.0,0,0.07796610169491527,0.0,0.0,0.07796610169491527,0.4210851069698597,6.0,5.35,7.1346105957273185,sim_input.json
119,4,23,<bidder.IntegralGreedyBidder object at 0x0000028086CB7F60>,5,True,27,3.9530215047622277,0.0,0.0,1,1,5.35,0.0,0.0,0,0.11694915254237291,0.0,0.0,0.11694915254237291,0.46230251496371827,6.0,5.35,7.1346105957273185,sim_input.json
119,4,23,<bidder.IntegralGreedyBidder object at 0x0000028086CB7F60>,5,True,28,6.507904544732049,4.0,4.0,0.75,0.6,5.35,0.0,0.0,0,0.0031712402475114407,0.0,0.0,0.0031712402475114407,0.02063812881921689,6.0,5.35,7.1346105957273185,sim_input.json
119,4,23,<bidder.IntegralGreedyBidder object at 0x0000028086CB7F60>,5,True,29,6.017568576333193,3.0,3.0,1,0.75,5.35,0.0,0.0,0,0.001443816698053993,0.0,0.0,0.001443816698053993,0.008688265992194858,6.0,5.35,7.1346105957273185,sim_input.json
119,4,23,<bidder.IntegralGreedyBidder object at 0x0000028086CB7F60>,5,True,30,6.32680989330274,4.0,4.0,0.75,0.6,5.35,0.0,0.0,0,0.0010828625235404861,0.0,0.0,0.0010828625235404861,0.006851065327022719,6.0,5.35,7.1346105957273185,sim_input.json
119,4,23,<bidder.IntegralGreedyBidder object at 0x0000028086CB7F60>,5,True,31,1.0752070064975978,4.0,4.0,0.75,0.6,5.35,0.0,0.0,0,0.0,0.0,0.0,0.0,0.0,6.0,5.35,7.1346105957273185,sim_input.json
119,4,23,<bidder.IntegralGreedyBidder object at 0x0000028086CB7F60>,5,True,32,0.7045890662403079,4.0,4.0,0.75,0.6,5.35,0.0,0.0,0,0.0021657250470809722,0.0,0.0,0.0021657250470809722,0.0015259461886560292,6.0,5.35,7.1346105957273185,sim_input.json
119,4,23,<bidder.IntegralGreedyBidder object at 0x0000028086CB7F60>,5,True,33,4.760760508343476,2.0,2.0,1,1,5.35,0.0,0.0,0,0.03898305084745764,0.0,0.0,0.03898305084745764,0.185588968969322,6.0,5.35,7.1346105957273185,sim_input.json
119,4,23,<bidder.IntegralGreedyBidder object at 0x0000028086CB7F60>,5,True,34,1.8991742488318497,4.0,4.0,0.75,0.6,5.35,0.0,0.0,0,0.0,0.0,0.0,0.0,0.0,6.0,5.35,7.1346105957273185,sim_input.json
119,4,23,<bidder.IntegralGreedyBidder object at 0x0000028086CB7F60>,5,True,35,7.25928040889195,4.0,4.0,0.75,0.6,5.35,0.0,0.0,0,0.0031712402475114407,0.0,0.0,0.0031712402475114407,0.02302092220064946,6.0,5.35,7.1346105957273185,sim_input.json
119,4,23,<bidder.IntegralGreedyBidder object at 0x0000028086CB7F60>,5,True,36,7.613865651716596,3.0,3.0,1,0.75,5.35,0.0,0.0,0,0.004331450094161962,0.0,0.0,0.004331450094161962,0.032979079094064376,6.0,5.35,7.1346105957273185,sim_input.json
119,4,23,<bidder.IntegralGreedyBidder object at 0x0000028086CB7F60>,5,True,37,4.964431310154906,6.0,6.0,0.5,0.42857142857142855,5.35,0.0,0.0,0,0.0027382730480334343,0.0,0.0,0.0027382730480334343,0.013593968455410489,6.0,5.35,7.1346105957273185,sim_input.json
119,4,23,<bidder.IntegralGreedyBidder object at 0x0000028086CB7F60>,5,True,38,7.1979326238757455,3.0,3.0,1,0.75,5.35,0.0,0.0,0,0.001443816698053993,0.0,0.0,0.001443816698053993,0.010392495313819392,6.0,5.35,7.1346105957273185,sim_input.json
119,4,23,<bidder.IntegralGreedyBidder object at 0x0000028086CB7F60>,5,True,39,0.5500444014858574,3.0,3.0,1,1,5.35,1.0,1.0,1,1.0,1.0,1.0,1.0,0.5500444014858574,6.0,5.35,7.1346105957273185,sim_input.json
119,4,23,<bidder.IntegralGreedyBidder object at 0x0000028086CB7F60>,5,True,40,6.197291960927986,4.0,4.0,0.75,0.6,5.35,0.0,0.0,0,0.004254102771051927,0.0,0.0,0.004254102771051927,0.026363916904001576,6.0,5.35,7.1346105957273185,sim_input.json
119,4,23,<bidder.IntegralGreedyBidder object at 0x0000028086CB7F60>,5,True,41,4.379200942470751,1.0,1.0,1,1,5.35,0.0,0.0,0,0.07796610169491527,0.0,0.0,0.07796610169491527,0.3414292260231434,6.0,5.35,7.1346105957273185,sim_input.json
119,4,23,<bidder.IntegralGreedyBidder object at 0x0000028086CB7F60>,5,True,42,0.012712139893595209,4.0,4.0,0.75,0.75,5.35,1.0,1.0,1,0.7530245470485096,0.75,0.75,0.7530245470485096,0.009572553385391822,6.0,5.35,7.1346105957273185,sim_input.json
119,4,23,<bidder.IntegralGreedyBidder object at 0x0000028086CB7F60>,5,True,43,3.41120792447546,4.0,4.0,0.75,0.6,5.35,0.0,0.0,0,0.0,0.0,0.0,0.0,0.0,6.0,5.35,7.1346105957273185,sim_input.json
119,4,23,<bidder.IntegralGreedyBidder object at 0x0000028086CB7F60>,5,True,44,7.743568360056109,3.0,3.0,1,0.75,5.35,0.0,0.0,0,0.005476546096066851,0.0,0.0,0.005476546096066851,0.04240800907189207,6.0,5.35,7.1346105957273185,sim_input.json
119,4,23,<bidder.IntegralGreedyBidder object at 0x0000028086CB7F60>,5,True,45,0.9841760450907646,1.0,1.0,1,1,5.35,0.0,0.0,0,0.07796610169491527,0.0,0.0,0.07796610169491527,0.07673236961724607,6.0,5.35,7.1346105957273185,sim_input.json
119,4,23,<bidder.IntegralGreedyBidder object at 0x0000028086CB7F60>,5,True,46,4.770230357836953,1.0,1.0,1,1,5.35,0.0,0.0,0,0.07796610169491527,0.0,0.0,0.07796610169491527,0.37191626518728793,6.0,5.35,7.1346105957273185,sim_input.json
119,4,23,<bidder.IntegralGreedyBidder object at 0x0000028086CB7F60>,5,True,47,5.047120917808993,4.0,4.0,0.75,0.6,5.35,0.0,0.0,0,0.0021657250470809722,0.0,0.0,0.0021657250470809722,0.01093067618734524,6.0,5.35,7.1346105957273185,sim_input.json
119,4,23,<bidder.IntegralGreedyBidder object at 0x0000028086CB7F60>,5,True,48,1.5363609150047288,2.0,2.0,1,1,5.35,0.0,0.0,0,0.03898305084745764,0.0,0.0,0.03898305084745764,0.05989203566967589,6.0,5.35,7.1346105957273185,sim_input.json
119,4,23,<bidder.IntegralGreedyBidder object at 0x0000028086CB7F60>,5,True,49,5.0875585100423,3.0,3.0,1,0.75,5.35,0.0,0.0,0,0.0040327293980128584,0.0,0.0,0.0040327293980128584,0.020516746767558082,6.0,5.35,7.1346105957273185,sim_input.json
119,4,23,<bidder.IntegralGreedyBidder object at 0x0000028086CB7F60>,5,True,50,6.085866586225041,1.0,1.0,1,1,5.35,0.0,0.0,0,0.08075060532687653,0.0,0.0,0.08075060532687653,0.49143741077628367,6.0,5.35,7.1346105957273185,sim_input.json
119,4,23,<bidder.IntegralGreedyBidder object at 0x0000028086CB7F60>,5,True,51,6.513593637920466,4.0,4.0,0.75,0.6,5.35,0.0,0.0,0,0.0030245470485096393,0.0,0.0,0.0030245470485096393,0.01970067041276351,6.0,5.35,7.1346105957273185,sim_input.json
119,4,VB,VB,VB,VB,0,1,VB,VB,VB,VB,VB,VB,VB,VB,VB,0.0,0.03571428571428559,0.007627118644067732,0.007627118644067732,VB,VB,3.0099098117070047,sim_input.json
119,4,VB,VB,VB,VB,1,1,VB,VB,VB,VB,VB,VB,VB,VB,VB,2.0,2.103448275862069,0.16043249561659811,0.16043249561659811,VB,VB,3.0099098117070047,sim_input.json
119,4,VB,VB,VB,VB,2,1,VB,VB,VB,VB,VB,VB,VB,VB,VB,0.0,0.0813492063492065,-4.440892098500626e-16,-4.440892098500626e-16,VB,VB,3.0099098117070047,sim_input.json
119,4,VB,VB,VB,VB,3,1,VB,VB,VB,VB,VB,VB,VB,VB,VB,0.0,0.0,0.0,0.0,VB,VB,3.0099098117070047,sim_input.json
119,4,VB,VB,VB,VB,4,1,VB,VB,VB,VB,VB,VB,VB,VB,VB,0.0,0.0,0.0,0.0,VB,VB,3.0099098117070047,sim_input.json
119,4,VB,VB,VB,VB,5,1,VB,VB,VB,VB,VB,VB,VB,VB,VB,0.0,0.07142857142857117,0.007021791767554575,0.007021791767554575,VB,VB,3.0099098117070047,sim_input.json
119,4,VB,VB,VB,VB,6,1,VB,VB,VB,VB,VB,VB,VB,VB,VB,2.0,2.037037037037037,0.3728813559322033,0.3728813559322033,VB,VB,3.0099098117070047,sim_input.json
119,4,VB,VB,VB,VB,7,1,VB,VB,VB,VB,VB,VB,VB,VB,VB,0.0,0.0,0.0,0.0,VB,VB,3.0099098117070047,sim_input.json
119,4,VB,VB,VB,VB,8,1,VB,VB,VB,VB,VB,VB,VB,VB,VB,1.0,1.0,0.2288135593220333,0.2288135593220333,VB,VB,3.0099098117070047,sim_input.json
119,4,VB,VB,VB,VB,9,1,VB,VB,VB,VB,VB,VB,VB,VB,VB,0.0,0.053571428571428825,0.015254237288135908,0.015254237288135908,VB,VB,3.0099098117070047,sim_input.json
119,4,VB,VB,VB,VB,10,1,VB,VB,VB,VB,VB,VB,VB,VB,VB,0.0,0.07142857142857117,0.016222760290557137,0.016222760290557137,VB,VB,3.0099098117070047,sim_input.json
119,4,VB,VB,VB,VB,11,1,VB,VB,VB,VB,VB,VB,VB,VB,VB,1.0,1.0714285714285714,0.3014527845036321,0.3014527845036321,VB,VB,3.0099098117070047,sim_input.json
119,4,VB,VB,VB,VB,12,1,VB,VB,VB,VB,VB,VB,VB,VB,VB,0.0,0.07142857142857117,0.01271186440677985,0.01271186440677985,VB,VB,3.0099098117070047,sim_input.json
119,4,VB,VB,VB,VB,13,1,VB,VB,VB,VB,VB,VB,VB,VB,VB,0.0,0.0370370370370372,0.005649717514124131,0.005649717514124131,VB,VB,3.0099098117070047,sim_input.json
119,4,VB,VB,VB,VB,14,1,VB,VB,VB,VB,VB,VB,VB,VB,VB,0.0,0.0370370370370372,0.005649717514125019,0.005649717514125019,VB,VB,3.0099098117070047,sim_input.json
119,4,VB,VB,VB,VB,15,1,VB,VB,VB,VB,VB,VB,VB,VB,VB,0.0,0.07142857142857117,0.011501210653753535,0.011501210653753535,VB,VB,3.0099098117070047,sim_input.json
119,4,VB,VB,VB,VB,16,1,VB,VB,VB,VB,VB,VB,VB,VB,VB,0.0,0.0,0.0,0.0,VB,VB,3.0099098117070047,sim_input.json
119,4,VB,VB,VB,VB,17,1,VB,VB,VB,VB,VB,VB,VB,VB,VB,0.0,0.18671319102353579,0.06582431141168676,0.06582431141168676,VB,VB,3.0099098117070047,sim_input.json
119,4,VB,VB,VB,VB,18,1,VB,VB,VB,VB,VB,VB,VB,VB,VB,0.0,0.12315270935960587,0.026300409117474555,0.026300409117474555,VB,VB,3.0099098117070047,sim_input.json
119,4,VB,VB,VB,VB,19,1,VB,VB,VB,VB,VB,VB,VB,VB,VB,1.0,1.0,0.16101694915254194,0.16101694915254194,VB,VB,3.0099098117070047,sim_input.json
119,4,VB,VB,VB,VB,20,1,VB,VB,VB,VB,VB,VB,VB,VB,VB,2.0,2.0,0.04406779661016946,0.04406779661016946,VB,VB,3.0099098117070047,sim_input.json
119,4,VB,VB,VB,VB,21,1,VB,VB,VB,VB,VB,VB,VB,VB,VB,2.0,2.0,0.42372881355932224,0.42372881355932224,VB,VB,3.0099098117070047,sim_input.json
119,4,VB,VB,VB,VB,22,1,VB,VB,VB,VB,VB,VB,VB,VB,VB,0.0,0.17487684729064057,0.007410035902144951,0.007410035902144951,VB,VB,3.0099098117070047,sim_input.json
119,4,VB,VB,VB,VB,23,1,VB,VB,VB,VB,VB,VB,VB,VB,VB,0.0,0.07142857142857117,0.008474576271187306,0.008474576271187306,VB,VB,3.0099098117070047,sim_input.json
119,4,VB,VB,VB,VB,24,1,VB,VB,VB,VB,VB,VB,VB,VB,VB,0.0,0.02777777777777768,0.006732580037664526,0.006732580037664526,VB,VB,3.0099098117070047,sim_input.json
119,4,VB,VB,VB,VB,25,1,VB,VB,VB,VB,VB,VB,VB,VB,VB,1.0,1.0370370370370372,0.02284996861267974,0.02284996861267974,VB,VB,3.0099098117070047,sim_input.json
119,4,VB,VB,VB,VB,26,1,VB,VB,VB,VB,VB,VB,VB,VB,VB,2.0,2.0,0.08474576271186463,0.08474576271186463,VB,VB,3.0099098117070047,sim_input.json
119,4,VB,VB,VB,VB,27,1,VB,VB,VB,VB,VB,VB,VB,VB,VB,3.0,3.0,-4.440892098500626e-16,-4.440892098500626e-16,VB,VB,3.0099098117070047,sim_input.json
119,4,VB,VB,VB,VB,28,1,VB,VB,VB,VB,VB,VB,VB,VB,VB,0.0,0.0813492063492065,4.440892098500626e-16,4.440892098500626e-16,VB,VB,3.0099098117070047,sim_input.json
119,4,VB,VB,VB,VB,29,1,VB,VB,VB,VB,VB,VB,VB,VB,VB,0.0,0.0370370370370372,0.0028248587570627315,0.0028248587570627315,VB,VB,3.0099098117070047,sim_input.json
119,4,VB,VB,VB,VB,30,1,VB,VB,VB,VB,VB,VB,VB,VB,VB,0.0,0.02777777777777768,-4.440892098500626e-16,-4.440892098500626e-16,VB,VB,3.0099098117070047,sim_input.json
119,4,VB,VB,VB,VB,31,1,VB,VB,VB,VB,VB,VB,VB,VB,VB,0.0,0.0,0.0,0.0,VB,VB,3.0099098117070047,sim_input.json
119,4,VB,VB,VB,VB,32,1,VB,VB,VB,VB,VB,VB,VB,VB,VB,0.0,0.05555555555555536,0.008474576271186862,0.008474576271186862,VB,VB,3.0099098117070047,sim_input.json
119,4,VB,VB,VB,VB,33,1,VB,VB,VB,VB,VB,VB,VB,VB,VB,1.0,1.0,0.19491525423728806,0.19491525423728806,VB,VB,3.0099098117070047,sim_input.json
119,4,VB,VB,VB,VB,34,1,VB,VB,VB,VB,VB,VB,VB,VB,VB,0.0,0.0,0.0,0.0,VB,VB,3.0099098117070047,sim_input.json
119,4,VB,VB,VB,VB,35,1,VB,VB,VB,VB,VB,VB,VB,VB,VB,0.0,0.0813492063492065,0.006894000538067768,0.006894000538067768,VB,VB,3.0099098117070047,sim_input.json
119,4,VB,VB,VB,VB,36,1,VB,VB,VB,VB,VB,VB,VB,VB,VB,0.0,0.11111111111111116,0.008474576271186862,0.008474576271186862,VB,VB,3.0099098117070047,sim_input.json
119,4,VB,VB,VB,VB,37,1,VB,VB,VB,VB,VB,VB,VB,VB,VB,0.0,0.0702426564495533,0.007500487044613369,0.007500487044613369,VB,VB,3.0099098117070047,sim_input.json
119,4,VB,VB,VB,VB,38,1,VB,VB,VB,VB,VB,VB,VB,VB,VB,0.0,0.0370370370370372,0.00878844946641566,0.00878844946641566,VB,VB,3.0099098117070047,sim_input.json
119,4,VB,VB,VB,VB,39,1,VB,VB,VB,VB,VB,VB,VB,VB,VB,0.0,0.0,0.0,0.0,VB,VB,3.0099098117070047,sim_input.json
119,4,VB,VB,VB,VB,40,1,VB,VB,VB,VB,VB,VB,VB,VB,VB,0.0,0.10912698412698418,4.440892098500626e-16,4.440892098500626e-16,VB,VB,3.0099098117070047,sim_input.json
119,4,VB,VB,VB,VB,41,1,VB,VB,VB,VB,VB,VB,VB,VB,VB,2.0,2.0,0.17966101694915215,0.17966101694915215,VB,VB,3.0099098117070047,sim_input.json
119,4,VB,VB,VB,VB,42,1,VB,VB,VB,VB,VB,VB,VB,VB,VB,0.0,0.0775862068965516,0.0017095265926361236,0.0017095265926361236,VB,VB,3.0099098117070047,sim_input.json
119,4,VB,VB,VB,VB,43,1,VB,VB,VB,VB,VB,VB,VB,VB,VB,0.0,0.0,0.0,0.0,VB,VB,3.0099098117070047,sim_input.json
119,4,VB,VB,VB,VB,44,1,VB,VB,VB,VB,VB,VB,VB,VB,VB,0.0,0.14048531289910615,0.004762213996579501,0.004762213996579501,VB,VB,3.0099098117070047,sim_input.json
119,4,VB,VB,VB,VB,45,1,VB,VB,VB,VB,VB,VB,VB,VB,VB,2.0,2.0,0.1186440677966103,0.1186440677966103,VB,VB,3.0099098117070047,sim_input.json
119,4,VB,VB,VB,VB,46,1,VB,VB,VB,VB,VB,VB,VB,VB,VB,2.0,2.0,0.21355932203389782,0.21355932203389782,VB,VB,3.0099098117070047,sim_input.json
119,4,VB,VB,VB,VB,47,1,VB,VB,VB,VB,VB,VB,VB,VB,VB,0.0,0.05555555555555536,0.013088512241055117,0.013088512241055117,VB,VB,3.0099098117070047,sim_input.json
119,4,VB,VB,VB,VB,48,1,VB,VB,VB,VB,VB,VB,VB,VB,VB,1.0,1.0,0.2288135593220333,0.2288135593220333,VB,VB,3.0099098117070047,sim_input.json
119,4,VB,VB,VB,VB,49,1,VB,VB,VB,VB,VB,VB,VB,VB,VB,0.0,0.10344827586206895,0.015429573348918701,0.015429573348918701,VB,VB,3.0099098117070047,sim_input.json
119,4,VB,VB,VB,VB,50,1,VB,VB,VB,VB,VB,VB,VB,VB,VB,2.0,2.071428571428571,0.0,0.0,VB,VB,3.0099098117070047,sim_input.json
119,4,VB,VB,VB,VB,51,1,VB,VB,VB,VB,VB,VB,VB,VB,VB,0.0,0.0775862068965516,0.0,0.0,VB,VB,3.0099098117070047,sim_input.json
